Epoch	AverageEpRet	StdEpRet	MaxEpRet	MinEpRet	AverageTestEpRet	StdTestEpRet	MaxTestEpRet	MinTestEpRet	EpLen	TestEpLen	TotalEnvInteracts	AverageQVals	StdQVals	MaxQVals	MinQVals	LossPi	LossQ	Time
1	138.59966	6.8391232	145.56538	130.2235	129.62277	34.696995	150.58795	26.166359	1000.0	1000.0	3999	2.4215596	1.250796	15.649873	-0.997708	-2.6076705	0.016180707	54.19981789588928
2	136.21103	6.3570986	144.33804	126.58536	217.4751	94.65191	289.92413	25.729206	1000.0	1000.0	7999	12.585449	6.062217	37.21167	1.7679601	-13.58506	0.10917218	122.20520091056824
3	194.3135	67.31156	265.21765	114.03564	127.73026	116.98476	288.7935	25.283812	1000.0	1000.0	11999	30.777664	6.839448	50.49254	1.5411756	-31.721306	0.28051126	196.40636038780212
4	201.2464	100.75942	264.92853	26.827892	192.29579	110.56549	267.403	20.972006	1000.0	1000.0	15999	36.693764	4.496908	60.696777	14.431278	-37.043434	0.28350103	267.05218029022217
5	144.95966	118.09501	265.5293	21.077978	119.20664	119.67649	266.64438	21.215588	1000.0	1000.0	19999	34.190834	4.194611	58.923203	22.879972	-34.13416	0.20358972	339.92633533477783
6	83.62729	103.89635	263.5426	21.814674	178.65163	140.20792	359.1465	21.461462	1000.0	1000.0	23999	29.763004	2.3826098	50.540836	20.944056	-29.853275	0.08801561	411.2633628845215
7	21.907568	0.8199519	23.212864	20.975782	141.30815	120.257385	265.35413	20.780737	1000.0	1000.0	27999	28.07581	4.1788044	43.089413	18.533413	-28.18126	0.064831324	479.0506200790405
8	202.11069	102.6808	267.61548	24.387928	155.70102	115.53754	270.53818	20.910866	1000.0	1000.0	31999	26.252193	5.7392116	42.266773	14.970652	-26.315046	0.040259182	548.8311870098114
9	145.44972	119.95847	265.7985	23.51418	119.445694	88.7561	261.9036	21.547386	1000.0	1000.0	35999	24.61372	6.4978075	40.508915	13.623387	-24.655226	0.033154234	616.3120226860046
10	223.85843	120.69778	341.2818	21.647884	131.0509	113.781265	265.94217	21.169611	1000.0	1000.0	39999	23.591948	6.8359094	39.622005	12.445137	-23.67006	0.034839142	689.7735507488251
11	51.50297	52.027264	141.61665	21.294453	156.32925	115.50654	273.81244	21.336554	1000.0	1000.0	43999	22.818785	8.047055	41.87992	10.26775	-22.910614	0.029592415	758.858546257019
12	146.10243	121.11281	268.0448	22.532326	186.80795	111.08208	338.97162	20.71205	1000.0	1000.0	47999	22.422682	9.021968	42.50029	9.575741	-22.496727	0.027697025	832.9664108753204
13	137.41913	115.17804	256.52515	21.69904	138.99553	83.14983	342.1142	21.23932	1000.0	1000.0	51999	21.58635	9.900576	41.95493	8.131497	-21.631617	0.026482888	910.5007679462433
14	151.2649	85.247856	261.32632	23.20246	216.40955	133.59764	390.62506	21.407543	1000.0	1000.0	55999	20.891504	10.428273	41.509693	6.8332863	-20.948511	0.027261572	982.851226568222
15	206.09818	106.27474	268.70377	22.03229	198.82857	117.63972	344.46753	21.238132	1000.0	1000.0	59999	20.76454	11.103147	42.43397	5.667264	-20.816677	0.030597985	1052.321747303009
16	141.47534	119.82127	264.7618	21.6434	191.35992	120.98298	339.98526	21.333168	1000.0	1000.0	63999	20.154913	11.662846	41.541042	4.266672	-20.203293	0.033074047	1121.3623168468475
17	179.6711	88.297714	263.5411	56.439785	181.93353	113.061676	367.6115	24.062443	1000.0	1000.0	67999	19.781158	12.052999	42.086697	2.8464801	-19.836952	0.032586314	1196.9335672855377
18	105.59357	146.69856	359.6828	20.66049	211.66006	106.43945	351.32156	22.938137	1000.0	1000.0	71999	19.333094	12.25484	44.039936	3.4316273	-19.36857	0.02648869	1272.0791015625
19	192.4915	122.214745	339.4632	24.040802	196.06815	139.07268	368.96698	21.30075	1000.0	1000.0	75999	18.737225	12.357155	42.3157	1.6042213	-18.779402	0.02965415	1351.4751975536346
20	168.43658	146.55983	357.40475	22.286776	200.88852	114.30197	358.50412	47.78852	1000.0	1000.0	79999	18.561306	12.459826	42.14748	2.4080617	-18.599464	0.031662326	1425.1189107894897
21	144.10396	109.87681	255.3466	29.207205	228.16377	115.446205	358.0106	37.288937	1000.0	1000.0	83999	18.35902	12.1066065	40.6877	2.7607331	-18.39175	0.02666906	1500.5968284606934
22	213.2623	117.26073	340.4579	21.589336	204.44145	119.52827	365.72803	21.127037	1000.0	1000.0	87999	18.165457	12.030711	41.56941	2.5278456	-18.195127	0.028808454	1582.709088563919
23	290.806	41.10749	361.99927	266.19116	133.20021	111.302795	267.65298	21.318829	1000.0	1000.0	91999	18.274761	12.236932	43.42306	2.6646953	-18.30248	0.028922603	1662.1940596103668
24	181.2271	140.50897	368.6423	38.359318	281.30814	38.5624	358.90448	248.40213	1000.0	1000.0	95999	18.40991	12.260505	41.258305	2.0281522	-18.440044	0.035083406	1738.6297585964203
25	153.87332	109.58507	264.7814	41.102737	192.88243	112.35001	360.0975	35.448814	1000.0	1000.0	99999	18.157873	12.167764	42.707603	1.7934337	-18.194538	0.03265527	1813.843556880951
26	173.8712	139.7421	356.26233	22.444492	197.0331	118.09566	357.8423	22.41418	1000.0	1000.0	103999	18.217386	12.169602	43.51537	1.3590806	-18.245964	0.033006493	1893.337107181549
27	179.58972	137.04944	358.06076	40.438477	174.68246	132.19559	368.17493	37.790607	1000.0	1000.0	107999	18.073298	12.284264	43.113956	2.013773	-18.105804	0.033338234	1970.756856918335
28	209.66858	92.42597	265.32672	49.600727	191.93304	106.22067	357.31696	37.521145	1000.0	1000.0	111999	18.125774	12.319206	42.194706	1.860194	-18.15483	0.029061347	2049.2702803611755
29	225.88663	111.309494	338.9868	41.015358	214.9574	115.254814	358.76227	38.008858	1000.0	1000.0	115999	18.12156	12.308683	42.287388	1.9704514	-18.15364	0.03004718	2132.5831553936005
30	210.22351	92.19687	267.4413	50.6482	196.62683	90.31422	267.76944	43.501083	1000.0	1000.0	119999	18.377573	12.330167	45.051666	2.119607	-18.408672	0.027890686	2211.939447402954
31	307.138	42.42019	356.55606	263.9116	120.09828	98.21428	266.03436	39.003857	1000.0	1000.0	123999	18.621214	12.283576	43.80329	1.9804544	-18.64866	0.024933288	2294.44877243042
32	196.30447	102.82922	339.65433	54.01986	215.74466	125.916	359.8172	36.816307	1000.0	1000.0	127999	18.87243	12.238666	44.63826	1.8427272	-18.89955	0.024548005	2380.7532243728638
33	177.87906	136.2007	357.11148	36.018604	132.39731	131.44925	363.47205	36.16002	1000.0	1000.0	131999	18.823687	12.184277	43.866467	1.8224623	-18.845081	0.026720999	2465.5238444805145
34	279.33075	135.12083	357.86227	45.296635	255.12662	125.57793	368.88776	35.626904	1000.0	1000.0	135999	18.8852	12.254484	45.19126	1.5902116	-18.908667	0.029224085	2546.568564891815
35	227.15588	133.38696	357.40353	53.842392	259.66962	91.63327	357.97287	56.230293	1000.0	1000.0	139999	18.98141	12.310915	48.014576	1.8557539	-18.999447	0.027815072	2625.8593208789825
36	237.00511	119.21527	374.41815	45.923996	248.04794	108.25033	358.07962	34.853558	1000.0	1000.0	143999	18.99736	12.324171	44.880318	1.6760197	-19.019667	0.02823077	2706.777740240097
37	285.98685	42.01196	358.5473	257.51834	177.34476	128.16762	357.7023	21.03938	1000.0	1000.0	147999	19.136492	12.38935	45.493416	1.230993	-19.157356	0.03598864	2786.6133296489716
38	86.548546	98.677505	256.9275	21.388096	195.41977	134.7039	364.06204	22.48215	1000.0	1000.0	151999	19.130268	12.386871	49.400406	1.4914647	-19.153067	0.035912354	2864.3917829990387
39	177.77077	132.55534	358.9546	36.439705	203.23825	119.752655	357.51044	21.990582	1000.0	1000.0	155999	18.913036	12.453524	51.43729	1.4136223	-18.937735	0.046728086	2938.5125122070312
40	218.86789	144.68405	358.0695	21.131783	206.62273	110.96899	359.23624	21.72094	1000.0	1000.0	159999	18.989225	12.458342	56.250618	0.904724	-19.004333	0.057764564	3012.85720539093
41	253.90497	131.38905	357.43274	35.45304	171.09882	105.07987	260.42795	36.232456	1000.0	1000.0	163999	18.985193	12.457113	51.660763	-1.583796	-19.006996	0.05584403	3090.814954519272
42	225.63864	115.89215	357.50275	39.403793	195.68599	125.5523	370.6753	38.95755	1000.0	1000.0	167999	19.06434	12.471988	52.427414	1.7819676	-19.083399	0.049512565	3170.989894628525
43	206.58957	92.87284	262.03857	45.760956	247.59717	111.90591	358.12805	36.03434	1000.0	1000.0	171999	19.24482	12.405315	55.30664	1.7705148	-19.268383	0.043671135	3250.002074956894
44	286.97842	40.97544	357.61044	256.9126	183.27594	142.01482	367.52682	34.221657	1000.0	1000.0	175999	19.290487	12.410014	46.744686	0.62603986	-19.30892	0.04043074	3331.1640014648438
45	308.8164	55.163383	368.9631	244.55344	151.38399	131.06389	359.23904	39.60816	1000.0	1000.0	179999	19.541092	12.398183	53.612343	1.6967916	-19.55909	0.048671655	3408.7986030578613
46	234.36891	111.93171	361.74997	54.29205	160.60182	123.26959	357.5856	36.17966	1000.0	1000.0	183999	19.723661	12.423403	50.02459	1.8339554	-19.747734	0.04704116	3492.6279957294464
47	135.35301	94.35331	260.99844	36.89583	175.22557	110.66291	267.94952	36.18205	1000.0	1000.0	187999	20.029469	12.775474	47.13422	1.791036	-20.081207	0.040906105	3576.8995192050934
48	291.6468	37.35682	356.05194	267.1679	163.40053	120.836235	365.6385	36.160576	1000.0	1000.0	191999	20.331205	13.19781	54.333477	2.1579547	-20.355745	0.04136276	3659.9625992774963
49	53.541466	9.453792	65.25654	38.86856	181.48544	118.21103	358.30792	38.450874	1000.0	1000.0	195999	20.229624	13.112649	51.22286	0.37052107	-20.250788	0.046302956	3744.358412027359
50	307.47174	49.7545	357.34372	252.95946	204.33511	110.30394	356.80795	33.02133	1000.0	1000.0	199999	20.05329	13.010469	55.906757	1.4831762	-20.070051	0.049988594	3828.1302573680878
51	311.4338	45.34647	357.98856	264.99222	161.08524	123.242805	356.61157	37.61757	1000.0	1000.0	203999	20.209427	12.914013	55.889267	1.8706503	-20.22866	0.05109932	3904.513661146164
52	250.62816	120.50793	347.60873	49.745678	188.49994	111.772255	339.46832	40.076622	1000.0	1000.0	207999	20.363235	12.815886	51.79376	1.9670085	-20.38222	0.043037936	3985.900347471237
53	228.35522	117.146614	357.16727	37.61823	246.59033	103.516884	358.9831	56.02792	1000.0	1000.0	211999	20.243406	12.73447	52.155945	1.7080858	-20.26027	0.04034288	4069.891679286957
54	311.01044	50.030605	364.71655	257.29047	238.56743	102.14463	355.85254	46.413883	1000.0	1000.0	215999	20.368288	12.653821	53.436584	1.0232289	-20.388676	0.049104124	4157.123477458954
55	202.49812	86.62606	268.73572	54.683426	140.00368	116.88336	339.58395	40.532623	1000.0	1000.0	219999	20.531513	12.572553	54.361324	1.6597906	-20.550625	0.046691306	4242.037889480591
56	154.26541	107.486374	266.58313	37.754402	204.22928	135.50064	366.37817	36.022297	1000.0	1000.0	223999	20.532276	12.480519	54.21006	2.4115152	-20.55257	0.044531655	4329.100211143494
57	158.77797	104.60693	265.53345	54.17545	158.8676	141.20158	358.2762	38.906284	1000.0	1000.0	227999	20.372644	12.485375	55.084385	-0.10048628	-20.39098	0.05435239	4406.453757047653
58	208.84872	89.65321	266.9928	53.740105	194.90163	99.37564	266.15936	36.179596	1000.0	1000.0	231999	20.279446	12.465516	65.297	1.8092374	-20.299387	0.050968368	4485.785868167877
59	250.797	127.62525	358.804	37.837753	182.48425	108.5741	364.90573	38.99371	1000.0	1000.0	235999	20.466019	12.380303	59.292267	2.3932383	-20.488855	0.045381285	4562.05751824379
60	256.8059	75.57141	356.18634	143.36514	172.15302	106.99085	262.71588	36.317413	1000.0	1000.0	239999	20.490139	12.353141	53.255802	1.3491938	-20.510567	0.04377299	4639.246266841888
61	211.34914	93.781715	267.71252	48.93573	226.03645	127.44237	369.81284	35.0256	1000.0	1000.0	243999	20.65496	12.280648	53.24364	1.1292378	-20.672237	0.041570306	4714.245550870895
62	160.14584	105.75758	267.42102	52.82906	234.13107	100.50446	357.20792	53.930077	1000.0	1000.0	247999	20.472963	12.267667	50.12456	0.12339902	-20.487453	0.03497118	4794.9520490169525
63	284.64465	43.512978	359.72318	256.16537	106.880264	96.68161	263.64563	37.49861	1000.0	1000.0	251999	20.490038	12.260728	56.072346	0.9302547	-20.505661	0.039648544	4875.37908244133
64	181.51749	132.88686	357.99634	52.02909	228.00005	66.118225	265.929	39.371056	1000.0	1000.0	255999	20.481401	12.2510605	50.975243	1.6934783	-20.49622	0.037381534	4959.498249530792
65	234.05823	111.45402	358.91968	53.703987	224.71762	94.04646	341.47452	43.00142	1000.0	1000.0	259999	20.371122	12.170023	48.35962	0.71446776	-20.38188	0.036887687	5036.571648359299
66	181.59254	133.49608	356.88785	49.932613	152.5372	109.124725	265.8584	39.158264	1000.0	1000.0	263999	20.33474	12.030554	50.87665	2.3077054	-20.346273	0.037628047	5115.614278793335
67	182.75197	132.02136	357.0697	53.782536	225.35852	128.62363	365.34787	36.805656	1000.0	1000.0	267999	20.179033	12.039314	47.71763	2.4594476	-20.195208	0.034901287	5194.448219537735
68	95.59743	95.05364	260.1921	38.763306	245.61389	109.002945	358.17453	35.368164	1000.0	1000.0	271999	20.124828	12.166972	51.727203	1.3497133	-20.141891	0.036816973	5270.851767301559
69	283.43008	44.314293	359.253	247.05634	234.42545	108.82316	356.3608	23.835262	1000.0	1000.0	275999	20.170246	12.135813	57.06832	0.10051465	-20.184357	0.044944238	5347.259675741196
70	210.55281	89.43721	264.26883	55.662903	174.01396	127.92846	365.65762	21.775667	1000.0	1000.0	279999	20.287012	12.104223	55.08647	1.496818	-20.304855	0.044428624	5425.532220125198
71	178.36885	136.98825	358.56082	35.06736	179.52956	143.73691	358.08212	32.40994	1000.0	1000.0	283999	20.262377	12.137599	56.44037	1.5576828	-20.277779	0.044652253	5501.319846868515
72	260.02045	122.97745	360.3022	57.464657	219.99423	111.041214	361.50604	54.511963	1000.0	1000.0	287999	20.329004	12.131021	55.816658	1.8748187	-20.34316	0.040249974	5579.130668640137
73	282.18436	32.605316	338.53302	260.003	151.63164	112.49463	266.06458	35.62354	1000.0	1000.0	291999	20.353073	12.109045	58.801174	1.3254442	-20.370844	0.051214565	5659.203731298447
74	211.40219	89.784386	265.4644	55.9091	152.50882	132.72662	360.5776	38.161972	1000.0	1000.0	295999	20.505215	12.052761	52.29334	2.139212	-20.524414	0.037304383	5737.579965829849
75	207.03534	98.59862	265.7315	36.291916	204.10387	112.22911	359.1549	37.75721	1000.0	1000.0	299999	20.528444	12.073934	56.19816	2.2506437	-20.545141	0.03892437	5814.338733673096
76	129.58011	104.92696	247.58014	23.302864	173.44351	145.05145	368.8223	22.210321	1000.0	1000.0	303999	20.493385	12.041071	57.26343	2.7559936	-20.504105	0.04253804	5893.904540777206
77	100.67856	95.59278	265.397	30.233662	235.49646	106.337975	357.34198	35.450577	1000.0	1000.0	307999	20.287745	12.045534	56.845627	2.6438007	-20.300997	0.04022273	5978.537661075592
78	176.55045	136.13583	356.27692	38.961056	166.77637	136.06505	356.91724	33.62614	1000.0	1000.0	311999	20.158625	11.996425	70.44475	2.0116868	-20.172735	0.04825143	6063.038326025009
79	237.6958	109.04963	359.72345	61.09859	200.36617	138.8198	358.14334	22.45754	1000.0	1000.0	315999	20.224718	11.988621	54.490356	2.2231617	-20.239962	0.036820266	6146.766454935074
80	224.0734	120.76799	357.03046	27.70694	257.85098	86.61724	356.73242	22.655355	1000.0	1000.0	319999	20.27947	12.018621	59.749996	2.238594	-20.294287	0.045404285	6226.166161298752
81	117.988945	129.02315	340.93555	31.561325	175.4788	130.67084	358.308	30.968416	1000.0	1000.0	323999	20.232523	12.078959	56.116653	1.867594	-20.246891	0.038175628	6307.923876285553
82	94.85126	99.1248	266.4744	34.84588	270.4184	90.297615	367.83426	35.362717	1000.0	1000.0	327999	20.066027	12.100802	54.63097	0.3919711	-20.076883	0.043207433	6386.344016551971
83	176.64961	142.03993	363.26703	21.442629	236.08224	103.928566	361.43344	32.737083	1000.0	1000.0	331999	19.998732	12.167693	58.959507	2.3336291	-20.014477	0.046570472	6475.177139759064
84	259.91876	129.58307	370.53586	46.84933	134.24814	110.243996	266.0492	22.897038	1000.0	1000.0	335999	20.056988	12.166576	56.542767	1.7924858	-20.070368	0.04725649	6563.097531795502
85	286.9015	40.23004	356.5015	260.54678	194.41605	109.640144	361.83804	32.597744	1000.0	1000.0	339999	20.12971	12.158286	58.988564	2.8233855	-20.144585	0.041331615	6649.288064002991
86	279.61426	35.134666	340.23972	255.32655	159.44798	125.92163	361.97003	32.299145	1000.0	1000.0	343999	20.185966	12.15876	63.182117	2.4384413	-20.19927	0.04204499	6733.772992372513
87	282.1038	35.16051	342.79553	257.1575	214.7852	128.27516	364.46506	38.22692	1000.0	1000.0	347999	20.267996	12.142764	54.796494	2.1740565	-20.28027	0.044600826	6819.801174879074
88	120.143974	137.55452	358.25967	34.155006	180.42966	143.39352	358.80963	33.20579	1000.0	1000.0	351999	20.208067	12.060303	52.203934	1.7697428	-20.218363	0.04267482	6903.272956371307
89	258.94638	123.44041	358.99088	56.276073	128.8121	109.927826	265.07263	32.566864	1000.0	1000.0	355999	20.142708	12.034148	69.11414	2.3926482	-20.156958	0.048731625	6987.435724020004
90	288.40018	39.816982	357.34415	263.9343	241.94092	140.65596	359.7268	30.257353	1000.0	1000.0	359999	20.301336	12.05102	49.550545	2.830086	-20.319231	0.038991287	7071.00700712204
91	99.41245	96.19942	265.8408	37.938427	203.82675	135.2927	359.75006	34.575825	1000.0	1000.0	363999	20.379845	12.117266	54.380444	2.3683848	-20.397175	0.03949401	7154.596056699753
92	208.42175	100.687355	267.18945	34.02856	268.3993	90.612206	367.0909	30.922285	1000.0	1000.0	367999	20.38952	12.107984	51.906887	2.0745971	-20.405813	0.04314467	7241.451017618179
93	230.15924	115.06143	348.8089	39.64823	169.1838	141.40933	338.96997	28.170097	1000.0	1000.0	371999	20.377094	12.106084	55.554592	2.8184679	-20.391891	0.03862323	7328.939152002335
94	228.36978	107.68038	338.97794	49.94202	228.4499	126.91438	349.4142	33.077682	1000.0	1000.0	375999	20.502617	12.1324005	52.547012	2.3127375	-20.519133	0.039833825	7411.117648601532
95	152.0695	114.04271	267.6772	35.16067	144.58919	132.84058	346.86462	29.850046	1000.0	1000.0	379999	20.461515	12.111543	52.15566	2.199934	-20.475168	0.045255303	7500.871504306793
96	264.90747	4.020783	267.64792	257.96075	166.46141	129.35641	342.7349	33.336365	1000.0	1000.0	383999	20.442312	12.0817175	52.31575	-2.1191795	-20.456587	0.044581737	7587.556246519089
97	149.42905	116.457825	266.24667	29.886147	209.55981	116.7273	338.66412	33.411503	1000.0	1000.0	387999	20.42605	12.030965	52.191246	-6.504448	-20.441437	0.041559	7677.142814159393
98	225.59607	112.60445	341.07623	38.960907	239.68062	104.8326	367.75964	39.560955	1000.0	1000.0	391999	20.38688	11.998043	53.409492	-3.915887	-20.398449	0.044077355	7763.482269287109
99	101.7636	97.174164	269.6962	35.27763	211.47551	104.39306	356.45993	54.33366	1000.0	1000.0	395999	20.363474	12.021326	54.408237	-2.9255013	-20.377438	0.04466124	7853.805820226669
100	212.44746	91.73685	267.36737	53.59146	244.7364	102.84869	349.13687	47.976326	1000.0	1000.0	399999	20.320705	12.074543	53.045555	2.5685241	-20.337284	0.0463845	7939.502575159073
101	157.3034	104.24018	262.19067	51.734703	216.04202	118.85335	367.24918	25.683275	1000.0	1000.0	403999	20.336357	12.032605	61.377735	1.7924986	-20.346825	0.040983938	8020.65243434906
102	171.76608	138.50511	349.4448	22.077122	145.46628	153.20409	358.97644	20.712456	1000.0	1000.0	407999	20.310135	12.0100155	56.7663	2.6368413	-20.330044	0.0424377	8098.180570840836
103	211.8071	91.40391	266.32944	53.529667	269.98846	82.45844	366.41687	56.67828	1000.0	1000.0	411999	20.339798	12.02761	55.7295	0.9465363	-20.355278	0.039373454	8174.751725435257
104	234.7785	113.05707	357.40143	49.962074	224.21106	126.95262	361.88055	24.952019	1000.0	1000.0	415999	20.354143	12.039665	53.937183	1.7984712	-20.370625	0.040066306	8258.773999452591
105	143.867	119.67191	266.446	22.33235	182.49704	121.17494	357.72708	21.149834	1000.0	1000.0	419999	20.394226	12.106853	53.49745	2.8761263	-20.410198	0.046130344	8341.771792173386
106	200.2035	159.23114	359.34793	28.52481	257.61346	83.03562	359.39227	36.78515	1000.0	1000.0	423999	20.3375	12.182707	58.472492	2.581698	-20.353823	0.04356468	8420.086583852768
107	307.32123	41.789806	357.40527	265.2563	187.54407	125.7137	340.48026	32.657406	1000.0	1000.0	427999	20.43328	12.246863	56.288578	1.6944001	-20.450691	0.04593528	8509.602283000946
108	104.65114	93.38051	266.12354	42.146927	162.0562	116.354546	338.6694	38.90863	1000.0	1000.0	431999	20.560358	12.384328	52.08032	3.0900536	-20.585981	0.041741677	8598.429718494415
109	182.189	126.765	350.47592	55.116726	172.15956	110.553925	263.96432	35.084724	1000.0	1000.0	435999	20.488976	12.469732	51.48084	2.9576616	-20.501022	0.04407679	8688.154651880264
110	248.34361	121.78559	342.45172	43.811344	169.94376	125.89643	339.38297	38.037636	1000.0	1000.0	439999	20.509026	12.426891	52.496094	2.2360077	-20.521687	0.04158524	8774.27370929718
111	157.11488	104.8431	266.12402	50.825512	233.87216	101.0394	343.20087	31.005856	1000.0	1000.0	443999	20.430376	12.389134	50.36805	1.9697113	-20.444473	0.051622316	8854.759659528732
112	116.27392	129.93651	340.47287	23.26537	285.11664	92.39455	345.6039	31.802176	1000.0	1000.0	447999	20.33532	12.35623	51.522877	2.913351	-20.343569	0.045332614	8932.43076467514
113	87.234535	74.14964	214.67857	30.571325	182.3307	118.608055	365.94226	37.148285	1000.0	1000.0	451999	20.085573	12.324899	48.805782	1.2037411	-20.095015	0.042676162	9008.646047592163
114	47.686653	6.056617	55.317825	41.647293	158.1558	148.26173	366.09265	37.746666	1000.0	1000.0	455999	19.956804	12.331386	47.227238	1.7429552	-19.969955	0.041618656	9096.118673563004
115	282.27667	43.291542	357.24338	255.80823	181.54105	119.63154	356.36996	30.759714	1000.0	1000.0	459999	19.92936	12.371747	57.647415	2.914647	-19.94277	0.040362548	9181.328915834427
116	102.39701	92.58988	261.85843	33.179253	229.23967	127.89628	379.6784	41.164417	1000.0	1000.0	463999	19.937662	12.424003	52.14701	2.2111454	-19.949837	0.04121045	9263.803386449814
117	286.7741	41.2291	358.0933	260.50443	213.91995	121.0553	371.8625	37.946556	1000.0	1000.0	467999	19.90706	12.459782	50.660877	0.7609799	-19.919601	0.044886544	9344.149241685867
118	104.25319	94.055214	267.07538	44.98479	159.704	98.86535	273.62598	37.849102	1000.0	1000.0	471999	19.939686	12.4481	51.70232	2.7502272	-19.953794	0.041649625	9422.289096593857
119	182.57878	135.86478	365.971	48.677162	215.721	120.7169	360.2383	38.79301	1000.0	1000.0	475999	19.917892	12.453764	51.99633	2.5131025	-19.930847	0.041066766	9506.333342313766
120	209.49745	92.201866	267.26883	49.873066	223.1702	149.5831	363.2491	39.769722	1000.0	1000.0	479999	19.942152	12.422773	52.310463	2.0453703	-19.959244	0.038496472	9583.473286867142
121	284.472	42.993126	358.4949	254.90878	228.13931	97.33618	356.63113	41.53301	1000.0	1000.0	483999	20.043598	12.417275	54.788376	1.6623137	-20.058247	0.043060508	9662.80588388443
122	98.31088	95.72691	264.0211	37.871006	246.77637	108.64914	359.61713	46.759068	1000.0	1000.0	487999	20.042969	12.432882	55.102036	1.9238584	-20.058348	0.044695385	9746.80581665039
123	234.36237	114.746185	364.67123	49.540073	224.69768	149.14978	365.20996	41.257195	1000.0	1000.0	491999	20.009323	12.472899	50.104576	2.3582704	-20.024433	0.038945954	9831.245055675507
124	211.69962	92.34279	266.57993	51.775875	257.16495	82.24505	358.1222	40.306255	1000.0	1000.0	495999	20.06664	12.4454155	48.669655	2.0554242	-20.079878	0.040081903	9910.797307252884
125	181.23985	130.44289	356.80542	53.929184	195.24654	128.15173	368.76773	39.810318	1000.0	1000.0	499999	20.02695	12.434744	50.90817	1.9899578	-20.042786	0.03792957	9989.639290332794
126	283.8601	42.09681	356.22668	251.681	202.74567	136.789	359.28177	37.812145	1000.0	1000.0	503999	20.138546	12.4257765	55.0514	1.7928377	-20.153883	0.040816497	10069.071146965027
127	157.87636	103.19869	265.64484	53.297768	245.80612	74.47063	363.09238	47.34513	1000.0	1000.0	507999	20.084593	12.416232	51.87929	1.8067229	-20.095785	0.040509418	10148.523686408997
128	52.512096	2.6677103	54.940308	48.33093	176.7232	114.42712	358.03928	38.55263	1000.0	1000.0	511999	19.953022	12.40598	49.864815	2.6642876	-19.96609	0.041767873	10226.488995075226
129	287.15344	40.665638	357.47845	260.0422	211.02686	116.823875	357.03552	42.412926	1000.0	1000.0	515999	19.95461	12.412228	48.960876	0.072781324	-19.96806	0.040257994	10308.38293170929
130	230.12814	106.706894	340.10602	53.456207	232.04118	93.305244	361.58557	52.457584	1000.0	1000.0	519999	20.000885	12.404538	54.292862	2.708694	-20.0118	0.041064963	10400.784624576569
131	203.63782	85.727776	263.21848	55.619804	179.92488	142.17274	357.3915	39.23246	1000.0	1000.0	523999	19.970385	12.383191	54.955345	1.1527462	-19.98254	0.038108286	10487.57286643982
132	234.2091	111.40894	356.95004	52.95083	119.41201	116.26478	356.39438	38.61779	1000.0	1000.0	527999	20.00876	12.368062	62.04232	2.1523511	-20.02302	0.049516313	10572.782577753067
133	280.01154	34.8629	340.28992	257.15515	213.1753	142.27475	359.79483	41.59197	1000.0	1000.0	531999	20.07149	12.347354	63.51005	2.5926676	-20.085215	0.04758393	10659.915524721146
134	158.38104	102.71636	264.88364	54.41121	249.61678	108.63633	366.53098	44.367653	1000.0	1000.0	535999	20.060804	12.30427	52.11546	2.7072616	-20.071999	0.04211624	10742.58390212059
135	311.39703	44.29083	355.8593	265.9302	212.35942	143.43956	358.07703	36.669125	1000.0	1000.0	539999	20.084948	12.262367	50.92876	-0.020837307	-20.098743	0.046792824	10826.519572734833
136	54.481728	1.1938949	56.18793	52.85297	237.39053	105.51733	358.88522	39.270775	1000.0	1000.0	543999	20.120363	12.239818	51.035973	2.0007434	-20.136814	0.040064927	10914.095153331757
137	231.54774	106.16747	339.4122	55.183956	151.12946	105.229225	262.00693	37.91719	1000.0	1000.0	547999	20.122751	12.223558	47.640816	3.0954185	-20.13689	0.03888339	11000.690417051315
138	43.38438	5.5010505	52.033817	36.740715	236.02408	131.78052	366.2272	43.412506	1000.0	1000.0	551999	20.120808	12.244512	48.43791	2.8772721	-20.137579	0.03855578	11086.760574817657
139	260.8215	124.322815	363.77856	56.297302	278.2921	121.59966	367.68567	40.159035	1000.0	1000.0	555999	20.09176	12.2647295	51.41778	3.1600602	-20.105074	0.041056093	11174.274855852127
140	181.65015	132.60448	356.61868	53.04651	279.37204	91.63727	360.00864	39.016685	1000.0	1000.0	559999	20.084972	12.293607	48.63444	3.1547666	-20.097826	0.038631	11253.732782840729
141	47.495064	6.7960405	54.507046	39.160027	224.25656	124.75974	356.4656	39.7037	1000.0	1000.0	563999	20.034136	12.33678	55.180443	2.7082229	-20.046093	0.041490518	11343.12920832634
142	177.74048	125.90091	339.92648	53.913666	257.5468	114.32429	364.46704	41.425568	1000.0	1000.0	567999	19.9417	12.350688	56.458374	2.9069002	-19.95386	0.04316654	11427.39639377594
143	285.45624	41.02572	356.4758	259.9174	164.84283	120.39772	356.9027	39.97455	1000.0	1000.0	571999	19.94679	12.3345585	52.111935	2.9313228	-19.958683	0.04150152	11510.827937841415
144	261.0381	2.7253635	264.63235	257.85754	196.08157	99.27237	265.95474	41.1832	1000.0	1000.0	575999	19.975285	12.309498	48.801422	3.1274252	-19.989202	0.033940222	11599.943926334381
145	103.885574	87.89869	256.12732	52.305984	131.58539	106.180435	264.8915	39.233376	1000.0	1000.0	579999	19.952538	12.321023	51.16996	3.091467	-19.961699	0.03590046	11678.758173942566
146	230.79681	113.451614	364.27118	50.337055	236.86882	98.15492	357.16992	50.15233	1000.0	1000.0	583999	19.909159	12.344896	49.95837	0.83457875	-19.92112	0.03921171	11760.617452859879
147	208.03937	87.038864	259.9318	57.29721	237.62622	129.7091	365.5955	45.590675	1000.0	1000.0	587999	19.941925	12.313918	47.63921	0.5465088	-19.954481	0.040158123	11839.382880687714
148	261.6905	4.244925	266.1705	254.91673	257.27032	118.62053	366.8823	36.054443	1000.0	1000.0	591999	19.95139	12.299326	48.09983	2.7584128	-19.96519	0.03813861	11927.601596593857
149	202.24297	155.35445	358.02542	39.37069	215.8355	118.32272	360.46756	38.288296	1000.0	1000.0	595999	20.02094	12.320754	50.86258	2.4424264	-20.034788	0.039364748	12014.447461366653
150	150.52386	104.03593	257.0904	45.556213	226.43567	125.54787	361.40894	39.77923	1000.0	1000.0	599999	19.981363	12.326335	51.247337	3.0644498	-19.991833	0.042392336	12098.232479095459
151	191.05188	123.8114	356.49426	58.30687	160.95638	143.64684	365.90387	40.938774	1000.0	1000.0	603999	19.92785	12.365711	52.04186	-3.502399	-19.938406	0.038568545	12184.705605745316
152	184.37537	130.83113	357.9244	53.546524	214.49084	117.74382	357.7878	42.17969	1000.0	1000.0	607999	19.944078	12.402045	62.423187	3.0360563	-19.956854	0.04353855	12264.856667518616
153	234.87904	110.80864	357.13248	54.67472	225.69275	124.936035	357.97113	40.60121	1000.0	1000.0	611999	19.943521	12.400117	56.28475	1.1160223	-19.956287	0.04086978	12347.502663135529
154	233.99005	110.78377	355.99634	53.71735	233.66382	135.10464	359.6423	34.72258	1000.0	1000.0	615999	19.949417	12.432649	60.520016	0.18392396	-19.96114	0.038180284	12431.369578123093
155	329.52167	40.23443	358.81567	261.15527	306.03107	97.55146	359.39728	36.858112	1000.0	1000.0	619999	20.030127	12.405435	54.69762	-5.6515207	-20.041	0.039055757	12518.454993247986
156	259.38898	3.5762866	263.04117	254.75922	129.43027	131.67682	360.96014	38.462883	1000.0	1000.0	623999	20.037315	12.399846	56.85486	1.8270134	-20.047579	0.03689453	12599.173976898193
157	54.805927	1.2052071	56.864273	53.909214	265.4208	119.23226	363.66528	39.72279	1000.0	1000.0	627999	20.005634	12.375143	50.143272	1.2558575	-20.016874	0.037874725	12688.203957080841
158	208.25949	89.84006	265.01395	52.7438	215.69511	117.602684	363.68472	38.194073	1000.0	1000.0	631999	19.92044	12.383002	46.58449	2.824945	-19.931038	0.040020775	12772.965505838394
159	262.09943	3.7211692	265.7764	256.8902	160.96803	122.63274	359.36957	39.397133	1000.0	1000.0	635999	19.942764	12.366781	46.37542	0.11100268	-19.953857	0.034597658	12868.60602760315
160	233.96901	110.81051	361.91345	56.571636	282.82684	91.49792	357.60376	41.25916	1000.0	1000.0	639999	19.960346	12.3489485	49.023197	2.0529656	-19.970245	0.045190513	12965.030094146729
161	230.05112	113.8374	339.95697	39.38614	179.96957	143.94788	357.59634	38.898117	1000.0	1000.0	643999	19.920425	12.271557	52.41926	2.7708988	-19.927725	0.036499646	13051.887298822403
162	271.9715	41.18586	339.61896	229.36473	201.97171	130.63564	356.7868	41.795288	1000.0	1000.0	647999	19.85834	12.196968	49.216934	2.780584	-19.865456	0.037175093	13137.239941358566
163	103.619934	87.28565	254.80034	52.780987	161.96498	121.95084	357.74286	38.911293	1000.0	1000.0	651999	19.865774	12.172156	50.10375	2.794456	-19.875147	0.036292296	13223.414695262909
164	211.10008	90.84016	266.75674	53.888355	223.56792	127.0586	358.81516	37.87796	1000.0	1000.0	655999	19.863512	12.203783	50.1674	2.590066	-19.875704	0.0399847	13306.46711063385
165	151.85516	107.12125	265.16135	43.917732	174.20345	99.51018	264.53656	50.4465	1000.0	1000.0	659999	19.907495	12.264481	52.178864	-0.2125802	-19.920519	0.037428692	13393.090939998627
166	235.01486	111.04805	358.87756	55.049454	162.10243	122.27755	357.41232	39.21219	1000.0	1000.0	663999	19.9016	12.268657	50.52974	2.175987	-19.911722	0.045821104	13476.585100650787
167	313.27045	46.338528	360.10013	264.23248	277.81512	92.16597	362.60202	38.328384	1000.0	1000.0	667999	19.990295	12.291548	49.22215	2.817291	-19.999664	0.040594675	13559.923852682114
168	180.57834	132.37321	356.2882	50.530735	196.38367	103.024254	266.2657	38.518066	1000.0	1000.0	671999	19.99626	12.316259	48.90969	2.805713	-20.003897	0.039177522	13646.21673297882
169	229.07907	112.86236	358.75623	47.988495	144.85602	117.26842	358.25778	41.940998	1000.0	1000.0	675999	19.99803	12.280107	54.335457	2.620235	-20.006441	0.040567596	13732.343611478806
170	183.22397	131.69746	356.78793	53.734276	161.94688	116.3785	340.87506	41.2327	1000.0	1000.0	679999	19.927782	12.262773	52.179237	2.24419	-19.939137	0.036881726	13824.084876537323
171	283.46255	42.692356	356.28616	247.09106	130.05676	123.0594	357.84134	41.75342	1000.0	1000.0	683999	19.98888	12.279211	60.202595	2.7788393	-20.00057	0.047836263	13908.228870153427
172	210.4426	92.18859	265.22498	50.778038	206.6619	129.71507	363.10455	43.532887	1000.0	1000.0	687999	20.019896	12.256823	53.6741	-0.5276308	-20.028778	0.039376184	13993.444233417511
173	259.05844	125.26726	365.69827	54.381245	228.66252	95.78244	362.84573	42.213795	1000.0	1000.0	691999	19.996223	12.204563	50.921394	2.8193288	-20.002121	0.038006105	14073.503718852997
174	154.1674	100.76579	265.0986	51.162106	197.13745	121.65301	358.12772	53.437954	1000.0	1000.0	695999	19.970728	12.192162	50.295578	2.7934325	-19.978758	0.038337983	14153.147231578827
175	235.65558	110.75508	357.14084	55.18796	154.18724	105.72164	265.88303	41.44775	1000.0	1000.0	699999	19.965437	12.200164	53.54606	2.8256042	-19.973328	0.038553223	14234.974007606506
176	204.45175	152.41435	357.70697	47.886	227.90762	124.56342	371.29495	42.07886	1000.0	1000.0	703999	19.981052	12.256091	52.027607	2.8256817	-19.993073	0.03486714	14314.719539642334
177	256.2946	126.16684	357.4865	48.445908	247.8497	107.9692	358.82605	42.92832	1000.0	1000.0	707999	20.062365	12.311424	52.365574	2.8224242	-20.07093	0.037827257	14397.163694858551
178	106.93375	89.49143	260.84387	40.691864	218.88762	115.660614	365.5981	42.28574	1000.0	1000.0	711999	20.050556	12.327638	55.830994	2.3803048	-20.058512	0.04217115	14477.463691949844
179	232.24716	115.94863	361.1626	44.09178	186.20401	115.61267	365.42368	45.63687	1000.0	1000.0	715999	19.945538	12.329742	54.874496	-0.35200143	-19.952074	0.040400643	14557.157597064972
180	234.815	109.976845	357.41586	56.507835	202.08835	137.00858	356.9097	38.49047	1000.0	1000.0	719999	19.915527	12.296024	55.90915	2.807679	-19.918837	0.045516882	14643.736531972885
181	99.58041	95.804016	265.50137	42.801525	140.71341	116.50151	356.14728	40.137302	1000.0	1000.0	723999	19.844103	12.291805	51.242897	2.3134592	-19.848671	0.043962356	14728.94670534134
182	158.66376	103.45318	263.75836	54.02376	247.54117	111.568146	369.99323	42.10679	1000.0	1000.0	727999	19.727415	12.301607	49.4555	-2.344775	-19.73114	0.036769237	14821.327054738998
183	157.22012	104.66354	265.75378	50.06524	221.26648	81.16374	265.6339	54.422104	1000.0	1000.0	731999	19.68056	12.265448	47.78668	2.7128532	-19.686192	0.03890571	14910.733284711838
184	158.2979	105.042366	266.08948	50.67764	206.18391	132.67706	360.09045	38.74717	1000.0	1000.0	735999	19.632975	12.239245	51.570156	2.7155135	-19.639399	0.03513207	14990.36980009079
185	178.23819	126.28581	338.50397	52.926502	198.3898	96.67132	266.2247	40.03843	1000.0	1000.0	739999	19.680824	12.209318	52.021698	2.7223268	-19.687273	0.036803983	15077.672486543655
186	160.32036	102.465836	263.73965	56.275215	174.92035	104.71805	265.5581	39.41576	1000.0	1000.0	743999	19.649647	12.203274	57.86839	2.728457	-19.657417	0.0340632	15157.691535234451
187	200.17982	85.83861	265.21918	54.269096	205.53044	111.41504	357.15356	38.84489	1000.0	1000.0	747999	19.678278	12.197731	52.963375	2.7393887	-19.687645	0.031829283	15244.307532548904
188	179.7784	132.0921	357.12048	46.000446	183.38821	120.51238	365.61597	40.189304	1000.0	1000.0	751999	19.725744	12.233206	46.98012	0.53524065	-19.734179	0.031986468	15324.233734369278
189	179.3633	130.57895	356.55927	53.384842	183.95059	119.36255	357.35794	39.26799	1000.0	1000.0	755999	19.677685	12.261681	50.585415	2.7697408	-19.68516	0.031248344	15403.768191576004
190	108.163376	90.32543	264.53384	51.475296	240.81168	101.68764	356.9785	45.946606	1000.0	1000.0	759999	19.701097	12.27244	46.616825	2.7976484	-19.711426	0.040113203	15484.199210166931
191	208.47589	96.14231	265.08655	41.966335	211.44995	106.53987	358.28696	53.031628	1000.0	1000.0	763999	19.745222	12.244922	51.616314	2.790534	-19.751078	0.040649507	15566.10012793541
192	260.8732	4.2129173	265.27032	255.94478	207.42789	110.04204	359.00894	39.5677	1000.0	1000.0	767999	19.69707	12.175691	49.72219	2.8715663	-19.70491	0.035169784	15654.692103385925
193	160.05836	104.86651	265.20383	54.061447	228.88657	124.20974	370.97354	48.974087	1000.0	1000.0	771999	19.72208	12.142015	50.899124	2.8859086	-19.728573	0.04186546	15735.666382789612
194	127.437805	132.7085	357.05896	41.065228	247.707	107.56177	357.2719	44.680573	1000.0	1000.0	775999	19.63098	12.128166	54.489227	2.8864558	-19.637814	0.040242516	15818.85219502449
195	234.66504	111.8104	355.91898	51.879322	240.12222	127.48662	365.22144	53.570496	1000.0	1000.0	779999	19.636282	12.148801	60.37097	2.9054048	-19.641552	0.042444352	15898.806829929352
196	155.34877	108.24333	265.16772	38.45897	160.21457	121.8594	356.9567	35.24733	1000.0	1000.0	783999	19.638908	12.168425	55.695976	2.899423	-19.646542	0.039750252	15980.4364798069
197	258.23605	123.18336	356.7035	55.036736	181.41821	117.67313	360.9914	40.269325	1000.0	1000.0	787999	19.618835	12.199282	52.37624	2.8990808	-19.625847	0.040902622	16063.755284547806
198	258.35284	122.24699	356.30612	56.897465	162.72305	123.86611	364.25186	39.490486	1000.0	1000.0	791999	19.618923	12.18306	54.736103	2.9009402	-19.628616	0.043425493	16146.915197610855
199	233.10188	111.16442	357.0834	52.95371	102.7558	103.860794	265.59497	21.2541	1000.0	1000.0	795999	19.734667	12.192417	52.48298	2.8943186	-19.745272	0.03723293	16227.792890310287
200	261.02423	3.0704393	265.24973	256.85202	224.26363	123.1409	357.30334	42.717552	1000.0	1000.0	799999	19.81427	12.213733	49.735985	2.8910732	-19.823328	0.034648567	16310.346287965775
201	178.1701	135.86241	359.7606	46.763126	121.799416	116.262115	356.0979	40.70369	1000.0	1000.0	803999	19.770294	12.189781	50.062447	2.8916879	-19.777046	0.036521997	16398.02863049507
202	183.25594	131.87802	357.17416	51.44878	258.50897	111.55342	357.86322	48.59177	1000.0	1000.0	807999	19.774426	12.209757	50.53511	2.8928504	-19.783504	0.036253918	16486.2801425457
203	207.86086	89.52948	261.07855	52.825356	182.42468	145.65865	369.10147	40.45828	1000.0	1000.0	811999	19.78502	12.248904	51.10099	2.887168	-19.795294	0.035731632	16570.76830625534
204	212.33612	91.928444	265.75095	53.111816	216.41675	88.50277	265.57043	38.63702	1000.0	1000.0	815999	19.847843	12.229871	57.807808	2.8862054	-19.855244	0.038135402	16656.130471229553
205	316.09164	50.86741	370.77515	265.2746	236.16508	130.3817	361.78558	42.227325	1000.0	1000.0	819999	19.863321	12.176615	52.383335	2.8813372	-19.87056	0.0402045	16737.948782444
206	230.05447	116.14124	358.42056	41.249832	206.30974	110.25518	366.09024	41.786407	1000.0	1000.0	823999	19.87042	12.209248	53.909588	2.8814394	-19.877403	0.03639897	16818.010545015335
207	287.123	40.80069	357.71747	261.7662	213.84302	117.259155	362.98785	39.951206	1000.0	1000.0	827999	19.92833	12.154426	47.826546	-0.6704731	-19.935696	0.040592834	16898.750612020493
208	152.18158	98.07285	257.85397	52.31008	237.70073	133.0038	365.92438	38.834538	1000.0	1000.0	831999	19.871437	12.103126	50.639206	2.8924687	-19.876266	0.032585863	16984.73215198517
209	159.50392	105.44749	266.10992	50.329903	176.16853	103.0089	265.15088	37.71173	1000.0	1000.0	835999	19.856203	12.119562	54.640167	2.8839998	-19.865534	0.03999135	17071.215930700302
210	177.98889	124.332306	339.406	55.889675	244.21512	136.54282	358.18082	36.064793	1000.0	1000.0	839999	19.802666	12.135086	49.776634	2.36736	-19.808199	0.042452782	17157.915194034576
211	258.23117	4.566359	261.4814	250.36313	247.36185	110.673355	362.67825	42.69002	1000.0	1000.0	843999	19.816528	12.139942	56.1844	2.844733	-19.825493	0.036132254	17243.884822368622
212	234.31158	113.835014	362.60846	50.440456	223.15909	124.080444	357.71948	41.89969	1000.0	1000.0	847999	19.859163	12.126741	49.791405	2.8444035	-19.86772	0.034253046	17329.524292230606
213	103.76466	92.842995	264.4139	43.880623	153.3746	132.0012	359.15903	39.422714	1000.0	1000.0	851999	19.911942	12.116943	53.16266	-1.6978655	-19.923325	0.04472621	17413.338203668594
214	194.89142	154.55595	358.84842	38.99087	247.2371	112.817024	362.95224	36.18209	1000.0	1000.0	855999	19.912607	12.090403	52.933853	2.7091196	-19.921282	0.046553582	17501.175805091858
215	154.38202	106.24701	261.75354	46.893253	219.32588	115.406944	360.47293	47.749386	1000.0	1000.0	859999	19.931211	12.040557	51.50118	-4.540925	-19.940653	0.04055716	17580.20000910759
216	304.65918	56.16887	363.82965	237.159	214.1408	119.912315	358.43414	39.199497	1000.0	1000.0	863999	19.879436	12.023014	53.79758	2.8951066	-19.887756	0.035409853	17660.428935289383
217	258.84308	126.48918	363.122	50.927532	205.37495	133.90575	358.60287	40.146534	1000.0	1000.0	867999	19.956785	12.0629425	50.311943	2.926875	-19.964825	0.030693283	17743.191066980362
218	148.88663	109.93001	261.66183	37.069984	175.09941	135.80284	375.3568	40.741592	1000.0	1000.0	871999	19.931456	12.084321	54.23817	-17.86416	-19.940825	0.032980185	17827.67262148857
219	199.15616	158.56845	358.8737	40.414246	236.0043	101.3525	358.3474	39.679836	1000.0	1000.0	875999	19.948786	12.083579	52.64401	2.9749174	-19.957453	0.037225608	17914.08922457695
220	180.67624	134.15668	356.35327	50.222546	214.72139	113.48141	357.50525	45.00725	1000.0	1000.0	879999	19.980402	12.094392	60.37492	-4.364419	-19.987186	0.039150253	18000.568803071976
221	106.38516	90.226456	262.66156	54.01736	235.73376	126.79622	357.79318	45.066887	1000.0	1000.0	883999	19.888865	12.0892515	52.34513	3.0245805	-19.897808	0.0344663	18082.145236492157
222	129.12648	131.83823	357.43344	49.123962	228.42416	142.26262	361.67383	49.09867	1000.0	1000.0	887999	19.896696	12.089902	50.443935	3.0467045	-19.906109	0.033245362	18173.456000089645
223	233.9572	114.49793	360.37103	47.760273	212.05692	118.48537	358.1204	39.66503	1000.0	1000.0	891999	19.874805	12.12211	59.388176	3.0748696	-19.883383	0.042163238	18260.635107278824
224	234.36172	110.48479	356.89957	54.953983	203.53801	110.33078	357.58	39.372734	1000.0	1000.0	895999	19.965374	12.129383	59.5491	3.0870147	-19.974733	0.041994482	18344.995629787445
225	278.86615	136.37912	359.05902	42.65822	237.84494	103.93089	357.1146	40.988792	1000.0	1000.0	899999	19.943317	12.118529	56.864647	3.0876	-19.949812	0.037989616	18438.26890039444
226	178.89836	135.42953	357.63318	42.212597	235.41301	130.71713	357.45654	39.659935	1000.0	1000.0	903999	19.939175	12.115825	55.545757	-5.693268	-19.946821	0.04344102	18522.84754395485
227	257.71173	125.903	359.72482	49.960392	144.26973	118.34688	357.40253	42.07054	1000.0	1000.0	907999	19.940414	12.1316395	52.100956	3.084401	-19.949741	0.03741413	18607.87111067772
228	234.16788	110.54443	357.9938	55.210724	216.27922	117.73242	360.32248	41.584778	1000.0	1000.0	911999	19.95827	12.11603	50.944298	3.0887864	-19.967905	0.038473297	18694.062433719635
229	310.14764	51.898983	366.85687	258.06747	149.76682	110.4592	265.15005	21.86818	1000.0	1000.0	915999	20.030584	12.114927	51.927525	3.1160476	-20.03961	0.034623295	18773.77672791481
230	230.11514	117.191376	356.76184	38.351967	151.29585	132.15314	357.62958	41.375374	1000.0	1000.0	919999	20.046953	12.14154	49.972458	3.1172116	-20.054016	0.0381922	18852.974977731705
231	205.35254	151.57266	356.9533	51.627018	194.6445	124.419914	357.85117	39.691856	1000.0	1000.0	923999	20.009567	12.163008	52.226383	3.161224	-20.015596	0.034039993	18934.560060739517
232	156.05789	107.310486	266.39334	45.850624	129.8656	107.179794	265.22406	40.31713	1000.0	1000.0	927999	19.989876	12.161282	57.49718	3.1801853	-19.995632	0.03904081	19017.304574012756
233	204.46832	157.31943	366.0847	41.700573	226.3802	144.25368	358.6087	49.931847	1000.0	1000.0	931999	19.934498	12.236979	54.001736	1.6386099	-19.941574	0.036984213	19098.91602540016
234	232.41501	112.48767	357.32318	49.9463	227.33379	98.480675	358.7936	37.297756	1000.0	1000.0	935999	20.054617	12.255585	53.842587	3.1536093	-20.064741	0.035581004	19178.878304243088
235	278.26538	137.5881	359.1164	39.961445	181.5718	142.80106	359.55795	39.390453	1000.0	1000.0	939999	20.052914	12.276287	53.427876	3.0956082	-20.061735	0.03547615	19264.60728573799
236	129.68341	134.87047	362.94226	41.546673	298.80365	48.6342	358.55478	241.07137	1000.0	1000.0	943999	20.070158	12.270261	51.676674	3.128841	-20.07846	0.036970653	19353.752112865448
237	232.06294	114.43573	357.77078	45.68126	139.58992	112.25009	357.2873	40.2368	1000.0	1000.0	947999	20.032446	12.27068	52.26057	3.1248028	-20.04102	0.036697213	19445.350746631622
238	125.82134	133.88084	357.5951	42.923405	246.19089	119.70032	368.42587	42.542534	1000.0	1000.0	951999	20.019983	12.245833	55.107105	3.1180139	-20.026701	0.033926766	19526.740084409714
239	129.8577	132.21416	358.84875	51.50039	170.94585	132.20699	358.3685	40.14936	1000.0	1000.0	955999	19.942225	12.2366905	49.012066	3.1130402	-19.948137	0.03791427	19604.67508506775
240	279.42892	136.45627	359.28076	43.082855	248.9768	106.67883	358.14066	51.94014	1000.0	1000.0	959999	19.921318	12.222645	53.625225	3.1107802	-19.927477	0.036340766	19684.7254216671
241	311.19525	46.58316	358.785	263.0379	120.97384	115.31973	357.6376	40.874435	1000.0	1000.0	963999	19.952978	12.250319	56.16397	3.1046376	-19.96213	0.04382337	19766.54970765114
242	149.23544	100.651596	252.42783	43.717533	216.18452	122.21588	358.02203	41.929085	1000.0	1000.0	967999	20.070755	12.198766	49.78782	3.099777	-20.083466	0.04024849	19847.98061299324
243	175.31317	127.96939	338.86792	49.875336	217.96146	138.77414	366.37256	42.376102	1000.0	1000.0	971999	20.075975	12.2199335	48.66698	3.101056	-20.084059	0.036109503	19929.359976530075
244	226.74501	128.38643	356.43613	55.55066	191.9839	127.18783	365.29688	43.11368	1000.0	1000.0	975999	20.084505	12.236759	49.876034	3.0297165	-20.092234	0.033893533	20007.337594032288
245	259.05124	77.82148	369.7309	149.79926	218.0618	96.659164	356.03268	43.587257	1000.0	1000.0	979999	20.079927	12.217954	52.95885	-11.132181	-20.087347	0.041117266	20089.997952461243
246	177.00398	137.8376	356.35315	39.68742	174.176	105.5168	264.7224	37.894207	1000.0	1000.0	983999	20.080132	12.2148285	53.18257	1.0294373	-20.089375	0.035104066	20168.179591178894
247	180.2277	136.19713	358.05597	35.469593	183.00778	116.88572	358.09818	37.7961	1000.0	1000.0	987999	20.092165	12.236483	53.347595	3.0936544	-20.101738	0.03844942	20247.607364416122
248	287.33704	43.990532	363.3051	257.7768	184.68103	118.015076	356.08505	36.938774	1000.0	1000.0	991999	20.083979	12.244051	59.499794	-8.502275	-20.093098	0.043093916	20327.407213687897
249	201.31651	95.55194	264.8228	36.48958	267.73233	88.54587	360.5467	37.059425	1000.0	1000.0	995999	20.151918	12.267563	53.081783	3.0479002	-20.157543	0.036004294	20407.374612808228
250	231.01045	120.54789	357.0166	32.07291	238.07407	130.21385	360.88632	38.05781	1000.0	1000.0	999999	20.06339	12.274736	52.122738	3.0274098	-20.06956	0.038817275	20490.339233636856
251	234.97623	115.09589	366.29834	49.83167	255.22078	114.23298	366.52896	38.560184	1000.0	1000.0	1003999	20.096766	12.262362	51.614426	3.0260742	-20.101439	0.035666477	20578.714066028595
252	228.07751	109.035095	357.24094	55.54342	180.79922	118.06026	356.52017	39.16031	1000.0	1000.0	1007999	20.01057	12.270304	52.647392	-4.4198165	-20.01564	0.035610758	20661.570424079895
253	102.41919	92.78168	262.56244	36.411892	215.70853	116.73202	359.05237	41.10207	1000.0	1000.0	1011999	19.964958	12.265949	50.99328	3.0167608	-19.970669	0.043260697	20753.55023908615
254	105.96936	91.458565	264.34415	50.132793	195.70671	100.66545	265.85004	41.064125	1000.0	1000.0	1015999	19.91633	12.26699	52.402885	3.0119388	-19.920116	0.041796956	20840.248717546463
255	309.22546	48.907986	358.0205	253.05453	234.12949	130.8519	358.18115	41.04154	1000.0	1000.0	1019999	19.868668	12.251631	52.415936	3.0004063	-19.873339	0.03995209	20921.334585428238
256	291.73322	43.288918	366.5918	264.2401	164.82068	121.00231	361.42508	39.417004	1000.0	1000.0	1023999	19.99595	12.251504	56.87982	3.0072873	-20.001202	0.0409868	21001.816333532333
257	259.09897	3.0090728	263.97903	256.16977	163.4048	120.762184	356.33093	41.650795	1000.0	1000.0	1027999	20.042688	12.217626	55.811028	3.0086074	-20.047312	0.041484457	21089.01918721199
258	230.92036	111.212105	357.99713	52.43048	280.3686	118.44428	364.9273	52.22966	1000.0	1000.0	1031999	20.103405	12.190318	50.819813	3.0081294	-20.108662	0.03696454	21177.56258034706
259	288.77658	42.282005	361.79147	261.0865	246.55281	107.93146	357.98383	43.813286	1000.0	1000.0	1035999	20.13578	12.198295	52.564613	2.9956107	-20.140963	0.03611984	21265.127085208893
260	178.8843	132.45003	357.06897	47.74801	235.84285	98.89925	358.94443	46.440357	1000.0	1000.0	1039999	20.145994	12.180216	53.540718	3.0026972	-20.153624	0.036908697	21349.84109544754
261	156.51787	104.782074	265.33826	49.995304	234.78958	130.44621	357.35388	40.711693	1000.0	1000.0	1043999	20.16318	12.163596	53.372833	-6.51704	-20.168512	0.031988773	21437.67698574066
262	233.80872	109.87972	357.85522	56.399128	151.97159	109.14258	269.8436	41.81818	1000.0	1000.0	1047999	20.208902	12.17277	54.42862	3.032167	-20.213243	0.033925835	21522.559871435165
263	238.29124	111.853165	357.44778	54.981804	139.69568	120.45948	359.41174	40.631794	1000.0	1000.0	1051999	20.25341	12.181072	51.202194	3.0244899	-20.257921	0.03740118	21604.326348543167
264	285.36395	40.819557	355.9763	258.48444	88.29134	86.92059	263.1488	40.715984	1000.0	1000.0	1055999	20.286835	12.199031	55.04051	3.021472	-20.291548	0.039313897	21683.202506542206
265	282.90414	44.4267	359.27768	249.71602	195.4508	127.29569	356.16943	41.64322	1000.0	1000.0	1059999	20.287834	12.1684065	50.890182	3.016236	-20.295322	0.032426324	21763.445330142975
266	235.18272	112.6456	357.08005	50.921097	261.40228	77.99965	357.37372	55.67019	1000.0	1000.0	1063999	20.415258	12.17726	51.011017	3.023793	-20.4235	0.03761927	21846.80413222313
267	179.32738	132.66658	357.85135	48.325047	236.83752	130.50777	365.9043	42.75541	1000.0	1000.0	1067999	20.527805	12.191107	54.351395	3.0224185	-20.536167	0.031757213	21926.7374355793
268	161.00458	101.99699	266.87738	54.407455	203.42046	135.12318	366.32062	41.4052	1000.0	1000.0	1071999	20.524328	12.217712	50.964066	3.0283518	-20.533129	0.03395285	22005.32123708725
269	156.29874	103.947754	263.0451	50.261463	187.25162	118.11323	357.36847	36.895367	1000.0	1000.0	1075999	20.590456	12.179536	53.80698	3.0421543	-20.596548	0.03548625	22085.203107118607
270	230.04422	115.51546	358.78195	42.78047	133.08795	104.98704	266.10895	41.07093	1000.0	1000.0	1079999	20.55275	12.146658	50.813026	3.058509	-20.55661	0.032605447	22164.93395471573
271	154.6326	108.06814	264.2039	42.42749	246.75056	107.93496	358.4582	43.580006	1000.0	1000.0	1083999	20.505508	12.153114	51.751335	3.0760336	-20.510998	0.03300968	22244.442234754562
272	154.57275	105.125496	260.61856	45.33018	215.66287	143.6677	379.54413	40.35863	1000.0	1000.0	1087999	20.522682	12.128253	49.468826	3.0839863	-20.52914	0.03698437	22323.34680199623
273	232.96375	109.89876	356.15628	55.343773	203.47433	136.81497	364.00418	41.96562	1000.0	1000.0	1091999	20.502934	12.114944	52.711597	3.0917857	-20.5082	0.030722748	22406.45596218109
274	261.0089	124.43981	365.0201	56.740677	205.94011	111.23556	358.19485	40.002644	1000.0	1000.0	1095999	20.47306	12.123641	52.91183	3.0984898	-20.479584	0.03547976	22487.34026312828
275	181.38405	132.07106	356.3204	51.72966	256.87738	114.557106	356.75583	39.3237	1000.0	1000.0	1099999	20.50944	12.092547	51.794456	3.1062891	-20.519451	0.03676065	22572.68416929245
276	256.65588	125.54082	358.34863	50.278614	236.81699	128.38759	357.52304	45.962666	1000.0	1000.0	1103999	20.608322	12.119032	53.27714	-9.120202	-20.618532	0.032612603	22660.241939544678
277	213.10565	87.10761	266.07816	62.266304	173.32164	107.949104	265.9411	32.208767	1000.0	1000.0	1107999	20.628868	12.116955	48.885384	3.1418128	-20.63611	0.037516363	22741.525837898254
278	333.29935	42.15623	359.69772	260.31567	274.01355	90.36877	359.7305	39.409527	1000.0	1000.0	1111999	20.634455	12.07592	55.0721	3.1586056	-20.636961	0.033267267	22825.04877924919
279	229.57172	113.70346	357.94775	46.199535	222.19795	124.15199	356.58667	37.177525	1000.0	1000.0	1115999	20.615477	12.039424	54.139935	3.178884	-20.620953	0.03479101	22906.394520759583
280	257.62073	129.6356	364.73605	46.616558	259.7884	112.58031	359.0763	48.21785	1000.0	1000.0	1119999	20.57505	12.025983	48.25308	-0.4527192	-20.579008	0.03427343	22990.830896139145
281	103.26604	93.66291	265.43222	45.13314	144.97105	123.324455	377.0977	42.143543	1000.0	1000.0	1123999	20.544876	12.10488	52.630867	1.6478229	-20.550728	0.038284585	23069.87943673134
282	235.13327	114.036224	365.1859	51.650967	235.01419	128.25682	357.67117	35.072193	1000.0	1000.0	1127999	20.5159	12.106904	51.545856	-4.512643	-20.519848	0.036792997	23149.4351978302
283	287.78442	40.947735	358.6944	262.94833	163.8967	119.90027	363.47485	40.564335	1000.0	1000.0	1131999	20.525234	12.070546	51.20784	3.2640102	-20.529133	0.031569637	23230.27795290947
284	100.865295	91.77293	259.35358	37.247246	260.09113	80.93568	361.9342	47.015846	1000.0	1000.0	1135999	20.442514	12.043976	51.567142	3.2847424	-20.444717	0.032499176	23313.773732423782
285	175.92938	138.36783	363.71866	40.05198	204.3409	111.02736	362.26782	39.030926	1000.0	1000.0	1139999	20.383795	12.052869	51.24981	-10.812704	-20.387295	0.038355652	23398.519078731537
286	122.50114	135.02089	356.3431	41.60923	259.05344	77.93108	357.37384	55.289726	1000.0	1000.0	1143999	20.327784	12.100994	48.068863	3.321772	-20.33273	0.043412328	23485.70490717888
287	210.29834	90.6057	265.6433	53.405766	217.77254	120.73857	369.87967	37.9611	1000.0	1000.0	1147999	20.341843	12.102113	47.938152	3.341453	-20.3451	0.031516474	23574.164895296097
288	259.02457	125.21349	360.31616	52.610924	207.50613	104.779724	357.39688	48.20816	1000.0	1000.0	1151999	20.337912	12.055406	51.546165	3.3488972	-20.341398	0.033851102	23662.767841100693
289	183.22235	130.5554	356.81705	55.76516	217.90768	114.12564	356.6511	47.658276	1000.0	1000.0	1155999	20.358194	12.08288	53.39287	-2.59134	-20.360453	0.030784354	23750.598251581192
290	162.54674	103.2402	266.03387	56.91365	217.19783	119.13882	358.6655	41.88157	1000.0	1000.0	1159999	20.292624	12.073359	51.682743	3.3872685	-20.29666	0.036393784	23831.878875017166
291	285.13654	41.43591	356.75824	257.13583	146.02954	118.90356	356.68787	43.329994	1000.0	1000.0	1163999	20.29629	12.087374	49.812355	1.7372808	-20.300692	0.033102524	23913.773067474365
292	229.32365	109.53629	357.5954	55.60222	108.55483	100.71058	264.51886	41.787716	1000.0	1000.0	1167999	20.243584	12.0606985	49.717617	-4.031474	-20.245155	0.029066328	23995.011296749115
293	180.68132	135.94316	365.33237	40.6679	186.14775	114.453995	363.84286	47.62497	1000.0	1000.0	1171999	20.284298	12.110055	48.640533	3.4305196	-20.292152	0.029451566	24075.610271453857
294	155.68549	109.21344	265.4567	40.19886	194.61496	128.63332	367.20135	41.65717	1000.0	1000.0	1175999	20.323872	12.1408615	51.563625	3.4356046	-20.32887	0.035377707	24166.13262438774
295	209.77646	88.33339	266.00797	56.93267	247.34714	108.979095	357.3857	45.228336	1000.0	1000.0	1179999	20.310555	12.121091	48.936752	3.4426832	-20.316679	0.035285056	24247.09255886078
296	157.5687	107.8204	265.70865	45.204098	248.54517	74.904366	361.23642	42.99374	1000.0	1000.0	1183999	20.239054	12.135428	51.04726	3.4588368	-20.243208	0.03580954	24340.803008317947
297	285.4881	43.51272	360.5984	256.2274	215.85913	116.75556	360.1075	42.586494	1000.0	1000.0	1187999	20.247042	12.116268	47.654736	3.4809113	-20.251122	0.035885215	24425.094093561172
298	286.3774	134.24858	373.38052	54.082382	171.09372	112.110085	358.8582	41.60034	1000.0	1000.0	1191999	20.30832	12.118985	50.276325	3.4786372	-20.31373	0.029595561	24518.712277412415
299	205.70581	152.93756	360.08273	51.78039	173.86465	133.79115	365.71353	40.208054	1000.0	1000.0	1195999	20.296907	12.144057	48.14522	3.4826396	-20.299961	0.037776116	24606.541619062424
300	176.70212	126.22248	340.26157	51.922024	215.7304	116.666885	359.22745	41.80276	1000.0	1000.0	1199999	20.229408	12.144577	50.946526	3.4907923	-20.231632	0.036894437	24687.78958773613
301	285.22894	43.86278	360.97284	255.73923	236.42294	104.21281	359.23398	41.660507	1000.0	1000.0	1203999	20.255869	12.110492	48.583294	1.9754081	-20.260504	0.03364601	24771.178512096405
302	209.80605	90.766525	264.16968	52.62167	213.77734	145.04492	364.08197	39.677036	1000.0	1000.0	1207999	20.251842	12.086167	49.769867	3.5108624	-20.257126	0.032411862	24851.983215093613
303	210.13017	90.927414	264.36407	52.65011	214.36348	141.95084	364.14407	42.863434	1000.0	1000.0	1211999	20.357796	12.080839	51.61213	0.9680109	-20.366133	0.033530675	24933.21691584587
304	234.22014	111.36529	359.76312	54.304676	235.22266	128.17056	360.78687	39.809525	1000.0	1000.0	1215999	20.3497	12.107055	50.63409	3.5402646	-20.357256	0.03837844	25016.917906999588
305	311.43896	46.46099	358.2018	264.74792	171.7952	141.48676	371.5199	39.07783	1000.0	1000.0	1219999	20.355467	12.115798	51.146442	3.5585766	-20.359632	0.03706967	25104.073276758194
306	155.0798	111.1335	266.16467	34.473354	245.72058	133.88446	358.6239	40.65498	1000.0	1000.0	1223999	20.297691	12.133033	48.80039	3.5645742	-20.30301	0.0406873	25185.830935001373
307	284.52258	131.92816	365.93127	56.08483	252.58798	139.77312	362.05023	38.68651	1000.0	1000.0	1227999	20.35517	12.144611	50.315426	-0.55047584	-20.360575	0.031451106	25267.555176973343
308	180.79037	133.24083	356.85757	47.61893	236.7568	129.97064	366.69165	35.89943	1000.0	1000.0	1231999	20.376293	12.165319	50.024326	3.5881858	-20.380976	0.040019117	25349.198980093002
309	334.3247	41.42079	358.8624	262.58514	235.17639	113.603584	358.18146	42.433994	1000.0	1000.0	1235999	20.357643	12.191716	47.90117	3.5981214	-20.365211	0.030843414	25430.199996948242
310	167.41591	56.013958	264.43365	134.69298	225.13669	147.07889	366.10645	39.67865	1000.0	1000.0	1239999	20.398533	12.222272	47.673275	3.5874124	-20.40331	0.03087024	25510.72635102272
311	161.0004	102.199776	265.87463	54.3469	181.142	140.74585	362.61996	38.813515	1000.0	1000.0	1243999	20.342752	12.235442	49.916874	3.5664392	-20.347214	0.032250967	25590.95177578926
312	262.0012	125.91008	370.21268	55.39174	150.47389	133.76973	357.34723	35.486874	1000.0	1000.0	1247999	20.396988	12.244199	51.772152	3.5524147	-20.406235	0.0346502	25672.480412483215
313	233.88391	111.23961	357.99835	53.58662	286.94208	95.835815	365.98306	37.14984	1000.0	1000.0	1251999	20.482786	12.323322	50.180252	3.5439415	-20.491766	0.036321044	25755.545524597168
314	206.33356	152.20323	359.4007	53.83366	174.52571	115.833405	357.37988	40.050446	1000.0	1000.0	1255999	20.442432	12.349294	49.8616	3.52516	-20.447649	0.035157662	25846.81902074814
315	183.26428	133.10587	358.17902	54.114944	211.76424	114.547676	357.0374	37.563927	1000.0	1000.0	1259999	20.4949	12.397915	51.94122	3.5153718	-20.501457	0.03553699	25927.030161380768
316	234.3292	113.04998	361.02704	51.35556	174.57985	105.39409	265.53308	41.161213	1000.0	1000.0	1263999	20.502222	12.425974	51.137043	3.5093086	-20.509289	0.03486064	26007.624695777893
317	260.3276	2.6756535	264.26566	256.81464	279.877	39.48315	359.65887	255.28008	1000.0	1000.0	1267999	20.501228	12.367499	49.47843	3.5044026	-20.505367	0.033873	26090.27366399765
318	286.69165	40.803795	357.33893	261.30466	247.7802	108.06494	358.10883	40.825844	1000.0	1000.0	1271999	20.52628	12.34415	52.81967	3.491201	-20.53059	0.03566401	26171.15203857422
319	177.14557	135.06117	357.9072	45.843033	245.19693	137.54993	365.33267	40.558456	1000.0	1000.0	1275999	20.55325	12.333112	51.650787	3.4797182	-20.55865	0.038893815	26252.011406183243
320	151.4783	107.21584	259.8413	39.2541	268.32965	88.176506	358.59894	37.087826	1000.0	1000.0	1279999	20.474882	12.362747	54.798927	3.476407	-20.478455	0.032836366	26333.693512916565
321	282.61255	44.010307	357.89633	246.72574	225.4311	122.82911	358.6884	41.397522	1000.0	1000.0	1283999	20.518862	12.367421	48.448845	3.4725242	-20.525402	0.0328774	26413.094611406326
322	235.58667	108.19639	356.3524	60.229862	209.88753	131.16017	358.8695	41.162296	1000.0	1000.0	1287999	20.51226	12.3260145	48.769917	3.4702868	-20.515877	0.03201259	26494.191624879837
323	230.12189	113.71216	357.04474	45.98408	196.03816	126.478294	359.61725	24.201662	1000.0	1000.0	1291999	20.511372	12.316521	53.28113	3.4647038	-20.517328	0.036311418	26579.4338555336
324	287.09863	42.074448	359.76492	257.69708	222.59225	130.16663	358.0197	28.359453	1000.0	1000.0	1295999	20.47762	12.333062	49.016106	3.457285	-20.481535	0.028200926	26659.188358306885
325	143.0928	117.371796	263.38605	21.913681	132.89333	129.58203	357.103	21.657015	1000.0	1000.0	1299999	20.469894	12.28957	47.847675	3.4526556	-20.473154	0.032913104	26740.78220629692
326	120.642334	136.3585	356.4093	33.8927	249.03813	109.22619	368.15103	48.829243	1000.0	1000.0	1303999	20.42039	12.315663	51.602055	3.44909	-20.424606	0.03219838	26820.77274465561
327	201.48782	157.21864	359.76318	36.208565	233.30025	129.54283	358.5124	35.58048	1000.0	1000.0	1307999	20.389633	12.320475	47.687023	3.451407	-20.393185	0.032251164	26902.306693553925
328	202.69838	154.11441	357.36154	44.054028	214.07993	121.16075	357.41382	32.243946	1000.0	1000.0	1311999	20.43704	12.333365	51.446903	3.452056	-20.441305	0.030311752	26983.49396920204
329	155.16696	109.159065	264.68732	37.905678	120.75203	117.30912	357.4471	32.75317	1000.0	1000.0	1315999	20.371237	12.302301	48.895866	3.4591866	-20.37325	0.037070237	27067.117302656174
330	119.47053	136.89026	356.40564	32.75761	246.11026	111.28254	359.4018	37.19028	1000.0	1000.0	1319999	20.315016	12.27814	52.424355	3.4672234	-20.319313	0.03303637	27147.296153068542
331	233.76984	110.67298	357.4484	54.464333	267.57034	117.57691	368.4026	39.907703	1000.0	1000.0	1323999	20.310072	12.301935	46.47287	3.4823868	-20.314043	0.030684989	27228.76426911354
332	209.79532	149.54025	359.6291	56.436676	137.95671	121.91241	358.30673	31.843014	1000.0	1000.0	1327999	20.372177	12.36492	53.15933	3.479231	-20.378067	0.039346818	27310.444127082825
333	183.07625	129.35587	356.57117	53.84391	235.90987	104.649536	358.1796	27.210619	1000.0	1000.0	1331999	20.447342	12.439069	52.396812	3.4782393	-20.450823	0.036725394	27397.497173547745
334	336.1102	42.370216	366.90796	263.0435	260.28473	86.041046	368.8889	30.768122	1000.0	1000.0	1335999	20.436829	12.378619	47.695755	3.4880116	-20.437449	0.030666618	27483.54199051857
335	233.88182	114.13206	357.74692	47.340313	203.47806	111.48786	357.03622	28.082872	1000.0	1000.0	1339999	20.39417	12.332396	49.706875	3.457431	-20.395632	0.034923386	27575.546757221222
336	280.1938	133.72754	357.70944	48.571114	237.21928	104.46872	367.22958	38.930622	1000.0	1000.0	1343999	20.369062	12.353938	48.65218	2.845826	-20.371693	0.032827474	27664.464879989624
337	184.44077	130.96294	356.93542	50.080536	238.57108	100.49791	356.3946	47.834072	1000.0	1000.0	1347999	20.33253	12.336699	51.21055	3.5026357	-20.335543	0.029981289	27759.125618219376
338	228.82889	107.96494	339.46402	49.826523	173.13812	132.54341	357.12473	30.296787	1000.0	1000.0	1351999	20.332935	12.358342	48.796516	3.4999294	-20.335976	0.029369483	27847.99943113327
339	235.27396	112.3799	359.04074	52.38308	163.16145	122.939125	359.019	32.927036	1000.0	1000.0	1355999	20.411333	12.3271475	53.945744	3.5011933	-20.419699	0.040947556	27937.284433364868
340	229.28908	120.20694	359.08755	32.584953	182.77711	120.45086	357.78687	30.397545	1000.0	1000.0	1359999	20.44039	12.403251	50.33832	3.5082185	-20.447966	0.03258011	28024.627317905426
341	150.2145	110.14047	260.68243	39.89692	195.0517	128.08055	365.7116	32.933636	1000.0	1000.0	1363999	20.53732	12.439125	46.936462	3.5082664	-20.54377	0.02603953	28110.802618265152
342	152.27109	105.22255	258.71658	37.74121	257.11075	84.478065	359.65506	31.863714	1000.0	1000.0	1367999	20.460623	12.45776	48.68398	3.506385	-20.465176	0.034893535	28196.2224881649
343	257.9478	123.711876	357.9215	54.627323	192.11496	129.80226	359.03326	32.634155	1000.0	1000.0	1371999	20.462875	12.4530115	47.620785	3.5086617	-20.468687	0.031383302	28279.63418865204
344	333.23218	47.05815	365.63678	251.9204	150.86807	113.61886	267.4422	30.975931	1000.0	1000.0	1375999	20.474262	12.395819	51.764355	1.2179692	-20.478037	0.029147675	28360.08527827263
345	167.32399	134.01874	340.53552	35.47092	247.20236	110.64073	358.7687	35.878593	1000.0	1000.0	1379999	20.513214	12.395228	48.09207	3.5233004	-20.518742	0.027290478	28440.23337507248
346	331.10266	43.61402	366.9268	257.35883	236.4886	107.639786	358.73724	31.371222	1000.0	1000.0	1383999	20.506031	12.415397	49.208256	3.5243075	-20.50911	0.035269316	28522.035917520523
347	255.07803	130.44513	358.41418	38.582737	149.21808	136.45718	367.005	31.816221	1000.0	1000.0	1387999	20.477081	12.387878	52.371002	3.5292113	-20.478611	0.029318951	28606.502707004547
348	279.151	137.39052	358.801	41.18403	189.17741	152.84013	358.92477	32.637768	1000.0	1000.0	1391999	20.493095	12.3898	51.286507	3.5430248	-20.4978	0.030199725	28687.042752981186
349	229.86856	118.32573	356.8262	35.87544	256.71426	117.62054	361.8856	33.242256	1000.0	1000.0	1395999	20.547874	12.386644	47.870457	3.5524776	-20.55143	0.027801307	28768.49720788002
350	287.648	41.683113	359.75665	261.63147	203.7824	136.71436	358.79886	32.297436	1000.0	1000.0	1399999	20.518879	12.315811	49.822227	3.572536	-20.520329	0.030550947	28853.88464808464
351	156.48712	103.1922	260.41156	52.89381	207.20186	110.926414	358.66125	33.53909	1000.0	1000.0	1403999	20.505142	12.295202	52.71216	3.6102407	-20.508324	0.03040987	28934.741430282593
352	253.9657	131.96875	358.29044	34.362667	208.56091	130.58798	358.757	53.5365	1000.0	1000.0	1407999	20.533707	12.260484	49.12217	3.625045	-20.535334	0.030683728	29015.17305135727
353	356.6815	0.23344536	357.05212	356.43628	100.875114	107.99788	357.74844	32.936134	1000.0	1000.0	1411999	20.589712	12.271256	54.946568	3.6451623	-20.59511	0.03208654	29094.71529483795
354	308.96518	44.458557	364.30072	262.29086	151.36787	133.64923	359.5083	33.512127	1000.0	1000.0	1415999	20.69534	12.294696	49.790867	3.6087627	-20.702753	0.032762565	29176.254987955093
355	156.53543	108.92452	266.80203	32.74311	263.69385	119.09189	359.49152	34.65337	1000.0	1000.0	1419999	20.761612	12.323205	54.33074	3.640507	-20.765524	0.02735294	29256.32900953293
356	153.29361	110.61041	264.0495	29.512543	225.6813	124.11625	358.647	34.807785	1000.0	1000.0	1423999	20.708546	12.33465	50.43473	3.642395	-20.713968	0.037106857	29336.722298383713
357	180.21078	134.10138	356.8326	44.99972	220.10002	116.99824	361.62552	43.16011	1000.0	1000.0	1427999	20.70029	12.373222	50.26292	3.6589737	-20.70694	0.030591633	29419.00856757164
358	224.88614	115.20679	341.65146	33.542156	209.12051	108.03637	359.43872	31.315552	1000.0	1000.0	1431999	20.731417	12.377793	48.337948	3.6537538	-20.735222	0.029599093	29500.504188776016
359	205.34871	100.62729	266.45718	31.088518	270.73523	82.91634	357.53964	56.01223	1000.0	1000.0	1435999	20.707954	12.357993	47.900597	3.6568797	-20.709259	0.03583554	29583.617570877075
360	148.29106	112.34252	262.8954	30.740967	276.37653	91.47029	357.28555	32.4239	1000.0	1000.0	1439999	20.650068	12.351583	47.736427	3.6496513	-20.654617	0.03139075	29665.545420885086
361	154.27414	106.98486	262.4385	36.39308	182.54825	142.86482	359.7271	36.571743	1000.0	1000.0	1443999	20.637096	12.36954	54.648293	3.644461	-20.641205	0.026770134	29753.044582366943
362	152.48874	112.2922	265.0191	36.887764	270.3809	89.378525	369.97455	36.31586	1000.0	1000.0	1447999	20.643534	12.382467	50.368923	3.637687	-20.646122	0.031165436	29836.819739341736
363	158.63177	102.12604	267.541	56.322243	260.0788	78.440765	358.6873	54.682323	1000.0	1000.0	1451999	20.599117	12.369708	48.378635	3.6379874	-20.602081	0.026656555	29921.002526521683
364	233.4847	111.15127	357.87048	53.496082	290.39377	44.512707	358.59372	253.91061	1000.0	1000.0	1455999	20.668493	12.320618	47.388584	3.624465	-20.672516	0.027371047	30001.393151283264
365	283.53873	42.79101	357.093	250.44579	173.9468	131.06253	358.70956	43.55488	1000.0	1000.0	1459999	20.68505	12.301438	49.291733	3.6117282	-20.691425	0.029120278	30081.06995153427
366	229.86734	121.813644	366.0452	32.535664	193.78941	126.41673	358.20468	33.005505	1000.0	1000.0	1463999	20.780504	12.336885	51.227493	3.5999656	-20.786976	0.028577201	30168.904421806335
367	154.57034	106.05239	262.53198	34.553818	208.25064	105.71329	357.25732	45.85334	1000.0	1000.0	1467999	20.822044	12.367522	47.520447	3.5915158	-20.826244	0.027623978	30250.28100991249
368	259.42892	125.20013	365.38574	54.381054	219.13997	115.34735	357.62408	35.837315	1000.0	1000.0	1471999	20.781843	12.340397	46.485313	3.5892851	-20.786705	0.023710892	30334.057973623276
369	314.28528	49.29049	369.7894	265.17206	259.4978	109.70692	358.1166	53.961735	1000.0	1000.0	1475999	20.86227	12.318731	47.6214	3.5843756	-20.866844	0.02706814	30415.506952762604
370	233.71295	120.829796	369.2504	38.234055	227.86482	94.96382	356.55838	37.87589	1000.0	1000.0	1479999	20.913216	12.29412	49.160385	3.582462	-20.918007	0.028997134	30498.4431476593
371	179.3114	134.10626	358.01263	43.36166	170.18039	132.15393	357.36688	34.43441	1000.0	1000.0	1483999	20.877186	12.329014	48.56976	3.5816717	-20.882462	0.027975475	30579.260668039322
372	207.19864	97.02187	267.88922	39.328823	229.28696	119.05455	359.58142	55.971375	1000.0	1000.0	1487999	20.896612	12.322806	48.397842	3.5807033	-20.903246	0.029221129	30675.31503176689
373	287.36343	40.72042	357.87277	263.00195	203.59293	136.7227	365.1817	32.77179	1000.0	1000.0	1491999	20.958529	12.336505	48.41819	3.57487	-20.965063	0.027047448	30760.862684726715
374	258.78442	123.73739	358.77893	54.736355	283.46365	37.86281	359.43515	256.9263	1000.0	1000.0	1495999	20.988785	12.364062	48.0619	3.5670931	-20.996658	0.028258767	30844.439940929413
375	204.7399	94.11433	265.06116	42.195145	164.51584	119.998245	356.20517	37.5759	1000.0	1000.0	1499999	21.01344	12.385158	48.440193	3.5600367	-21.018927	0.028206917	30928.37314271927
376	180.14761	135.09209	356.36475	48.561188	275.5919	80.00544	372.33203	76.67104	1000.0	1000.0	1503999	21.015623	12.382488	52.811108	3.550234	-21.022205	0.030649075	31009.4216940403
377	126.37963	133.21172	356.52213	34.168404	226.4952	97.48616	359.36914	36.27801	1000.0	1000.0	1507999	20.963917	12.412661	50.893967	3.5469494	-20.969597	0.029785324	31090.09325838089
378	122.20197	140.98654	366.11536	34.14635	213.66585	142.68492	363.6499	36.122066	1000.0	1000.0	1511999	21.030462	12.436916	48.050972	3.5400634	-21.036451	0.025818879	31177.46234035492
379	207.32634	91.92337	264.046	48.19959	194.9636	101.96975	265.38828	35.88232	1000.0	1000.0	1515999	21.062996	12.433747	51.422134	3.537375	-21.070154	0.030750856	31260.36419582367
380	310.4686	46.912476	358.65945	261.53897	171.33633	135.58784	358.24307	32.825596	1000.0	1000.0	1519999	21.042488	12.459471	49.772495	3.5351863	-21.050045	0.031339634	31341.44677257538
381	231.41524	117.82416	357.70276	38.205482	260.7474	84.25879	372.79892	38.95181	1000.0	1000.0	1523999	21.080078	12.478614	49.99252	3.5341837	-21.085537	0.035945427	31428.890546798706
382	227.98026	113.338326	355.86768	45.03178	215.39941	118.89776	359.22775	32.758102	1000.0	1000.0	1527999	21.102955	12.4767885	47.291378	3.523788	-21.106909	0.02715628	31511.52102470398
383	259.05948	124.97959	358.88766	52.4345	215.85149	120.170364	358.0891	35.443707	1000.0	1000.0	1531999	21.02235	12.472185	48.9516	3.5138834	-21.026764	0.04144251	31593.68780016899
384	258.95056	124.44117	359.45453	54.5209	246.34644	113.23592	366.67462	35.7148	1000.0	1000.0	1535999	21.026632	12.476266	49.822952	3.5033174	-21.030159	0.028796114	31678.02579665184
385	183.40454	131.79987	355.6255	54.699604	200.75017	139.10396	358.45538	30.971657	1000.0	1000.0	1539999	20.983255	12.490767	46.54776	3.4933543	-20.986605	0.02681793	31760.26533818245
386	333.64954	40.58909	357.39304	263.34818	258.51324	115.179565	366.06696	36.558304	1000.0	1000.0	1543999	20.97381	12.470396	47.816246	3.4880452	-20.97784	0.026268119	31850.691954135895
387	257.06006	124.78365	359.38614	52.584625	220.85489	121.58646	356.33606	32.578556	1000.0	1000.0	1547999	21.05128	12.477778	46.90181	3.478583	-21.055819	0.029435202	31939.05060482025
388	282.36752	130.65332	358.54065	56.071175	173.43863	131.95578	357.52383	33.977043	1000.0	1000.0	1551999	21.135612	12.456049	49.834785	3.4714496	-21.139524	0.024682192	32021.05317401886
389	129.97868	133.7705	361.50464	44.8374	259.08566	112.52711	360.24463	41.027542	1000.0	1000.0	1555999	21.07281	12.448568	53.98233	3.4633632	-21.075207	0.024936894	32101.35090279579
390	98.39713	94.32552	261.00333	36.53238	183.2417	116.15163	356.09064	35.08727	1000.0	1000.0	1559999	21.06308	12.414301	46.488697	3.462284	-21.066559	0.02881672	32183.659591674805
391	208.28358	93.659355	267.66354	46.159737	165.08592	120.95467	358.64743	36.42153	1000.0	1000.0	1563999	21.043736	12.420642	48.12023	3.4615958	-21.047941	0.026169285	32270.230651140213
392	332.65442	45.15469	362.65894	254.5587	247.59956	110.30911	358.4272	42.054047	1000.0	1000.0	1567999	21.171072	12.39214	47.968033	3.456621	-21.175661	0.026023975	32355.681938171387
393	334.5523	43.1469	363.86826	259.96997	302.15262	48.023457	371.31516	257.0886	1000.0	1000.0	1571999	21.142925	12.403766	49.108944	3.4576523	-21.14593	0.027810723	32440.738245010376
394	283.94247	42.07525	356.46616	253.02034	248.23169	131.6746	357.76505	42.06727	1000.0	1000.0	1575999	21.10705	12.421893	51.273598	3.4625556	-21.108778	0.030856952	32525.627680063248
395	150.6062	110.609314	265.67606	37.8166	174.16136	129.93245	357.53333	32.558502	1000.0	1000.0	1579999	21.139515	12.4112215	56.65043	3.454545	-21.141142	0.028295247	32612.735057115555
396	182.79315	132.35292	357.95624	54.00141	111.2241	101.212105	267.18057	34.56359	1000.0	1000.0	1583999	21.096066	12.44296	55.003754	3.4517064	-21.10074	0.033628937	32698.463404893875
397	96.40881	95.63793	261.3458	32.77394	194.5103	126.29627	357.4881	35.882755	1000.0	1000.0	1587999	21.087072	12.467995	55.82892	3.4485064	-21.091574	0.036748588	32786.236088991165
398	309.71838	47.205353	358.21152	260.64255	241.72461	99.12235	358.3083	55.421577	1000.0	1000.0	1591999	21.102993	12.513501	61.713696	3.4473376	-21.110235	0.038481545	32869.098266363144
399	252.12541	132.73169	358.0073	32.32425	245.58662	134.6675	361.83975	37.55078	1000.0	1000.0	1595999	21.188786	12.495659	51.12564	3.4459722	-21.192308	0.03128154	32951.71824860573
400	306.49585	43.090225	357.5855	263.15704	206.30411	108.475464	360.5573	36.7622	1000.0	1000.0	1599999	21.20632	12.493732	48.066288	3.4458656	-21.210419	0.03333545	33031.59932923317
401	152.94467	112.32195	266.2762	31.964233	164.56181	119.818954	357.52618	36.105522	1000.0	1000.0	1603999	21.219833	12.49139	47.903797	2.8822346	-21.22331	0.030053398	33115.306946754456
402	197.30978	159.65771	357.09967	33.461052	266.6123	119.22934	358.94196	32.2838	1000.0	1000.0	1607999	21.218954	12.436294	54.439476	3.4463332	-21.223734	0.033579167	33196.75620007515
403	259.3931	123.24616	357.39017	55.041813	195.66524	124.207016	362.7095	34.89107	1000.0	1000.0	1611999	21.206387	12.422678	49.301003	3.4443114	-21.211449	0.02983498	33278.830489873886
404	176.43614	133.21481	356.9428	43.23877	235.72388	128.40625	360.1401	35.30193	1000.0	1000.0	1615999	21.223475	12.44465	47.313133	3.4372573	-21.227362	0.027775023	33364.682970047
405	147.81494	114.63159	262.4485	32.90627	182.09398	141.70589	358.69418	36.07663	1000.0	1000.0	1619999	21.17488	12.501859	51.634373	3.4241672	-21.177786	0.02961642	33454.25412940979
406	183.87291	132.13272	357.75333	54.928123	197.29745	129.28285	366.79193	36.187622	1000.0	1000.0	1623999	21.092638	12.4844885	50.256546	3.4222639	-21.095427	0.031753544	33540.67369675636
407	211.98297	89.53819	264.94983	56.90612	193.17047	129.61562	358.16302	32.308422	1000.0	1000.0	1627999	21.114752	12.492356	51.46337	3.417441	-21.12075	0.031857483	33623.792420864105
408	91.65985	96.50682	258.78677	33.538776	301.8106	49.340496	371.23853	252.15182	1000.0	1000.0	1631999	21.111658	12.4997	47.895905	3.4169536	-21.115263	0.028354777	33705.605911016464
409	177.0078	138.96965	359.03235	35.24897	248.80069	108.341286	361.94357	41.787796	1000.0	1000.0	1635999	21.038023	12.503345	49.23322	3.411194	-21.042486	0.034665484	33788.05206656456
410	310.88556	46.406586	357.39984	263.53937	195.73914	127.21571	358.76175	42.771122	1000.0	1000.0	1639999	21.073416	12.514689	49.093998	3.400137	-21.07785	0.028552562	33869.41672587395
411	206.1612	98.901596	267.96863	34.93948	143.13817	123.92672	368.18066	35.41925	1000.0	1000.0	1643999	21.101562	12.516126	48.67413	3.392035	-21.106993	0.025988039	33952.175597429276
412	156.61765	106.708374	263.89264	46.5247	211.68436	144.97234	358.68015	34.927162	1000.0	1000.0	1647999	21.031	12.510708	49.99913	3.3896856	-21.033632	0.029406022	34033.404380083084
413	103.11948	94.41524	266.0874	36.024536	203.72186	134.96396	358.7358	37.10925	1000.0	1000.0	1651999	21.038614	12.47221	48.092274	3.3896909	-21.042496	0.025286384	34116.44530057907
414	199.45523	96.945175	265.56744	31.89434	223.73393	122.65935	356.8496	38.580566	1000.0	1000.0	1655999	20.94461	12.493061	47.948776	3.390323	-20.948465	0.026744781	34202.70796632767
415	169.39764	144.67068	357.41168	21.245981	191.9766	127.86134	359.44882	22.285135	1000.0	1000.0	1659999	21.043793	12.490901	49.01777	3.3883557	-21.046024	0.026709018	34289.59075546265
416	278.16205	90.03229	359.35242	138.76392	236.24092	106.146355	358.2024	21.098179	1000.0	1000.0	1663999	21.036474	12.486351	46.692772	3.3947086	-21.041555	0.023629105	34383.54200005531
417	237.1985	111.46767	361.04303	56.28633	197.3915	101.5598	267.17722	36.713535	1000.0	1000.0	1667999	20.98116	12.498178	51.61897	3.395207	-20.98557	0.023717402	34469.82069659233
418	231.2456	118.15071	356.6036	36.97349	273.37628	77.671295	362.75455	79.2907	1000.0	1000.0	1671999	21.04676	12.50905	50.795387	3.388402	-21.04961	0.028238578	34564.447041511536
419	266.76663	0.8477642	267.65976	265.3936	185.97743	137.46693	357.9114	21.256039	1000.0	1000.0	1675999	21.028717	12.509481	48.075848	3.3778195	-21.032246	0.024153527	34651.459258794785
420	202.92865	104.213264	266.8475	22.487011	201.7671	118.243805	356.3192	21.352253	1000.0	1000.0	1679999	21.047718	12.522733	47.205387	3.3706763	-21.052303	0.023200862	34743.94030094147
421	168.81427	142.96277	357.83978	21.887371	284.20444	40.54896	370.4535	258.62143	1000.0	1000.0	1683999	21.035303	12.49692	47.12631	3.3637629	-21.03796	0.024288202	34828.54970216751
422	190.45306	167.28357	358.12558	21.563566	230.19736	141.48695	368.26675	21.866468	1000.0	1000.0	1687999	21.027954	12.497232	45.145844	3.3526766	-21.02948	0.025509464	34911.748959064484
423	23.630827	2.019693	26.216932	21.597292	166.42165	116.73078	264.87537	21.547554	1000.0	1000.0	1691999	20.948887	12.478717	46.105335	3.3423645	-20.95163	0.034255	35002.50249290466
424	226.46008	123.69163	358.09732	23.241907	200.10733	119.136894	357.14136	21.59789	1000.0	1000.0	1695999	20.866396	12.55019	53.096523	3.3360374	-20.869902	0.027406104	35090.16769480705
425	140.2534	118.8738	262.4103	21.102573	176.83737	129.66623	360.73535	20.847939	1000.0	1000.0	1699999	20.892452	12.559826	47.494034	3.222193	-20.89658	0.026042843	35178.50153851509
426	168.93527	145.2181	357.6783	23.383526	216.62675	117.8419	358.1378	36.16	1000.0	1000.0	1703999	20.82713	12.520118	46.46989	3.304639	-20.829542	0.027166687	35269.17556285858
427	130.02899	131.58199	357.93344	53.1318	200.76305	116.7025	358.716	21.542301	1000.0	1000.0	1707999	20.795824	12.483528	49.586422	3.2954354	-20.800714	0.02460091	35357.60507130623
428	139.52342	115.56763	255.47198	23.147152	235.79065	111.15785	360.6975	25.78025	1000.0	1000.0	1711999	20.811153	12.478361	47.545925	3.2902577	-20.815914	0.028496884	35440.575023174286
429	251.61191	136.30554	358.6971	25.179428	139.78195	116.11005	265.60757	21.683588	1000.0	1000.0	1715999	20.8386	12.508218	53.399597	3.2781782	-20.84245	0.026377488	35526.77505493164
430	145.76407	118.77624	266.9814	22.208261	158.46964	126.44478	358.25885	24.411633	1000.0	1000.0	1719999	20.76222	12.560288	47.125164	3.2545793	-20.763617	0.021767346	35617.54576969147
431	264.23526	1.4836988	265.8893	262.1245	241.3103	144.82991	371.0623	22.037264	1000.0	1000.0	1723999	20.766005	12.540503	48.018124	3.2405307	-20.76846	0.02572815	35708.71163582802
432	148.6716	115.06792	266.33035	30.427822	201.46004	117.657265	356.61395	24.807388	1000.0	1000.0	1727999	20.817137	12.520904	48.749527	3.2227945	-20.821047	0.02674022	35800.93344736099
433	286.86957	41.81747	358.99414	256.86673	244.94873	134.28957	363.30832	34.125793	1000.0	1000.0	1731999	20.814936	12.532186	48.527912	3.2109802	-20.81831	0.02417733	35891.925572395325
434	175.1385	129.08934	341.02045	44.90403	205.3552	110.461006	356.6206	35.192516	1000.0	1000.0	1735999	20.90103	12.521473	51.29001	3.2038188	-20.902653	0.026765434	35980.896644592285
435	166.1905	146.8677	355.9199	21.74152	207.41504	124.06643	357.33804	22.789001	1000.0	1000.0	1739999	20.857473	12.541102	48.735844	3.1891873	-20.860754	0.026432863	36066.21282911301
436	140.97157	119.416824	264.55518	21.557102	216.15312	131.61058	357.18814	21.724422	1000.0	1000.0	1743999	20.827536	12.554488	50.835278	3.1719613	-20.830456	0.0329528	36152.93113279343
437	83.01558	98.67687	253.67566	21.695108	128.76102	132.17368	364.11902	21.621943	1000.0	1000.0	1747999	20.88655	12.561393	50.316666	3.1585512	-20.891092	0.029141571	36243.43274760246
438	250.90097	135.85909	358.5852	26.056227	129.08792	127.879105	356.81003	20.372026	1000.0	1000.0	1751999	20.879444	12.593377	47.83114	3.1496053	-20.884632	0.03187369	36330.32423758507
439	249.16989	137.59984	357.29996	20.655022	253.31787	122.47927	361.05682	22.392136	1000.0	1000.0	1755999	20.876822	12.574187	48.484505	3.1439636	-20.877684	0.026759937	36426.35295963287
440	228.74265	127.219925	371.57138	22.93818	178.3302	128.79541	359.30817	22.183311	1000.0	1000.0	1759999	20.90015	12.584433	52.468323	3.1352751	-20.902771	0.02369552	36516.81341600418
441	225.3989	124.46382	358.95953	21.344616	107.6212	124.08513	356.69745	21.268269	1000.0	1000.0	1763999	20.921839	12.56698	48.37228	3.1201243	-20.925215	0.027847402	36614.72527718544
442	226.96579	124.566605	357.78668	21.601538	172.02478	153.40657	366.0638	21.00595	1000.0	1000.0	1767999	20.908716	12.57791	50.271008	3.107708	-20.912073	0.027867718	36708.194407224655
443	275.44397	146.34389	364.75577	22.02421	198.51581	143.36916	360.40457	21.283846	1000.0	1000.0	1771999	20.976765	12.587675	49.570454	3.0914013	-20.979511	0.025900353	36804.57550096512
444	227.69875	124.741356	359.56833	22.387123	239.24484	117.22576	360.00443	20.967012	1000.0	1000.0	1775999	21.01113	12.603696	51.64562	3.0786018	-21.014622	0.032437164	36896.49970912933
445	166.93845	146.97084	355.9511	23.499376	136.37761	143.34065	355.90964	20.873575	1000.0	1000.0	1779999	21.038502	12.607491	51.04134	3.0682857	-21.043285	0.031023217	36984.14137887955
446	143.81332	136.01823	355.20935	22.635033	286.1128	99.30187	359.6546	21.929623	1000.0	1000.0	1783999	20.990347	12.6487665	48.37961	3.0553575	-20.993675	0.030991953	37070.5945417881
447	139.79895	118.22879	259.47858	21.298233	233.85873	111.83873	358.76666	22.407684	1000.0	1000.0	1787999	21.006262	12.669961	49.35293	3.0345643	-21.010473	0.028798763	37151.8988096714
448	226.33916	124.42205	358.6015	21.87041	208.51889	128.39536	365.5463	21.274632	1000.0	1000.0	1791999	21.004025	12.687265	49.72402	3.015947	-21.008415	0.030622669	37234.2325026989
449	250.76923	136.86006	356.89172	22.32306	229.45963	140.5225	359.82153	20.755903	1000.0	1000.0	1795999	20.988668	12.696592	48.859528	2.9957886	-20.992437	0.032439686	37318.77770590782
450	164.56711	147.24774	356.46628	21.344519	140.69827	142.88916	358.5346	21.967302	1000.0	1000.0	1799999	20.995478	12.726496	52.767902	2.9759994	-20.999802	0.030894516	37403.64398097992
451	108.49691	143.07681	356.14374	21.29295	240.96506	117.64321	358.26328	21.874716	1000.0	1000.0	1803999	20.92448	12.739349	49.424088	2.9547935	-20.927528	0.027047051	37484.202775001526
452	142.72797	117.26744	261.444	23.4017	243.14664	118.5506	358.6704	20.814392	1000.0	1000.0	1807999	20.962564	12.742324	50.083195	2.9304945	-20.967766	0.030484214	37566.72169685364
453	253.57756	139.4778	369.48285	22.08237	186.89835	136.59831	357.92133	22.4786	1000.0	1000.0	1811999	20.961313	12.774499	47.873657	2.9038906	-20.964672	0.025878992	37651.729328393936
454	235.74602	110.7411	358.46927	55.891525	279.69278	90.206276	359.7587	43.898388	1000.0	1000.0	1815999	21.000027	12.826482	48.104046	2.8820157	-21.003822	0.026979053	37742.13710522652
455	257.50916	125.443474	358.17694	50.713856	196.57669	125.596	358.11658	38.904087	1000.0	1000.0	1819999	20.97605	12.833677	53.796715	2.8687346	-20.979332	0.02885899	37824.171206235886
456	205.42694	87.36549	267.2134	56.152767	243.64151	140.7624	367.14224	30.980232	1000.0	1000.0	1823999	20.954752	12.818323	51.922844	2.854579	-20.959427	0.033034172	37906.900562524796
457	213.56326	88.38173	266.90347	60.530758	182.63286	131.78558	359.05954	21.52597	1000.0	1000.0	1827999	20.985462	12.781448	48.22448	2.8495035	-20.99017	0.027400607	37988.505286216736
458	209.95236	90.1737	265.5852	53.869583	247.47429	111.59258	356.9718	36.425686	1000.0	1000.0	1831999	20.956043	12.759346	55.73131	2.839624	-20.961048	0.02823391	38065.55084824562
459	333.29904	42.31435	359.76947	260.04074	181.7873	159.8155	358.83734	20.972372	1000.0	1000.0	1835999	20.95962	12.745151	56.585037	2.835426	-20.963215	0.028723244	38141.68308377266
460	162.28008	144.45897	358.45123	23.522108	176.33487	128.16438	357.29544	21.806366	1000.0	1000.0	1839999	20.97961	12.734441	58.347904	2.8301015	-20.98215	0.028298019	38218.87314891815
461	150.71915	110.64228	260.91364	22.262783	204.35631	152.42143	358.6486	21.693695	1000.0	1000.0	1843999	20.953568	12.754734	49.46492	2.821179	-20.95654	0.032808594	38298.62949562073
462	225.63846	123.91636	356.73114	21.801178	229.61365	141.51439	359.3395	20.985117	1000.0	1000.0	1847999	20.902628	12.781304	51.33022	2.8174887	-20.904032	0.02984443	38378.46538281441
463	228.19164	125.34	358.54697	21.066448	207.918	126.12467	357.31357	21.15938	1000.0	1000.0	1851999	20.896965	12.783434	51.60379	2.808537	-20.900782	0.028623203	38458.475138664246
464	202.23114	103.33107	263.78516	23.276854	184.58032	135.55371	357.50296	20.777405	1000.0	1000.0	1855999	20.88099	12.771653	47.643703	2.804631	-20.884125	0.030126292	38538.112948179245
465	150.10724	112.112526	262.05838	21.40252	200.55618	121.36722	369.25607	20.566113	1000.0	1000.0	1859999	20.92252	12.751193	51.98301	2.7964787	-20.927092	0.032161187	38620.55235123634
466	296.41724	61.68699	359.06714	222.75467	229.29724	140.43184	357.97733	21.192524	1000.0	1000.0	1863999	20.964226	12.783761	49.985474	2.7893658	-20.968853	0.027972769	38695.37160539627
467	284.6861	42.567524	358.13086	255.58717	189.6329	109.7105	266.545	21.640049	1000.0	1000.0	1867999	20.948895	12.755899	52.95674	2.7791164	-20.952671	0.027672844	38772.23151922226
468	250.91832	138.50453	363.95245	21.541746	217.9418	134.3013	371.3781	21.208681	1000.0	1000.0	1871999	20.968008	12.733173	62.829285	2.7763798	-20.972473	0.03069065	38856.12828731537
469	142.931	120.761185	266.90198	20.988726	242.20093	118.454445	364.47354	21.271013	1000.0	1000.0	1875999	21.076336	12.729028	56.137054	2.7658587	-21.08175	0.03083484	38941.88078212738
470	141.57101	118.65756	264.20358	21.587492	242.2091	117.34488	357.6466	22.696312	1000.0	1000.0	1879999	20.995148	12.744227	52.759792	2.7604046	-21.000881	0.028842596	39026.14406013489
471	286.9535	40.70731	357.32916	259.45718	231.96616	136.63948	361.17245	21.280193	1000.0	1000.0	1883999	21.03691	12.710632	48.926785	2.7431073	-21.03993	0.028966986	39114.2977142334
472	83.21379	103.27877	262.08545	21.613695	151.74306	133.17317	360.8551	20.83062	1000.0	1000.0	1887999	21.006065	12.702601	50.945652	2.7354336	-21.009747	0.034843285	39195.13179111481
473	205.10094	106.01722	267.11438	21.476181	254.38815	86.782715	358.20523	22.585695	1000.0	1000.0	1891999	21.022207	12.699739	51.531788	2.7235286	-21.025915	0.030755168	39271.294726610184
474	248.28526	136.45	357.2128	22.926065	295.11813	99.22517	363.36328	23.50441	1000.0	1000.0	1895999	20.976545	12.66338	48.83809	2.7121947	-20.980568	0.02921353	39348.60552239418
475	250.49011	137.56548	357.64267	21.213753	256.76486	86.819595	357.70584	22.254778	1000.0	1000.0	1899999	21.016882	12.671287	53.818146	2.712398	-21.022371	0.03538658	39428.83616018295
476	273.96664	145.47537	359.23575	22.000395	197.55267	148.21478	369.3245	21.468359	1000.0	1000.0	1903999	20.980492	12.715708	50.16156	2.7002153	-20.986198	0.031447273	39510.27038741112
477	168.08002	148.42671	358.543	22.143469	300.50766	46.365818	358.15475	258.28522	1000.0	1000.0	1907999	21.076153	12.757028	48.232086	2.687299	-21.08173	0.03448182	39594.685010671616
478	265.47034	2.2179976	267.15472	261.71936	118.63257	118.521515	267.82617	20.72252	1000.0	1000.0	1911999	21.109947	12.804945	51.951855	2.677237	-21.115883	0.0281265	39674.78425812721
479	227.87688	124.93663	357.3009	21.227882	160.80887	142.01305	357.30548	21.56336	1000.0	1000.0	1915999	21.084995	12.83864	51.502556	2.6707835	-21.091843	0.03372903	39757.61491417885
480	144.08565	121.894226	267.0511	22.141827	250.97043	106.32152	361.03076	47.729664	1000.0	1000.0	1919999	21.09015	12.853903	50.71102	2.6664352	-21.09609	0.03131213	39841.849965810776
481	235.43192	113.010735	357.56012	50.503704	267.35773	83.436066	357.65872	49.62276	1000.0	1000.0	1923999	21.072483	12.85378	49.629383	2.6608121	-21.076805	0.029110137	39918.754673719406
482	100.96386	92.18386	258.84955	26.424973	267.83133	117.31083	359.56012	42.286556	1000.0	1000.0	1927999	21.074682	12.817107	53.67648	2.6544638	-21.080301	0.034923423	39997.12844491005
483	335.4242	39.051586	359.6791	267.81055	186.8201	137.61835	359.67538	22.180096	1000.0	1000.0	1931999	21.07884	12.818383	54.300354	2.6452606	-21.084324	0.03341674	40075.6942486763
484	286.35922	80.0734	358.43494	162.91368	203.40604	124.718506	358.16306	21.207905	1000.0	1000.0	1935999	21.116405	12.771547	48.47199	2.6415772	-21.12059	0.025998741	40151.73202753067
485	162.77563	141.7128	341.17648	22.350824	196.42143	147.89075	371.5973	20.928013	1000.0	1000.0	1939999	21.050055	12.739805	48.602413	2.6308694	-21.052578	0.031769592	40229.24997162819
486	273.63403	145.3619	357.9861	21.86108	176.28938	149.43134	365.32864	21.597248	1000.0	1000.0	1943999	21.054464	12.714489	50.015587	2.6194441	-21.060421	0.03288504	40305.91787528992
487	205.56293	104.096	267.36774	25.29676	234.7699	112.31032	356.8561	21.190247	1000.0	1000.0	1947999	21.103813	12.712878	51.675148	2.6135705	-21.109491	0.034223374	40383.21322107315
488	224.43227	124.33208	364.77838	23.73103	211.02872	127.494415	357.76306	21.442558	1000.0	1000.0	1951999	21.11117	12.719927	50.354843	2.6020699	-21.11657	0.028808182	40466.44068789482
489	147.11662	109.23436	259.15887	23.414944	181.02727	160.65155	364.43402	21.319597	1000.0	1000.0	1955999	21.174385	12.674362	59.683075	2.591529	-21.180243	0.034147665	40551.22819662094
490	165.53387	147.5003	356.824	21.193466	176.06305	127.547134	358.36288	21.42255	1000.0	1000.0	1959999	21.150438	12.668973	52.679325	2.5787656	-21.155876	0.032599777	40637.59180688858
491	234.79807	110.94593	359.86493	55.558704	176.09128	127.64155	356.69122	21.379553	1000.0	1000.0	1963999	21.129126	12.685231	51.571938	2.5696082	-21.135063	0.027284553	40720.01993060112
492	110.07007	143.55573	358.43594	21.352358	207.8304	126.986786	358.83417	21.898941	1000.0	1000.0	1967999	21.10754	12.692362	55.454556	2.5589783	-21.112755	0.038085647	40811.581318855286
493	225.62918	124.391884	358.9856	21.79689	235.50766	110.01357	367.59314	24.701162	1000.0	1000.0	1971999	21.173508	12.675371	61.15109	2.5493653	-21.18164	0.045164384	40893.39823246002
494	81.26276	103.277985	260.1448	21.178703	153.7502	133.4717	358.21158	20.96013	1000.0	1000.0	1975999	21.142498	12.716218	48.895317	2.5374982	-21.150946	0.028239584	40980.09454751015
495	252.31532	138.75197	363.4161	21.775566	294.86627	99.73027	358.4593	22.011936	1000.0	1000.0	1979999	21.141665	12.787311	54.323654	2.5256345	-21.14897	0.035127524	41064.22846412659
496	125.37901	106.41904	262.8559	21.308977	246.97635	78.55333	342.80777	22.61446	1000.0	1000.0	1983999	21.16934	12.819165	45.87504	2.5122337	-21.177134	0.027890133	41154.715210199356
497	105.9926	145.19688	357.47787	21.375591	249.7004	123.22074	359.98935	21.23007	1000.0	1000.0	1987999	21.20136	12.833643	54.497894	2.495221	-21.208225	0.033169676	41245.44932556152
498	105.39901	145.03337	356.60318	21.052101	199.09952	118.02184	340.48306	21.313705	1000.0	1000.0	1991999	21.132647	12.867418	49.910667	2.4830532	-21.139187	0.02968438	41336.24929738045
499	190.35732	167.09041	357.80298	22.346571	214.01318	96.14551	266.32318	21.399853	1000.0	1000.0	1995999	21.11035	12.949237	48.467125	2.4725468	-21.121655	0.033784125	41420.78705525398
500	264.40652	2.2896743	267.5384	261.80936	301.65662	46.175014	359.35126	261.95215	1000.0	1000.0	1999999	21.255508	12.961132	49.656456	2.4527845	-21.265373	0.033572875	41509.26462173462
