Epoch	AverageEpRet	StdEpRet	MaxEpRet	MinEpRet	AverageTestEpRet	StdTestEpRet	MaxTestEpRet	MinTestEpRet	EpLen	TestEpLen	TotalEnvInteracts	AverageQVals	StdQVals	MaxQVals	MinQVals	LossPi	LossQ	Time
1	32.797516	2.3695037	35.670982	30.160088	20.6882	4.3867035	30.448072	17.640112	1000.0	1000.0	3999	1.1852773	0.3691348	2.8921022	-0.9851742	-1.2666209	0.0047149323	56.441423654556274
2	29.713457	1.1716001	31.072886	27.956268	20.125065	6.965856	24.016998	4.6385355	1000.0	1000.0	7999	2.1356983	0.31808695	5.478138	0.5812641	-2.1572754	0.005097208	125.29407453536987
3	30.71299	4.165636	34.709152	23.732332	32.256046	14.383424	42.850376	10.078728	1000.0	1000.0	11999	3.204341	0.64462316	7.6606407	0.44751137	-3.29292	0.0073577617	195.6267533302307
4	25.116505	12.056162	38.259125	10.226845	24.0567	8.368448	31.574617	9.610891	1000.0	1000.0	15999	4.136547	0.5140402	7.5332775	2.7922218	-4.1949606	0.006044945	265.33861470222473
5	52.352917	27.762003	99.53513	28.873571	85.72838	45.835667	157.56203	22.487911	1000.0	1000.0	19999	5.75243	0.6974931	11.363468	3.6292179	-5.87191	0.010093642	335.0059645175934
6	77.716095	36.29119	136.53792	37.31899	154.5765	40.056973	208.81645	64.854706	1000.0	1000.0	23999	7.031013	1.3823725	17.55232	4.953414	-7.145644	0.0175322	404.29044246673584
7	164.66293	37.454826	220.86052	123.519005	141.53728	60.43652	201.60194	14.240943	1000.0	1000.0	27999	9.207204	2.2797906	19.94896	5.511209	-9.363441	0.044259753	472.52641344070435
8	220.83493	39.48612	282.46396	185.94617	86.52351	60.83287	241.19342	44.389015	1000.0	1000.0	31999	11.775921	2.8279257	24.74716	7.2431517	-11.947531	0.07547581	543.3710386753082
9	117.511894	66.95277	188.91133	21.074667	22.680508	24.609243	94.30679	4.451878	1000.0	1000.0	35999	16.471981	3.3835387	30.929909	8.27132	-16.901434	0.16421643	614.9588549137115
10	53.790833	16.60223	75.65983	28.946865	200.98175	146.88513	414.90356	53.205738	1000.0	1000.0	39999	21.79386	2.8130646	38.712692	11.12297	-22.124386	0.15478207	685.4716901779175
11	160.68597	60.268517	225.35486	99.49993	107.55054	49.316376	220.76059	66.87214	1000.0	1000.0	43999	24.812687	3.5870557	40.990086	15.219045	-25.104115	0.17053244	755.890124797821
12	205.76288	99.71646	336.45062	56.681168	110.79533	113.84276	335.6236	19.867966	1000.0	1000.0	47999	27.13592	5.0646496	44.09894	18.362038	-27.437738	0.18929239	826.5487005710602
13	195.13576	63.83477	241.23311	85.58424	292.78217	139.65791	433.4722	60.20223	1000.0	1000.0	51999	28.838533	5.987516	48.21654	19.444637	-29.093096	0.21120241	897.7700781822205
14	353.87057	41.343	416.22787	301.55417	106.695946	63.80286	244.73035	34.49599	1000.0	1000.0	55999	31.944897	6.77481	54.727013	19.430973	-32.379734	0.31439412	966.5616939067841
15	356.07788	96.006935	451.19025	200.79475	476.32828	15.804928	503.5878	457.63037	1000.0	1000.0	59999	35.918785	6.4091654	59.097244	23.007671	-36.32237	0.3452683	1039.1631767749786
16	475.5629	43.196445	516.6506	407.3587	520.60266	24.409744	555.4617	486.21106	1000.0	1000.0	63999	39.747967	5.9444366	61.76951	26.156763	-40.1915	0.37257034	1110.3305921554565
17	417.25317	227.08316	576.465	25.098957	583.3165	34.3289	634.24457	529.37775	1000.0	1000.0	67999	43.00871	6.1590595	66.87715	31.628181	-43.400875	0.40211457	1182.6228473186493
18	439.2272	142.53316	542.3567	193.75731	462.56967	189.2501	629.9323	12.013993	1000.0	1000.0	71999	46.447395	6.979854	71.68674	32.69857	-46.963566	0.5393378	1259.009537935257
19	163.30577	208.5185	522.7396	10.608074	222.09627	156.18634	531.16254	41.26043	1000.0	1000.0	75999	51.07028	5.960359	73.34172	35.893265	-51.54142	0.58995414	1337.040214061737
20	302.50064	204.47151	570.0112	81.81705	381.10638	192.29082	661.5097	116.05833	1000.0	1000.0	79999	53.062115	7.4600167	82.965355	38.14677	-53.522964	0.67989284	1413.8686306476593
21	392.745	154.3408	564.04034	193.56656	535.38763	76.85653	650.5896	378.44525	1000.0	1000.0	83999	56.11527	10.073455	90.596855	38.100178	-56.67043	0.9557078	1490.6269273757935
22	598.1952	34.47455	646.275	558.5069	600.33575	69.14492	699.4686	440.66217	1000.0	1000.0	87999	62.368504	10.130809	90.860374	38.16132	-63.143017	1.0855604	1567.4683315753937
23	644.7105	58.04009	703.2497	550.88165	651.47437	201.03073	796.146	59.434868	1000.0	1000.0	91999	68.073364	8.314543	91.55937	45.864403	-68.66955	0.9236782	1645.891125679016
24	680.9177	29.08818	725.6089	644.10046	740.983	46.948387	806.9338	639.0047	1000.0	1000.0	95999	70.11711	8.598891	94.159874	47.7311	-70.63225	0.8406053	1722.0622899532318
25	729.0973	21.439655	765.29803	709.44836	764.1051	45.96692	838.44934	692.40515	1000.0	1000.0	99999	73.01302	8.458126	98.52028	50.941437	-73.60484	0.9242016	1797.9648559093475
26	718.951	9.371682	727.754	703.2087	613.4928	175.82462	758.05695	156.99898	1000.0	1000.0	103999	75.02648	9.047092	104.08892	53.501312	-75.593506	0.9113256	1873.6578254699707
27	723.9857	24.26399	755.704	691.9535	817.4751	66.26665	880.9135	635.4448	1000.0	1000.0	107999	77.81223	8.544344	101.68603	51.984043	-78.39225	0.8724585	1950.868938922882
28	719.286	22.696615	756.95844	697.8462	817.8154	37.757206	882.2887	731.6871	1000.0	1000.0	111999	80.04053	8.256228	102.73559	57.024406	-80.602104	0.8664312	2028.75492477417
29	647.9219	191.00494	809.74756	331.4253	840.8208	45.766987	934.1489	770.73083	1000.0	1000.0	115999	81.62896	8.256766	102.729256	57.26726	-82.16726	0.84029096	2108.1259331703186
30	777.2576	33.870117	822.7864	727.437	712.6414	218.41576	857.72656	129.22624	1000.0	1000.0	119999	82.90592	8.317759	104.74403	57.692165	-83.44982	0.8430307	2186.2689311504364
31	791.6823	15.520212	809.33246	773.9925	788.31604	35.65433	840.03845	721.71173	1000.0	1000.0	123999	84.56485	7.870916	102.90396	59.61759	-85.112434	0.88291276	2262.9324202537537
32	764.47876	27.227243	787.29956	719.70605	741.2731	225.68123	884.077	75.30478	1000.0	1000.0	127999	85.55383	7.887557	102.918396	58.254723	-86.0552	0.85711473	2339.7906572818756
33	814.0667	11.161839	826.3077	797.45917	857.0715	38.364746	889.67163	756.46594	1000.0	1000.0	131999	86.4377	8.006603	105.16096	59.11908	-86.9478	0.85297096	2422.9347200393677
34	876.40375	23.78624	900.439	839.4749	807.8727	139.99031	896.67773	397.75696	1000.0	1000.0	135999	87.422	8.130317	106.41486	58.437805	-87.943275	0.844968	2507.5217986106873
35	635.76495	323.4256	848.39026	77.47612	818.45715	35.367115	865.17346	763.77637	1000.0	1000.0	139999	88.5553	8.058245	107.21984	60.21807	-89.05278	0.8607759	2583.7382242679596
36	834.956	54.17222	926.7519	786.1239	844.4564	49.864178	923.3195	758.92114	1000.0	1000.0	143999	89.40071	8.329443	106.868835	60.828285	-89.91924	0.8617394	2660.6377789974213
37	857.2829	43.930508	910.29486	788.1807	857.3408	44.565613	910.2277	768.05145	1000.0	1000.0	147999	90.52439	8.0975065	106.63118	61.895103	-91.02234	0.8247372	2738.3633999824524
38	832.9064	54.53824	922.0752	785.1322	896.6367	30.579206	939.8096	845.215	1000.0	1000.0	151999	91.21303	8.2201	107.36863	60.669434	-91.6946	0.8269624	2815.4904973506927
39	898.36646	7.594945	908.7666	889.0406	929.35657	18.849068	958.3258	899.9064	1000.0	1000.0	155999	91.60451	8.546942	108.91295	62.971695	-92.06904	0.81564415	2891.5372886657715
40	918.94885	23.01209	943.5951	887.55853	941.5768	14.261032	956.954	913.33844	1000.0	1000.0	159999	92.23951	8.629648	110.07341	63.487404	-92.7081	0.835386	2970.809760093689
41	767.2708	221.6687	918.43353	384.3441	910.2372	21.463915	949.4056	877.924	1000.0	1000.0	163999	92.774	8.930909	109.81915	64.076355	-93.245674	0.8421775	3048.2729296684265
42	923.1393	32.734886	961.98895	879.7004	909.475	44.66993	956.3832	823.00085	1000.0	1000.0	167999	93.68741	8.666654	109.46969	65.036804	-94.1596	0.8479797	3126.231310606003
43	926.0237	27.255981	968.09534	896.70386	931.8998	20.778543	965.6822	897.3573	1000.0	1000.0	171999	94.21837	8.685251	110.882484	64.9657	-94.67212	0.8196904	3203.4979705810547
44	934.6237	19.797142	952.5307	903.68884	880.34094	89.01123	963.289	638.2299	1000.0	1000.0	175999	94.64961	8.754903	109.98861	64.97096	-95.09019	0.7745516	3280.569905757904
45	885.0043	56.324654	937.8949	792.1995	940.40295	9.881495	963.92993	927.1964	1000.0	1000.0	179999	94.94764	8.895675	109.66626	64.92036	-95.382965	0.7527831	3358.290338754654
46	930.6444	26.251467	964.7992	892.7557	940.2261	19.06696	965.83673	907.56586	1000.0	1000.0	183999	95.3497	8.930429	112.24322	65.16632	-95.78446	0.76589346	3435.4138522148132
47	935.86487	21.54124	971.3211	916.9759	918.0171	42.544376	977.4915	817.5114	1000.0	1000.0	187999	95.90766	8.643028	112.12546	64.05894	-96.33969	0.73964834	3514.735828399658
48	937.32935	11.11487	954.9302	924.27026	906.7788	32.542168	948.2647	859.4638	1000.0	1000.0	191999	96.12976	8.590237	111.405556	66.98522	-96.53468	0.7059904	3592.5953216552734
49	938.9423	13.734517	958.26624	921.4145	947.304	16.471928	972.5108	919.1653	1000.0	1000.0	195999	96.19359	8.834486	110.460594	66.00164	-96.59369	0.7067484	3671.6331424713135
50	933.08167	30.37455	956.5842	881.7916	932.5908	35.71479	985.6001	881.7636	1000.0	1000.0	199999	96.23526	8.98925	111.211876	67.49148	-96.64	0.7157807	3747.2385659217834
51	935.602	32.424255	975.71313	894.5279	922.4745	28.465092	966.2023	869.0532	1000.0	1000.0	203999	96.69096	8.693167	109.65146	67.15666	-97.09172	0.72629917	3823.2049593925476
52	939.6842	18.910519	969.8914	919.29333	941.9928	13.97355	957.1916	912.67523	1000.0	1000.0	207999	96.83535	8.768753	111.94822	67.85164	-97.230934	0.6851167	3902.301518201828
53	917.7018	35.366234	948.0778	857.4884	939.45233	22.56019	962.27814	900.36255	1000.0	1000.0	211999	96.96692	8.566422	110.40577	66.99397	-97.33654	0.6411473	3983.4536957740784
54	931.61926	25.02055	957.07654	892.2777	925.6379	22.228563	959.6847	890.66956	1000.0	1000.0	215999	96.90647	8.749355	110.42024	66.46966	-97.27815	0.65062416	4061.8592360019684
55	930.42566	22.998669	958.51166	904.6685	950.97546	17.535261	973.5488	909.8268	1000.0	1000.0	219999	97.0349	8.672959	110.964645	66.849594	-97.40917	0.65424806	4139.1101059913635
56	934.0809	25.240063	961.9593	893.15045	968.2785	12.688617	986.48865	951.33636	1000.0	1000.0	223999	97.20961	8.532164	109.014404	65.942184	-97.57597	0.63445234	4216.776785612106
57	939.39197	25.54096	963.92694	902.55524	952.73016	25.785343	982.9022	910.36115	1000.0	1000.0	227999	97.45222	8.510924	108.98355	63.7133	-97.818016	0.6233469	4294.655375480652
58	937.5438	16.659216	958.36145	917.9319	926.0633	36.01008	970.44696	856.4319	1000.0	1000.0	231999	97.52496	8.518314	109.146706	65.15192	-97.87514	0.60091245	4372.091324329376
59	911.7652	13.408893	932.0992	896.89575	951.9286	14.650353	978.9918	930.7062	1000.0	1000.0	235999	97.59824	8.392025	113.4652	66.8109	-97.94646	0.5974602	4448.966107845306
60	921.5945	51.865597	972.0815	837.2878	950.26385	19.678295	976.4325	910.3066	1000.0	1000.0	239999	97.57129	8.3244095	109.9416	67.01657	-97.905075	0.5845974	4529.740029096603
61	939.54846	25.15442	965.8758	908.7679	960.7294	17.101738	986.9178	931.77795	1000.0	1000.0	243999	97.56959	8.404219	110.53237	64.07428	-97.90703	0.590141	4608.3223650455475
62	951.0686	16.951334	973.2031	925.7833	946.64014	30.822477	988.2323	876.96094	1000.0	1000.0	247999	97.6959	8.361523	109.37288	61.63479	-98.030205	0.5763234	4683.759080648422
63	933.38464	28.201054	963.34503	896.33136	953.6763	13.380651	982.27704	935.0275	1000.0	1000.0	251999	97.60189	8.34554	109.434586	64.39421	-97.918045	0.5618394	4761.112843036652
64	944.93506	21.192432	974.11523	914.6752	957.9614	17.840355	983.97174	913.2013	1000.0	1000.0	255999	97.60225	8.349826	112.76466	61.455738	-97.92769	0.57544434	4839.855705976486
65	952.3534	5.2642355	958.23206	946.7575	945.8003	11.6072	972.5877	930.0675	1000.0	1000.0	259999	97.6868	8.313474	110.11432	64.984924	-97.999756	0.5663549	4917.958612680435
66	970.3533	12.505616	986.9728	952.64374	942.8595	15.82263	962.19403	912.3885	1000.0	1000.0	263999	97.67224	8.308693	109.01038	66.212494	-97.98518	0.5723405	4995.935938119888
67	952.225	11.347461	962.57874	934.10205	952.0165	7.106048	962.425	938.55304	1000.0	1000.0	267999	97.75127	8.270784	108.95511	65.09412	-98.055435	0.57029885	5072.753089189529
68	942.6361	24.735104	960.50494	900.32214	940.8096	28.990992	990.0715	883.6532	1000.0	1000.0	271999	97.79445	8.156345	109.004845	66.155426	-98.097565	0.5412856	5149.364386081696
69	944.6649	9.630176	952.28143	928.48956	954.6068	12.919318	977.41235	936.18976	1000.0	1000.0	275999	97.74339	8.304212	108.577065	66.614	-98.04585	0.54996026	5225.824245214462
70	948.53375	12.582541	958.61536	927.0632	939.6227	10.915304	955.1427	920.4848	1000.0	1000.0	279999	97.74805	8.350506	111.195145	66.02049	-98.04103	0.5461881	5302.443375825882
71	961.78894	16.76751	979.0711	938.198	958.5045	13.359033	980.8725	940.54895	1000.0	1000.0	283999	97.69843	8.276297	108.298386	65.54539	-97.980865	0.5269298	5379.107980728149
72	941.8099	6.7536063	949.53235	932.3155	958.73553	15.135577	978.9357	928.0333	1000.0	1000.0	287999	97.70305	8.054307	107.41957	64.523865	-97.99923	0.5469242	5456.261588573456
73	945.49554	12.721828	956.82587	923.95917	954.5457	14.050042	978.3644	920.0587	1000.0	1000.0	291999	97.79724	7.8946657	108.56416	65.320435	-98.07306	0.5114085	5534.554240465164
74	961.7392	13.382003	984.4994	950.957	962.159	15.3631115	981.62335	936.68445	1000.0	1000.0	295999	97.65661	8.072928	108.611374	64.32702	-97.92756	0.509252	5612.754327774048
75	950.6256	23.221775	975.86926	913.07874	956.3478	21.919708	990.23016	903.4673	1000.0	1000.0	299999	97.64337	8.142892	107.56903	63.40189	-97.923904	0.49162585	5697.425797700882
76	937.2446	11.248058	953.9234	924.04486	970.10223	18.628338	992.2727	941.4818	1000.0	1000.0	303999	97.7065	8.033772	106.880974	64.967155	-97.97532	0.473975	5774.452814340591
77	959.6018	4.781304	964.286	951.97955	945.9645	22.994795	972.6626	898.5692	1000.0	1000.0	307999	97.61576	7.929688	108.30379	64.3213	-97.88251	0.48527408	5851.293957710266
78	969.67725	22.40573	990.18115	932.68787	955.20197	28.044281	987.3317	892.87585	1000.0	1000.0	311999	97.4895	7.989795	108.578125	64.47538	-97.75109	0.48172218	5932.003219842911
79	955.68335	11.393921	974.5364	944.06354	965.5355	15.076956	986.4409	934.337	1000.0	1000.0	315999	97.53118	7.9015355	107.67093	62.72126	-97.79127	0.49270502	6010.960376262665
80	929.4309	28.64382	955.86664	881.2362	939.9445	19.06817	965.82275	898.128	1000.0	1000.0	319999	97.39668	8.048618	110.473946	63.764584	-97.64952	0.493862	6089.222232341766
81	960.9202	18.747274	983.66455	933.5367	962.7451	18.195108	986.4018	932.22736	1000.0	1000.0	323999	97.39377	8.071824	107.24368	64.62849	-97.65238	0.47944227	6166.987977266312
82	945.5054	12.876623	958.5816	926.3495	933.0944	28.840082	976.0986	873.7047	1000.0	1000.0	327999	97.55403	7.8695016	108.37916	64.22564	-97.80925	0.47170562	6244.622913599014
83	956.47235	24.916039	986.8134	920.49493	937.26434	25.99023	981.28613	897.254	1000.0	1000.0	331999	97.54545	7.812063	107.30522	64.31512	-97.78963	0.48363426	6320.4376101493835
84	959.5547	10.326806	974.9818	948.92255	957.895	18.81998	980.10455	908.6843	1000.0	1000.0	335999	97.42908	8.051995	110.44112	65.600464	-97.671425	0.4891979	6396.142471551895
85	953.23334	20.090937	980.62775	925.32513	942.38947	17.079603	972.8766	912.20825	1000.0	1000.0	339999	97.46875	8.034524	107.2219	64.426186	-97.71331	0.49780378	6472.77468919754
86	909.6734	28.794367	942.283	863.57446	943.762	26.045614	973.66473	892.6419	1000.0	1000.0	343999	97.46946	8.06184	109.614395	63.47589	-97.706345	0.50484145	6553.883903503418
87	941.0165	12.736548	954.3532	922.82904	940.7033	33.555424	984.24066	878.11304	1000.0	1000.0	347999	97.52185	7.953103	107.23968	61.599438	-97.76631	0.4780835	6630.817158460617
88	939.81226	29.520672	968.55994	891.59064	949.43445	21.361923	979.44904	897.32794	1000.0	1000.0	351999	97.5528	7.806273	107.57045	62.919865	-97.78358	0.4824595	6708.608165502548
89	928.4729	29.285492	947.42285	877.8334	952.80585	18.141642	984.3205	910.02	1000.0	1000.0	355999	97.49738	7.8446503	105.85676	63.97905	-97.73095	0.47749382	6785.255760669708
90	953.1571	12.96128	975.2975	942.52826	947.45	25.768288	984.6035	888.41077	1000.0	1000.0	359999	97.45355	7.9037786	106.800224	62.60609	-97.6763	0.46345073	6862.233906507492
91	955.0232	13.514783	978.27454	944.76526	949.20197	26.491802	983.6626	902.1715	1000.0	1000.0	363999	97.39234	7.965591	108.503815	63.06336	-97.615974	0.4674936	6938.9403166770935
92	920.16455	26.03625	952.51904	879.80115	929.3244	30.912466	971.91583	873.8695	1000.0	1000.0	367999	97.3458	7.942016	105.66398	63.73529	-97.570496	0.470256	7015.489586353302
93	938.9689	20.49047	967.4924	909.6041	962.4196	22.223806	989.30585	916.0888	1000.0	1000.0	371999	97.39729	7.779516	107.19977	63.89269	-97.61971	0.4580154	7092.581046819687
94	960.0078	11.36857	972.1177	946.6057	867.0768	285.76083	988.1516	10.95699	1000.0	1000.0	375999	97.4253	7.702744	105.588844	63.69996	-97.650955	0.4399233	7168.502281904221
95	935.79846	14.571475	960.8193	924.5894	930.0648	24.147938	968.9102	886.7359	1000.0	1000.0	379999	97.4138	7.7260666	105.33742	62.88951	-97.630295	0.44556838	7248.06874537468
96	942.02386	17.847338	962.7263	921.0324	970.2746	10.429929	983.88904	949.52783	1000.0	1000.0	383999	97.39225	7.768965	105.502396	64.27489	-97.60593	0.45297122	7325.305816650391
97	939.00574	8.832214	953.03253	928.6515	919.5609	19.74473	954.23755	891.50073	1000.0	1000.0	387999	97.4013	7.798955	107.074165	62.324898	-97.6151	0.45431483	7402.66437625885
98	951.6045	22.489286	988.7158	930.9936	947.86554	13.878853	977.65924	928.3846	1000.0	1000.0	391999	97.39541	7.7079635	105.54596	61.220425	-97.60879	0.45234	7481.991619348526
99	943.91724	18.933222	972.89136	919.79095	941.0311	15.672969	964.35297	916.39355	1000.0	1000.0	395999	97.4247	7.6669645	105.11616	63.026184	-97.63824	0.46136335	7558.798393726349
100	925.58417	26.373837	950.4266	881.3689	951.2124	11.860032	974.24554	929.81635	1000.0	1000.0	399999	97.49964	7.551277	106.20342	62.983654	-97.716736	0.44749972	7640.182770729065
101	938.29156	19.82023	966.2287	912.39667	953.071	25.618534	984.6591	908.39215	1000.0	1000.0	403999	97.51379	7.6467233	107.18465	63.76492	-97.718315	0.46544245	7716.986617088318
102	923.4055	20.682552	958.1872	905.5164	939.0033	27.954782	984.1752	884.0547	1000.0	1000.0	407999	97.55595	7.672002	107.45419	63.169155	-97.769424	0.44700104	7795.201830625534
103	948.3332	18.52676	962.2644	916.7324	950.318	16.47997	971.27423	907.6784	1000.0	1000.0	411999	97.67181	7.5115256	106.01066	64.1198	-97.87837	0.42566633	7872.45930480957
104	966.98816	13.072926	986.53467	951.16693	947.9398	17.65716	988.8422	926.1424	1000.0	1000.0	415999	97.61982	7.4892716	106.6678	62.861702	-97.813	0.4188078	7949.5469760894775
105	963.1266	15.9473095	986.32275	942.41174	943.9085	19.566944	970.4236	910.3243	1000.0	1000.0	419999	97.51685	7.6974354	105.272156	61.037678	-97.72081	0.40846968	8033.6124629974365
106	962.7569	19.570389	980.9425	930.0796	950.4989	12.366984	968.6344	931.37396	1000.0	1000.0	423999	97.67767	7.4555	104.91528	60.747047	-97.88327	0.42179602	8110.357450246811
107	950.4369	8.576862	964.24976	941.4737	946.2083	29.443487	981.19257	886.7231	1000.0	1000.0	427999	97.7412	7.429927	105.145515	62.13283	-97.93242	0.3968252	8186.25833106041
108	952.84436	8.886237	967.5518	944.53906	946.11884	21.393507	973.0431	905.06445	1000.0	1000.0	431999	97.63016	7.4921184	106.780464	63.041897	-97.824	0.39503053	8263.79234790802
109	944.346	16.936834	961.4556	926.50604	959.3434	17.122597	986.48724	935.83307	1000.0	1000.0	435999	97.60071	7.528185	105.01505	62.90438	-97.79386	0.40720195	8342.541435956955
110	944.3104	21.324675	976.1739	916.19403	948.43945	23.638033	983.14923	910.36456	1000.0	1000.0	439999	97.71191	7.1054134	105.08712	61.158512	-97.90442	0.3932631	8420.13677072525
111	946.7619	26.019642	975.5608	904.68036	962.94714	15.617979	988.21735	936.41864	1000.0	1000.0	443999	97.57502	7.2679863	105.77196	63.248585	-97.75716	0.3879386	8498.020884752274
112	972.2716	16.522696	982.2439	943.65796	956.69415	28.606365	987.79016	904.16675	1000.0	1000.0	447999	97.55632	7.195146	105.011	63.5568	-97.745094	0.39550072	8575.561678409576
113	949.9937	11.02968	963.57135	933.08826	951.49054	13.941019	969.505	926.7181	1000.0	1000.0	451999	97.3929	7.511184	105.58614	61.464077	-97.57013	0.4007972	8652.351645708084
114	747.24945	390.34363	982.717	71.25129	966.9009	17.486135	987.88654	936.6775	1000.0	1000.0	455999	97.31179	7.5870433	105.90227	62.488113	-97.495	0.42168725	8729.11418557167
115	947.873	8.73029	962.8845	941.1546	947.74054	24.332859	983.22784	916.2145	1000.0	1000.0	459999	97.35777	7.5140553	106.32098	61.204998	-97.54603	0.40264663	8806.14942574501
116	948.7218	7.5839243	960.49005	939.63354	936.8118	27.181053	969.00085	892.2022	1000.0	1000.0	463999	97.48251	7.35972	106.15101	62.03291	-97.6698	0.41206077	8882.882843971252
117	951.797	12.716713	972.55035	939.5947	955.25305	16.889065	980.1109	929.6023	1000.0	1000.0	467999	97.52638	7.3329096	105.74688	59.85324	-97.70916	0.40314853	8959.745466709137
118	953.6847	16.12177	977.1609	932.47797	952.73114	16.981552	980.642	920.3547	1000.0	1000.0	471999	97.46475	7.4641757	105.59738	61.925972	-97.635605	0.38995275	9035.1011800766
119	946.22076	27.447693	985.77795	908.2307	966.90967	13.336708	986.8084	944.72156	1000.0	1000.0	475999	97.42023	7.579671	105.2994	56.812447	-97.60717	0.4065511	9111.170328378677
120	953.64014	19.582418	980.04535	926.05066	968.8099	16.677607	985.6113	939.33466	1000.0	1000.0	479999	97.53613	7.326006	104.7416	62.162834	-97.713394	0.3841834	9188.07388663292
121	961.88513	14.55457	984.7746	946.1896	957.3921	13.124069	984.81213	929.83856	1000.0	1000.0	483999	97.52771	7.4572444	105.13612	61.523525	-97.70227	0.39611763	9265.190926074982
122	925.4765	39.272644	952.29407	857.60016	951.7462	14.676063	983.295	922.8481	1000.0	1000.0	487999	97.54109	7.3933377	105.60055	60.439457	-97.716835	0.39978296	9344.052808046341
123	956.621	4.36722	963.29584	951.2389	960.29834	14.636781	982.04065	937.5984	1000.0	1000.0	491999	97.53816	7.287547	105.347565	60.814835	-97.71053	0.38794848	9422.935916185379
124	963.8117	11.589129	982.25757	952.3985	952.00146	14.904924	974.7195	925.6231	1000.0	1000.0	495999	97.56454	7.181823	105.388275	61.179405	-97.7407	0.39689735	9499.873223781586
125	958.04944	20.829878	980.8278	924.24585	958.9959	13.217183	980.2034	936.6074	1000.0	1000.0	499999	97.59272	7.220172	105.18372	58.968258	-97.762764	0.3937518	9578.182714223862
126	944.2725	24.485884	982.6726	918.18964	958.0685	24.301575	982.5099	911.54584	1000.0	1000.0	503999	97.65861	7.0981493	104.538765	58.32175	-97.831406	0.38677984	9656.206470012665
127	950.03656	24.987257	983.6135	914.8543	953.0114	16.67578	972.05914	912.97833	1000.0	1000.0	507999	97.74281	6.9559426	104.68711	58.422974	-97.914055	0.37657383	9735.588243722916
128	956.22046	6.2010584	963.42633	948.67	934.55664	30.49042	969.4392	874.4344	1000.0	1000.0	511999	97.71161	6.9932284	104.83601	58.578346	-97.87638	0.37592307	9811.944821596146
129	940.44305	38.291233	976.11194	876.0529	954.1335	21.693705	989.93365	919.39343	1000.0	1000.0	515999	97.69444	7.031207	105.901375	57.479153	-97.85833	0.36521453	9889.197651147842
130	963.0146	10.599861	977.042	949.6071	959.14905	13.608189	986.9712	935.7508	1000.0	1000.0	519999	97.69734	7.073128	104.610344	57.032883	-97.87002	0.39333376	9967.97605085373
131	951.9002	10.8902025	963.65137	934.28516	971.08514	7.632636	984.88904	960.16345	1000.0	1000.0	523999	97.71552	7.060602	104.676636	58.742714	-97.873375	0.3775126	10045.384647607803
132	959.43994	11.909551	977.3993	944.31525	957.8996	22.87918	989.0504	913.16876	1000.0	1000.0	527999	97.67688	7.0664873	105.85555	59.127594	-97.84524	0.37964532	10123.034967422485
133	943.0616	14.160334	961.04004	921.63605	953.839	14.756754	974.59875	929.90936	1000.0	1000.0	531999	97.71547	6.996138	104.83214	57.735146	-97.88012	0.36895683	10200.664544582367
134	954.77203	9.04323	964.7089	940.4108	955.06335	11.16274	974.95544	940.20807	1000.0	1000.0	535999	97.73196	6.9363613	105.15202	57.531185	-97.88821	0.36418274	10277.84745979309
135	963.2805	15.408808	987.4468	944.54675	963.8988	18.0962	991.2582	936.8555	1000.0	1000.0	539999	97.63745	7.162598	105.306114	57.41808	-97.79775	0.36758342	10355.548812389374
136	955.46814	11.0820265	968.51953	942.20374	948.83704	22.488564	978.48083	904.0929	1000.0	1000.0	543999	97.77377	6.886941	104.555626	56.64143	-97.938385	0.358341	10434.660726547241
137	941.1273	24.241146	977.5412	918.60706	915.55164	18.984764	952.2621	880.18225	1000.0	1000.0	547999	97.76487	6.8596616	104.07283	58.86258	-97.92219	0.36223632	10511.692488193512
138	960.4297	10.076773	971.928	945.3783	946.66473	38.608204	987.67267	868.3462	1000.0	1000.0	551999	97.67401	7.0181746	103.91865	58.23259	-97.82702	0.3744165	10589.441500425339
139	947.17346	40.598442	990.71265	881.8816	920.91064	31.21126	967.0239	857.9405	1000.0	1000.0	555999	97.66532	7.0141373	104.85063	57.070496	-97.825424	0.3809267	10666.26695227623
140	962.8518	24.363552	984.5029	922.56836	956.94794	14.38896	980.48865	935.0302	1000.0	1000.0	559999	97.75707	6.8373013	104.30702	58.048294	-97.911316	0.3666211	10741.73303437233
141	951.7373	18.612766	970.9199	921.1078	961.99695	18.520515	986.68475	918.0782	1000.0	1000.0	563999	97.67887	6.994859	104.52312	58.85631	-97.83036	0.3535454	10819.93343758583
142	958.90234	19.401846	981.0187	937.342	948.3672	18.620516	980.24835	912.5254	1000.0	1000.0	567999	97.71215	6.9852734	104.36761	62.021984	-97.87287	0.3729735	10899.7277135849
143	945.32825	22.493036	980.0669	917.9381	957.95593	18.881844	982.8753	918.7937	1000.0	1000.0	571999	97.83194	6.7554345	106.97197	60.177933	-97.9863	0.36824194	10978.293848752975
144	934.7642	24.23442	956.1867	893.5908	940.32715	22.46218	966.9223	884.27124	1000.0	1000.0	575999	97.7291	6.993359	104.98949	60.953968	-97.874405	0.36435786	11058.00796175003
145	957.5656	15.416507	976.12286	938.4828	954.77014	19.301716	984.1622	922.7006	1000.0	1000.0	579999	97.72841	6.969754	104.98533	59.014057	-97.88017	0.3786981	11135.183291435242
146	954.0012	13.350245	975.85565	940.28217	956.2596	14.5162945	978.84924	934.6138	1000.0	1000.0	583999	97.7834	6.9173026	105.72901	61.76866	-97.93474	0.35562238	11213.28100013733
147	944.0698	25.645638	981.2119	912.49274	946.2697	17.432537	976.3692	911.30505	1000.0	1000.0	587999	97.82224	6.775921	104.45579	60.609562	-97.97315	0.3523122	11290.57397198677
148	842.20483	179.57452	951.7735	531.2361	949.6544	24.94599	987.47217	898.77747	1000.0	1000.0	591999	97.80034	6.8212004	104.254486	57.976788	-97.94561	0.35732245	11370.205827474594
149	952.4023	40.497196	978.2274	882.4349	933.3254	25.882406	970.33685	897.0293	1000.0	1000.0	595999	97.8046	6.8942575	104.29072	57.86252	-97.95266	0.37131664	11448.531743049622
150	918.20306	48.744244	981.0424	844.2792	961.34845	10.501731	979.3726	944.8444	1000.0	1000.0	599999	97.84012	6.826522	104.2938	58.641525	-97.98872	0.37119135	11525.317427158356
151	970.27356	10.778776	985.2916	956.30005	968.6743	11.562562	985.79724	951.3943	1000.0	1000.0	603999	97.88936	6.814976	104.686325	59.97679	-98.039795	0.3718209	11602.628195524216
152	964.0058	16.259144	984.4369	939.33044	957.33484	20.684484	987.9075	914.18805	1000.0	1000.0	607999	97.93874	6.8083286	104.73273	60.414494	-98.08313	0.3578302	11682.254337072372
153	960.53296	6.9784927	965.7661	948.5162	955.5591	15.6035185	980.4017	929.87683	1000.0	1000.0	611999	97.87703	6.9179716	107.389465	55.661407	-98.02274	0.3500694	11761.082775831223
154	962.40497	32.90114	985.98676	906.1162	968.37317	16.000483	993.54175	937.47577	1000.0	1000.0	615999	97.92347	6.863495	104.70222	60.001274	-98.063866	0.3451848	11839.898475408554
155	952.4252	8.782511	959.66504	937.4885	941.47235	22.701502	983.4795	905.9955	1000.0	1000.0	619999	97.85339	6.916455	104.55823	55.97139	-97.99483	0.35290077	11917.099995851517
156	952.5018	8.2982855	965.0443	944.3498	964.77325	19.276384	986.495	933.6906	1000.0	1000.0	623999	97.87961	6.880996	104.64093	58.877472	-98.02367	0.355355	11995.800916910172
157	962.34265	14.036155	981.08856	946.28394	962.06555	19.423054	987.75287	922.7813	1000.0	1000.0	627999	97.90124	6.746858	104.04773	58.909817	-98.04399	0.33446142	12073.013721227646
158	963.7686	9.489558	979.8035	955.9692	951.07794	15.648831	980.4897	922.34534	1000.0	1000.0	631999	97.92544	6.6406918	103.68565	57.052116	-98.06645	0.3363753	12151.443204164505
159	927.01953	22.78244	956.15686	892.45325	890.6837	30.318731	934.84045	835.47345	1000.0	1000.0	635999	97.90196	6.7751155	103.812515	59.067204	-98.037506	0.32554126	12228.789808511734
160	969.97455	8.876784	979.1547	958.9753	927.2987	29.104286	974.95557	876.34314	1000.0	1000.0	639999	97.85642	6.7695045	104.40811	58.41572	-97.997955	0.3449488	12307.251559257507
161	953.2117	10.228553	969.3915	943.90607	963.368	11.830768	985.5451	942.8677	1000.0	1000.0	643999	97.91848	6.6864696	103.74779	59.852467	-98.062126	0.33859718	12383.897607088089
162	952.6197	18.116512	978.16644	928.9737	948.63245	41.378098	989.69684	862.9776	1000.0	1000.0	647999	97.92582	6.7165394	103.99237	60.482323	-98.06217	0.34384736	12460.926208019257
163	958.9975	16.975672	982.4062	937.1304	875.3861	278.67862	987.20605	39.81741	1000.0	1000.0	651999	97.93372	6.7896547	104.25517	61.214664	-98.071724	0.350162	12538.333105802536
164	954.1396	9.777096	963.6309	938.6981	947.60565	28.23511	987.9389	906.0516	1000.0	1000.0	655999	97.94289	6.7032228	104.68462	61.056168	-98.07751	0.3353654	12615.68326640129
165	947.80237	9.842544	962.3425	934.5917	937.30615	31.893301	984.2776	858.34454	1000.0	1000.0	659999	97.92558	6.791547	106.7821	62.110905	-98.06388	0.34096068	12693.18228816986
166	947.1798	12.34198	964.5217	929.6576	957.0337	12.108429	981.14435	935.6015	1000.0	1000.0	663999	98.03538	6.576745	107.138824	60.981377	-98.17428	0.33904877	12770.174419879913
167	965.0929	5.2252502	970.777	959.0566	968.1662	10.730564	990.6707	956.443	1000.0	1000.0	667999	98.02172	6.500117	104.15124	60.99811	-98.153	0.30805504	12847.084141254425
168	959.8456	28.970123	981.63324	910.02966	947.0085	16.38145	971.88855	914.76184	1000.0	1000.0	671999	97.95371	6.602509	103.65259	62.240334	-98.08373	0.32418394	12924.065638542175
169	944.7106	25.453054	971.2608	903.66797	968.13983	15.948593	989.3184	941.3441	1000.0	1000.0	675999	97.98504	6.5903225	104.29288	59.289307	-98.12306	0.3383479	13001.015941381454
170	965.1158	10.039812	975.55927	949.742	955.3838	18.312477	984.1086	928.2513	1000.0	1000.0	679999	97.97517	6.5386724	104.942856	60.05897	-98.1012	0.3240576	13078.150262832642
171	959.5915	11.144143	975.154	945.2386	866.37976	275.44824	984.767	42.58527	1000.0	1000.0	683999	97.87661	6.735189	104.2777	59.968456	-98.004196	0.3344295	13154.957337141037
172	942.37	16.392916	963.1695	924.6059	952.5845	17.49456	980.11475	926.85895	1000.0	1000.0	687999	97.82847	6.803873	104.26608	59.241306	-97.95839	0.3631988	13231.819857597351
173	962.2281	19.470165	982.10944	930.2763	943.8649	18.511337	976.3916	911.4159	1000.0	1000.0	691999	97.91544	6.5905304	103.8859	61.392586	-98.04716	0.3203142	13308.507069826126
174	949.7418	5.237728	957.0084	943.9211	959.74207	17.672226	987.28394	928.6273	1000.0	1000.0	695999	97.88887	6.635553	104.58964	59.961258	-98.013794	0.3252987	13385.427015542984
175	951.93854	10.479602	959.5637	933.8796	958.05273	22.20269	984.6489	908.8049	1000.0	1000.0	699999	97.94462	6.540814	104.550446	59.26735	-98.075745	0.32178462	13462.073928833008
176	962.375	17.425808	992.04065	949.06946	957.62195	24.301039	987.4211	906.7049	1000.0	1000.0	703999	97.98772	6.6103253	104.306854	59.08923	-98.11691	0.32285365	13539.746423244476
177	921.53534	29.472641	959.88684	877.7039	933.4001	38.44701	975.1638	854.8001	1000.0	1000.0	707999	98.01466	6.7192464	104.85041	60.570713	-98.13826	0.33660308	13619.154442310333
178	945.4386	19.793264	979.00226	930.0591	925.24744	17.732683	953.6853	898.0377	1000.0	1000.0	711999	97.95422	6.8117733	103.686874	60.556255	-98.084465	0.35374898	13696.274906158447
179	949.577	30.630878	979.9983	909.9501	955.6071	23.114065	987.23145	922.93604	1000.0	1000.0	715999	98.09232	6.55163	105.40352	61.26107	-98.22067	0.3406983	13776.09097790718
180	788.13617	273.2744	964.7444	316.01147	971.07605	13.704736	988.4116	946.9263	1000.0	1000.0	719999	98.13445	6.4789777	105.65912	61.918842	-98.266235	0.33608708	13853.704036951065
181	965.8714	8.029487	979.57764	959.85004	959.84686	20.470251	982.6837	921.98206	1000.0	1000.0	723999	98.15523	6.4783425	103.724525	62.079468	-98.27915	0.34448612	13930.614179611206
182	952.0771	17.748878	977.1094	928.1934	940.5243	42.706413	985.3513	834.08746	1000.0	1000.0	727999	98.06256	6.6736984	105.54091	62.78919	-98.18338	0.33955324	14009.192808628082
183	944.2947	36.845657	980.2124	885.6886	955.86975	17.178593	984.603	923.5729	1000.0	1000.0	731999	98.06504	6.7339416	103.45403	62.286106	-98.194275	0.3449082	14086.307488441467
184	964.18536	14.516119	978.9918	942.3416	952.6276	22.136715	976.72186	904.6629	1000.0	1000.0	735999	98.08882	6.806435	104.265915	61.420616	-98.20771	0.3265074	14163.362327575684
185	922.6063	21.58177	950.5376	892.1158	943.1752	28.505476	977.552	889.26514	1000.0	1000.0	739999	98.08319	6.881893	104.13395	59.612194	-98.21422	0.35850835	14239.913005828857
186	946.90607	24.963696	987.01605	925.7577	949.3612	35.43793	987.86237	858.1104	1000.0	1000.0	743999	98.14396	6.7094045	104.191895	60.680573	-98.26662	0.34787995	14315.761829853058
187	961.9978	13.4205065	981.1056	943.28125	951.45526	13.79739	981.67065	937.0493	1000.0	1000.0	747999	98.0626	6.851834	103.9025	60.47235	-98.18197	0.33627146	14393.17894077301
188	973.77026	16.303043	988.6496	948.07947	962.2171	15.57715	982.9134	934.07227	1000.0	1000.0	751999	98.08223	6.8204913	103.86903	60.226624	-98.20632	0.34425104	14473.685470104218
189	949.0922	26.602882	977.11035	918.39777	956.8167	18.796526	982.98364	918.0146	1000.0	1000.0	755999	98.12882	6.685835	104.63708	57.73257	-98.25239	0.33866662	14551.606904745102
190	980.732	10.162089	988.7194	963.816	966.5571	11.278005	986.88043	946.1724	1000.0	1000.0	759999	98.09476	6.613354	104.04774	60.39376	-98.21247	0.31668937	14630.83384513855
191	959.80054	5.184598	966.2951	952.28973	963.5775	21.45938	987.7244	908.8462	1000.0	1000.0	763999	98.08926	6.5910625	103.59851	60.60353	-98.208626	0.32172626	14708.719650268555
192	944.90216	14.672662	961.7536	922.34845	960.45984	12.86934	983.15485	941.91705	1000.0	1000.0	767999	98.07338	6.638484	103.85859	59.224033	-98.1909	0.30540726	14786.567530155182
193	963.1538	9.43846	974.69617	952.11584	951.5794	19.591978	976.99756	921.22363	1000.0	1000.0	771999	98.07357	6.6293583	103.884254	60.60172	-98.192535	0.3223449	14863.892413377762
194	959.48016	36.00993	984.4461	897.40717	959.4295	20.460688	987.0106	919.002	1000.0	1000.0	775999	98.03606	6.665745	103.99445	57.548717	-98.15191	0.32696792	14943.757482528687
195	956.42596	23.328873	973.6795	916.6949	963.355	16.113111	982.0508	922.14087	1000.0	1000.0	779999	98.07799	6.6469984	104.12111	57.046055	-98.19649	0.31624073	15021.876019477844
196	967.8218	12.106445	986.1941	955.04395	960.75305	14.091867	985.14056	942.4133	1000.0	1000.0	783999	98.1299	6.560043	104.606	59.91932	-98.24864	0.3270262	15098.159079551697
197	966.8783	6.827894	974.5836	959.7479	953.7394	19.556494	979.86206	919.45825	1000.0	1000.0	787999	98.07948	6.573167	104.84108	56.795547	-98.19472	0.3305752	15173.99567604065
198	971.03217	13.28174	982.64026	948.63556	948.05145	26.050653	975.05164	892.8821	1000.0	1000.0	791999	98.00467	6.694363	104.29564	54.93005	-98.11939	0.32954788	15252.690869808197
199	953.2752	22.56911	973.9538	916.17163	945.7585	37.375343	981.97577	850.0072	1000.0	1000.0	795999	98.07924	6.435395	103.79158	58.41313	-98.196304	0.30795786	15331.946526765823
200	950.28424	8.097251	963.84186	942.52234	948.57947	27.02114	970.60895	875.1892	1000.0	1000.0	799999	98.02659	6.6261053	104.97688	59.7792	-98.132904	0.31651995	15411.45441865921
201	946.2885	30.352858	977.2486	898.94525	966.6185	14.640411	986.44037	936.53326	1000.0	1000.0	803999	97.94281	6.867711	105.689606	56.1702	-98.05788	0.32537147	15489.911489725113
202	973.63464	10.776459	984.10333	956.2711	961.90704	19.888374	988.0185	929.7287	1000.0	1000.0	807999	98.02372	6.596514	103.94038	57.4775	-98.13821	0.3148085	15568.584184646606
203	938.4828	20.369638	971.65625	919.0405	951.8563	21.712727	984.58344	899.84094	1000.0	1000.0	811999	98.02724	6.5320053	105.02391	56.51913	-98.146484	0.35411882	15646.953013420105
204	953.84393	5.245115	959.854	945.8412	961.8084	10.453987	980.6256	947.9724	1000.0	1000.0	815999	98.15334	6.307028	104.26855	57.613243	-98.274	0.32394275	15724.43029165268
205	962.63184	8.362194	975.78455	952.5626	968.7655	20.581007	988.7034	916.432	1000.0	1000.0	819999	98.2462	6.206884	104.182144	57.642487	-98.360344	0.3090034	15802.804178237915
206	955.7092	15.303511	975.61224	933.5896	949.4116	27.485537	975.85364	877.5099	1000.0	1000.0	823999	98.29804	6.293491	103.49204	57.161343	-98.41608	0.30543593	15882.206328868866
207	956.6221	18.616022	984.475	937.69867	958.78876	18.372292	984.3258	927.008	1000.0	1000.0	827999	98.35112	6.2870708	103.81041	60.44396	-98.46364	0.29792395	15961.148727178574
208	944.68225	36.28867	983.5782	905.7069	971.7633	16.848494	989.05396	942.9396	1000.0	1000.0	831999	98.33233	6.276782	105.88038	60.89059	-98.44117	0.2986358	16037.567689418793
209	968.4855	6.0434813	976.15857	961.33936	948.93964	17.137066	973.3559	914.28265	1000.0	1000.0	835999	98.28882	6.331227	103.31558	59.14155	-98.398705	0.29977328	16116.405450344086
210	951.6531	11.021606	966.22894	935.36865	861.9181	286.44934	987.839	6.4112473	1000.0	1000.0	839999	98.21899	6.4584093	111.79828	58.83749	-98.32606	0.30367792	16194.159646749496
211	951.29785	7.831635	964.44684	944.8685	960.3952	15.233147	985.0689	939.4045	1000.0	1000.0	843999	98.19342	6.4320526	105.16593	58.876846	-98.30488	0.31476024	16272.38041639328
212	972.3971	7.088403	979.7206	963.1688	947.33057	29.055725	987.84015	896.16705	1000.0	1000.0	847999	98.21968	6.334782	104.270615	59.359604	-98.33086	0.3185071	16349.898671150208
213	966.0603	5.3192782	974.40796	959.6056	967.27295	14.819187	987.2324	941.3272	1000.0	1000.0	851999	98.17245	6.567168	103.31989	60.587418	-98.27876	0.30247456	16427.328981161118
214	946.05884	30.329279	982.2106	898.22375	960.7243	14.240558	986.5121	938.2923	1000.0	1000.0	855999	98.21321	6.541447	103.89958	60.97599	-98.32653	0.31339565	16505.22103190422
215	948.89087	34.39797	986.53174	893.3242	964.5875	13.263859	989.49115	947.4023	1000.0	1000.0	859999	98.27644	6.344655	104.89275	61.957035	-98.384346	0.3040797	16585.589775800705
216	947.56854	33.82599	990.65344	896.39044	951.5202	24.145582	984.0431	907.79004	1000.0	1000.0	863999	98.22969	6.4370027	104.18969	60.527954	-98.33452	0.29958257	16663.0552880764
217	938.9804	20.775465	961.1084	904.86755	953.22815	17.261913	981.3522	917.30096	1000.0	1000.0	867999	98.21571	6.415394	103.94098	58.70992	-98.32443	0.30229884	16740.520399332047
218	959.5981	25.52998	982.7408	919.57526	969.2293	11.14761	991.6973	953.79736	1000.0	1000.0	871999	98.22103	6.3446355	104.73404	60.142246	-98.32706	0.30148762	16819.280745983124
219	977.7449	13.512101	989.1234	955.1758	949.8381	26.698982	991.2931	885.25366	1000.0	1000.0	875999	98.31242	6.227619	104.17284	60.953564	-98.42441	0.29255095	16896.981106042862
220	966.3998	17.280788	989.0547	941.6962	948.39484	22.121399	982.2635	906.5212	1000.0	1000.0	879999	98.34553	6.1783347	103.73309	60.52701	-98.452934	0.2861057	16973.686378240585
221	968.7273	6.618619	975.6134	961.1076	956.42596	28.81649	987.7513	908.1325	1000.0	1000.0	883999	98.31697	6.2292776	103.30819	60.966038	-98.418076	0.27943176	17054.67978000641
222	956.8335	15.8480425	982.60675	939.6334	964.18225	25.413494	986.4411	894.17267	1000.0	1000.0	887999	98.23474	6.4488063	104.88454	60.59781	-98.34044	0.28971943	17138.32837486267
223	969.48	7.955984	983.0177	962.5593	958.57	22.823874	987.32446	918.7629	1000.0	1000.0	891999	98.29923	6.2030544	103.63219	59.691883	-98.40603	0.2953739	17219.38109588623
224	962.5293	12.125282	981.9128	950.086	959.83435	15.439253	984.81415	931.2843	1000.0	1000.0	895999	98.15324	6.506109	103.565506	59.41096	-98.24739	0.30173984	17297.952916383743
225	952.4087	29.099897	985.42365	918.3273	961.0363	20.52816	994.9546	914.73047	1000.0	1000.0	899999	98.09934	6.7736454	104.12321	57.945656	-98.20517	0.3210654	17375.775252342224
226	942.40094	33.376644	982.6897	891.28937	961.6608	16.678717	985.9467	933.6035	1000.0	1000.0	903999	98.18076	6.476368	103.99355	58.33905	-98.28975	0.32881433	17454.89690899849
227	960.9722	7.243503	968.2424	952.3361	953.9424	27.74397	987.9323	908.1362	1000.0	1000.0	907999	98.23341	6.3961587	103.30972	58.72721	-98.33633	0.30097476	17533.407390117645
228	927.94415	13.513743	948.65106	910.7672	953.9867	25.885408	987.5021	889.89386	1000.0	1000.0	911999	98.27819	6.4711385	104.313774	58.28255	-98.38454	0.31846404	17611.069059848785
229	953.5297	23.268488	976.3871	916.2618	926.9544	24.339445	969.7285	888.24457	1000.0	1000.0	915999	98.35021	6.381716	103.9812	58.690933	-98.459564	0.31830063	17689.89185643196
230	916.63184	20.055109	938.1262	895.1663	955.21643	18.459635	981.59204	929.442	1000.0	1000.0	919999	98.55542	6.1949377	103.91609	58.777676	-98.66757	0.30979446	17767.679275035858
231	965.44714	13.703812	979.5157	948.96185	956.9176	16.245604	978.91174	932.75195	1000.0	1000.0	923999	98.59012	6.088143	105.95715	60.66084	-98.69324	0.29967573	17845.68250131607
232	962.01855	10.192273	974.56915	946.278	952.74835	21.42703	977.3252	908.51886	1000.0	1000.0	927999	98.5442	6.067717	103.460236	60.381165	-98.64397	0.28552255	17922.471326112747
233	972.8464	11.638758	982.2327	952.9796	960.6295	16.787455	981.68634	926.9035	1000.0	1000.0	931999	98.4455	6.1701574	103.47821	61.19493	-98.54145	0.28812903	17998.87830734253
234	967.19037	10.487067	985.00543	959.0396	949.62335	26.860243	977.99615	887.3716	1000.0	1000.0	935999	98.37326	6.24394	104.278336	58.10693	-98.472595	0.31407696	18076.71632194519
235	964.43933	13.75274	982.30035	943.68176	954.0741	12.650726	985.7781	935.6193	1000.0	1000.0	939999	98.37	6.2134795	103.12051	59.946224	-98.472046	0.296608	18154.91777920723
236	972.01074	11.455633	984.9338	956.32886	938.63495	23.506538	974.64484	897.9094	1000.0	1000.0	943999	98.40608	6.1286387	103.84877	59.405235	-98.5122	0.30199403	18232.953253030777
237	952.6865	10.558826	961.1254	934.5848	957.54456	21.75784	984.94116	912.11945	1000.0	1000.0	947999	98.43127	6.098802	103.83811	60.30239	-98.52682	0.2988812	18310.703550815582
238	957.40076	18.097445	983.778	934.8343	949.9513	20.223644	979.12836	903.09894	1000.0	1000.0	951999	98.39012	6.2670803	105.95124	60.51744	-98.494514	0.2998307	18388.673364639282
239	965.2961	6.3946295	974.95197	958.9575	966.58875	14.040896	988.131	937.7002	1000.0	1000.0	955999	98.44126	6.136578	104.16507	60.414482	-98.53891	0.27897266	18470.153923273087
240	959.7752	26.184343	985.1209	916.8585	966.6785	13.207008	992.3282	945.4574	1000.0	1000.0	959999	98.45671	5.964518	103.727036	59.56206	-98.55673	0.2771858	18547.71020579338
241	963.0187	5.554929	971.1179	955.7852	968.84686	15.432915	989.6687	940.18445	1000.0	1000.0	963999	98.39191	6.11558	104.80978	57.47824	-98.48685	0.29206616	18626.801656484604
242	958.40625	21.85689	986.4836	925.1921	965.87823	14.095246	986.21155	946.646	1000.0	1000.0	967999	98.35459	6.2182155	106.041916	56.070312	-98.456436	0.30043414	18705.232922554016
243	958.6529	11.411251	974.5887	944.2746	966.50586	15.378375	991.45105	940.6073	1000.0	1000.0	971999	98.42096	5.997416	104.31455	57.684036	-98.51829	0.2905005	18782.803202152252
244	973.53796	5.0982356	979.1505	967.83026	962.5496	15.224032	978.87054	931.99133	1000.0	1000.0	975999	98.46466	5.916609	104.55289	60.26271	-98.56437	0.28116524	18861.21593260765
245	968.76196	13.694796	991.8143	955.8333	959.76483	11.451233	971.9707	940.0299	1000.0	1000.0	979999	98.3825	6.056718	103.640594	60.410145	-98.47641	0.26648593	18941.49377822876
246	966.64294	18.94423	993.4721	947.5649	963.7244	13.95709	986.8103	943.21106	1000.0	1000.0	983999	98.37929	6.0959067	104.16751	60.01286	-98.47687	0.28435633	19019.887144327164
247	961.0742	9.521126	971.44366	948.8013	957.44403	24.573807	982.0612	893.57764	1000.0	1000.0	987999	98.39197	6.0890546	103.31983	58.15916	-98.48911	0.28788513	19097.5560131073
248	951.065	13.992436	962.3231	927.1696	964.22156	11.022073	985.94934	945.7071	1000.0	1000.0	991999	98.40331	6.170115	104.12187	56.10294	-98.49858	0.29546392	19175.048948526382
249	957.03156	15.3691025	980.8782	938.0168	957.2875	15.66783	990.2836	932.78235	1000.0	1000.0	995999	98.35444	6.1989927	104.33492	54.117973	-98.44975	0.29617646	19252.590536117554
250	940.36395	20.556387	961.3284	911.0861	956.62335	24.081417	981.577	900.30743	1000.0	1000.0	999999	98.4253	6.0878553	104.02906	54.362656	-98.52259	0.28275368	19331.98676800728
251	969.30817	13.984333	987.7526	949.3985	959.1177	15.70833	981.77277	927.229	1000.0	1000.0	1003999	98.45438	6.066669	103.86129	56.87148	-98.5472	0.27651215	19411.665002584457
252	957.68604	21.288528	980.777	932.9736	959.4837	12.683268	984.26227	937.96545	1000.0	1000.0	1007999	98.46372	6.0438733	103.52522	58.677807	-98.55286	0.28569356	19489.577649831772
253	964.7067	12.109796	982.28766	948.2364	958.7676	16.138988	982.8966	925.20624	1000.0	1000.0	1011999	98.54379	5.9796467	103.660645	56.557293	-98.63144	0.29015762	19570.032408952713
254	946.012	21.7671	976.7175	920.364	953.06555	17.490614	982.0324	922.4204	1000.0	1000.0	1015999	98.62612	5.8709874	103.4563	53.671658	-98.71028	0.27462986	19647.513415575027
255	958.66003	11.117814	974.7347	943.315	969.51904	16.326794	986.08295	933.8629	1000.0	1000.0	1019999	98.71857	5.698344	103.08477	54.958103	-98.8003	0.28506002	19724.30043554306
256	964.9562	11.352829	983.56915	952.7788	964.7489	15.39606	988.1793	948.85626	1000.0	1000.0	1023999	98.78441	5.5346885	103.40521	56.444725	-98.864265	0.29384837	19800.359493494034
257	940.3855	24.323282	965.1538	902.9445	959.14307	15.39887	973.87195	931.3573	1000.0	1000.0	1027999	98.80018	5.4518647	102.60637	57.218956	-98.87257	0.28167644	19876.956009864807
258	960.0065	3.3048873	964.4648	955.544	968.307	21.515493	990.55145	917.9136	1000.0	1000.0	1031999	98.84253	5.39483	103.91767	56.525925	-98.91559	0.2737534	19954.74836707115
259	959.4335	9.604306	976.037	953.3876	963.5008	14.283892	987.14124	931.7213	1000.0	1000.0	1035999	98.87813	5.3640924	105.65007	57.63006	-98.948044	0.2581225	20033.952854156494
260	959.9203	19.699543	979.63165	927.10114	957.0919	15.927613	980.6882	925.9918	1000.0	1000.0	1039999	99.01389	5.12631	103.57022	55.683773	-99.0833	0.26015332	20112.70046544075
261	970.4829	20.703346	991.7793	938.4105	959.2372	23.638485	980.0454	912.115	1000.0	1000.0	1043999	99.13852	4.871135	103.691895	56.43362	-99.202095	0.24633646	20190.189896583557
262	953.2229	10.535168	965.8258	936.629	955.66864	9.711058	971.2239	941.09766	1000.0	1000.0	1047999	99.20039	4.825867	104.088356	55.53621	-99.26642	0.24903768	20269.3073823452
263	914.1754	35.04088	955.91516	869.3498	952.19855	20.728418	982.7537	904.50366	1000.0	1000.0	1051999	99.25126	4.7291493	103.559555	57.40467	-99.310234	0.24508998	20346.885174036026
264	960.91174	12.243397	976.09955	942.2365	946.46545	18.468046	983.2255	920.3242	1000.0	1000.0	1055999	99.30308	4.573893	103.99126	55.316154	-99.35965	0.24710636	20424.373141765594
265	955.23816	18.508816	985.0734	934.7145	964.11145	14.903812	985.84344	935.67395	1000.0	1000.0	1059999	99.34111	4.5176425	104.37449	59.58626	-99.39708	0.24254057	20501.895105600357
266	960.2166	6.5726056	969.99585	953.3826	952.54474	25.253624	986.47253	888.79913	1000.0	1000.0	1063999	99.33671	4.5281076	102.802124	57.90605	-99.38678	0.2340661	20580.01639842987
267	955.90137	20.968513	980.86383	923.1544	963.93713	21.149649	988.0242	917.8108	1000.0	1000.0	1067999	99.34717	4.42237	104.66836	56.062675	-99.39448	0.22876626	20657.31339907646
268	952.00934	37.78555	992.8006	898.67004	957.80115	21.343018	985.9745	914.9551	1000.0	1000.0	1071999	99.32993	4.5013475	103.80693	51.791203	-99.379814	0.20696403	20733.87459731102
269	965.48157	6.630155	975.4686	957.10315	968.1717	10.521108	988.58856	947.27954	1000.0	1000.0	1075999	99.37789	4.4227195	103.11078	58.453953	-99.42212	0.21423972	20809.88001060486
270	961.53345	20.941309	987.5065	929.0887	958.45715	29.081842	991.79877	889.496	1000.0	1000.0	1079999	99.47652	4.2136655	103.38213	58.072758	-99.521805	0.21645673	20887.12579393387
271	957.1285	21.458265	988.58167	931.8464	962.19305	17.433647	983.6598	930.7936	1000.0	1000.0	1083999	99.5309	4.1450014	103.921394	57.986168	-99.57097	0.20642143	20965.64801454544
272	956.8334	13.643272	976.5931	942.3646	964.00977	27.405188	989.6715	895.7231	1000.0	1000.0	1087999	99.52034	4.197045	102.79563	55.67636	-99.55939	0.21072201	21043.56789636612
273	953.96265	11.492638	962.98914	934.4985	966.3366	12.653934	988.12286	954.15704	1000.0	1000.0	1091999	99.58678	4.051434	103.558464	53.41213	-99.62578	0.20726386	21121.63621687889
274	959.85126	16.269903	984.186	940.5967	961.58154	14.248376	984.0511	935.3858	1000.0	1000.0	1095999	99.56336	4.172222	103.85503	53.06492	-99.60105	0.2125715	21199.23976612091
275	950.4691	25.163511	981.8548	914.47815	939.8712	21.813091	974.2573	903.0524	1000.0	1000.0	1099999	99.5944	4.111869	103.69467	55.164078	-99.63399	0.21182849	21277.120879650116
276	948.8089	14.79608	972.20154	932.2261	969.0143	21.14968	988.86066	920.2984	1000.0	1000.0	1103999	99.62635	4.1296363	103.10854	55.95278	-99.66266	0.207869	21354.467804670334
277	942.8931	17.678848	969.2691	924.1975	962.4279	11.538244	984.0209	942.75757	1000.0	1000.0	1107999	99.60851	4.0599327	104.20473	55.59757	-99.644135	0.2122998	21432.34978580475
278	946.84607	19.545464	969.3901	916.12274	958.1917	18.433586	986.02576	925.278	1000.0	1000.0	1111999	99.64061	4.074407	103.44929	55.87204	-99.67588	0.20289281	21510.73817563057
279	923.40875	54.64709	965.3909	830.93524	947.17365	29.243553	983.40356	884.6097	1000.0	1000.0	1115999	99.65047	4.0677967	108.72241	57.13212	-99.68503	0.19738717	21588.99029135704
280	947.7592	21.902693	975.7336	918.1075	960.55383	13.986841	987.0838	941.93054	1000.0	1000.0	1119999	99.64583	4.118621	103.07444	57.15199	-99.676254	0.19647951	21666.60149550438
281	964.9364	11.227784	983.80096	954.3155	965.65985	19.129017	988.1005	919.918	1000.0	1000.0	1123999	99.65512	3.9731364	103.71609	58.27749	-99.685234	0.19862185	21746.84477710724
282	946.0621	18.15407	968.6772	920.97406	965.9614	12.907084	983.06934	942.1767	1000.0	1000.0	1127999	99.5972	3.971766	103.1415	57.676945	-99.62626	0.18697888	21826.480698108673
283	966.9714	10.437774	984.13745	957.87195	962.0784	16.836311	986.4976	925.97076	1000.0	1000.0	1131999	99.5912	4.001823	109.77046	59.02069	-99.6231	0.19441739	21904.77260684967
284	937.0754	33.029636	981.5371	901.8303	958.4962	14.084749	986.8522	945.2272	1000.0	1000.0	1135999	99.58777	4.097838	103.491714	57.75822	-99.61734	0.19809553	21983.103930950165
285	967.813	16.461763	986.73346	951.2188	947.13055	23.016792	983.8925	909.05524	1000.0	1000.0	1139999	99.63323	4.066591	103.08948	56.3909	-99.66244	0.19389135	22062.47333908081
286	979.0592	5.152499	987.8913	974.9386	962.4538	11.64819	981.2842	937.6057	1000.0	1000.0	1143999	99.65605	3.9925652	104.01074	58.08454	-99.685974	0.18637769	22140.882009506226
287	939.5912	17.243559	960.82263	913.81635	943.89453	26.1769	980.5159	899.1818	1000.0	1000.0	1147999	99.6869	3.8276594	103.98761	58.902634	-99.71423	0.1812036	22218.916110038757
288	945.08307	17.334595	963.3063	916.9709	940.96124	24.830692	972.9257	898.58405	1000.0	1000.0	1151999	99.65614	3.8089597	102.55339	58.87971	-99.6854	0.17901959	22296.72221970558
289	972.75055	6.9293017	982.8096	964.0528	945.4089	21.36439	982.59906	912.549	1000.0	1000.0	1155999	99.68926	3.8757057	103.175476	57.463196	-99.71708	0.18067017	22374.576099395752
290	958.8326	3.248927	961.88745	953.626	971.42346	9.80968	991.0034	957.89386	1000.0	1000.0	1159999	99.67767	4.0023394	104.24198	57.97128	-99.70328	0.18138626	22457.49049139023
291	942.6115	36.519596	989.79614	894.507	949.3379	29.953909	987.69366	891.3561	1000.0	1000.0	1163999	99.69762	3.8447783	103.404305	57.499447	-99.72561	0.17363952	22536.10935163498
292	919.393	61.650723	987.7851	821.3904	941.4718	36.543545	979.68536	840.3091	1000.0	1000.0	1167999	99.71193	3.8033538	103.06697	57.695972	-99.73852	0.17528544	22612.460839748383
293	959.1939	30.735697	992.3422	911.31836	967.37366	15.042438	985.6549	943.2431	1000.0	1000.0	1171999	99.65717	3.8983777	103.53928	59.037136	-99.68144	0.19360475	22694.086927175522
294	934.45667	26.197693	970.6739	906.6389	964.6411	18.563501	987.03766	934.4403	1000.0	1000.0	1175999	99.64983	3.9023511	102.16809	58.599907	-99.67491	0.18516867	22774.819334983826
295	944.0647	28.907738	976.8832	897.47906	963.67334	21.28904	986.09106	908.0723	1000.0	1000.0	1179999	99.64787	3.9837935	103.61003	59.372265	-99.674545	0.19182041	22855.60657954216
296	963.1999	12.399057	983.94604	951.0534	952.1712	21.980764	989.4887	903.85675	1000.0	1000.0	1183999	99.69695	3.8788025	104.43007	58.9778	-99.72596	0.18936445	22933.842849493027
297	939.0442	20.100653	960.56696	910.41437	901.38086	33.73729	951.6804	827.2982	1000.0	1000.0	1187999	99.76367	3.8003736	105.92645	58.815567	-99.792755	0.17766903	23013.5901427269
298	971.8554	5.396544	980.9938	967.0881	943.3423	32.473915	985.5612	880.13983	1000.0	1000.0	1191999	99.76586	3.796334	102.73166	59.434856	-99.79416	0.17635319	23092.050824165344
299	964.8915	14.72838	986.60175	946.58075	969.28644	10.663277	987.5808	957.7123	1000.0	1000.0	1195999	99.78188	3.7836895	103.98922	60.27353	-99.81031	0.1793296	23173.65507864952
300	939.75195	24.104355	963.7939	908.7071	948.76746	16.107311	977.1162	926.9171	1000.0	1000.0	1199999	99.79817	3.8255315	104.4827	60.995472	-99.82456	0.18468064	23251.983971118927
301	939.01196	18.169262	957.6446	909.99036	918.51794	24.243748	974.9234	891.4462	1000.0	1000.0	1203999	99.77032	3.7731586	102.65271	61.437218	-99.79792	0.18157384	23330.42764544487
302	943.1881	9.431259	957.66766	932.88074	943.7902	32.80618	986.48816	893.94885	1000.0	1000.0	1207999	99.77626	3.7396235	103.090965	60.410114	-99.80065	0.17447129	23408.42729306221
303	938.127	31.17237	963.63684	884.8621	961.02997	15.211476	978.7252	936.2326	1000.0	1000.0	1211999	99.75961	3.7843523	102.504166	60.066605	-99.78705	0.16846731	23486.973618984222
304	961.2285	18.374012	983.54144	936.2792	965.17645	23.054735	988.7122	916.31647	1000.0	1000.0	1215999	99.80645	3.750488	102.62521	59.504135	-99.83527	0.15883856	23566.944713115692
305	964.9567	10.958947	980.092	950.0603	956.80774	21.362143	981.5738	916.6308	1000.0	1000.0	1219999	99.87211	3.6940835	103.18365	59.84263	-99.90061	0.1624714	23647.149047136307
306	924.3191	57.593197	960.0175	824.6192	967.2866	16.535885	987.88086	939.7551	1000.0	1000.0	1223999	99.88744	3.6847258	103.38323	59.762695	-99.91493	0.15552622	23725.55646944046
307	961.88153	14.742373	979.2243	946.109	865.77136	275.80527	983.53754	39.993675	1000.0	1000.0	1227999	99.92105	3.7703793	102.64247	60.21857	-99.95191	0.16240098	23804.25677895546
308	960.737	15.898994	987.21564	945.38336	952.225	16.277641	980.95746	930.90405	1000.0	1000.0	1231999	99.96414	3.6990826	105.162796	60.05335	-99.99031	0.15122207	23882.816133499146
309	949.52325	17.511356	967.2687	925.1092	930.3674	38.142082	978.3965	829.6093	1000.0	1000.0	1235999	99.93145	3.718189	104.07801	59.79701	-99.958374	0.15566626	23964.427894115448
310	922.77734	28.551163	953.9566	879.05725	951.2101	20.34896	978.9406	919.12036	1000.0	1000.0	1239999	99.95796	3.6545553	110.041626	61.15495	-99.98681	0.15705487	24046.70449280739
311	941.6699	6.6137624	952.4605	934.49976	866.1014	275.63797	980.9157	41.567474	1000.0	1000.0	1243999	99.97605	3.6626742	102.629486	61.84266	-100.00297	0.15612884	24127.10489296913
312	958.828	23.803492	982.87384	919.3948	931.4466	21.846426	955.29584	889.1929	1000.0	1000.0	1247999	99.98292	3.719583	102.91743	60.66941	-100.01451	0.16214928	24207.585384368896
313	926.6509	33.054344	976.035	891.7929	967.3871	21.238115	991.25977	925.547	1000.0	1000.0	1251999	100.00258	3.6545906	103.048515	61.29149	-100.02943	0.1623643	24286.468344926834
314	971.29926	8.316934	983.4209	962.405	937.5296	39.372482	968.10455	823.5456	1000.0	1000.0	1255999	99.98873	3.771106	103.16877	58.454937	-100.01836	0.16890116	24365.0066242218
315	954.08203	6.1120276	963.0408	947.09595	963.8441	16.283754	987.5925	937.9675	1000.0	1000.0	1259999	99.99107	3.723492	103.1092	60.858498	-100.01803	0.16025189	24446.06293439865
316	951.45544	28.742397	987.32745	908.3865	952.6509	29.299671	980.1948	872.3731	1000.0	1000.0	1263999	99.88822	3.7622428	105.01889	60.694588	-99.909225	0.15754515	24524.862268686295
317	957.4254	5.428887	962.0797	948.35156	957.5802	11.910996	970.41833	927.4338	1000.0	1000.0	1267999	99.83545	3.7430801	103.9191	59.444263	-99.862564	0.16226426	24604.11787223816
318	963.2536	9.210897	977.0086	951.32605	963.24396	12.676374	985.73236	942.93146	1000.0	1000.0	1271999	99.86856	3.7396345	103.64785	59.499744	-99.89867	0.17702848	24683.489253997803
319	918.578	31.695633	973.40405	898.2727	945.3071	30.319263	983.95355	888.07776	1000.0	1000.0	1275999	100.02935	3.7389605	104.06255	62.05986	-100.068886	0.17948265	24762.194800376892
320	941.73883	13.670877	962.74677	928.3344	913.6968	27.97341	952.0975	850.32526	1000.0	1000.0	1279999	100.21196	3.7967923	103.36101	62.33242	-100.24724	0.18835627	24843.94840145111
321	947.4169	14.708901	965.70404	925.3113	935.5702	28.493748	959.415	868.18335	1000.0	1000.0	1283999	100.29596	3.7538557	106.032684	60.426994	-100.3265	0.18566932	24922.65096950531
322	944.66766	37.0091	977.0461	881.99286	951.9798	21.241653	982.47186	910.5662	1000.0	1000.0	1287999	100.211	3.8350074	105.45373	59.995674	-100.23451	0.17920342	25001.219194173813
323	943.82544	9.643578	956.5357	929.3859	920.12634	53.70728	977.9683	791.2685	1000.0	1000.0	1291999	100.14744	3.8826327	103.56037	60.61763	-100.174484	0.17445584	25081.71199774742
324	955.9705	8.528315	969.3652	945.9759	937.8153	36.12935	978.0294	855.1381	1000.0	1000.0	1295999	100.09551	3.881374	104.182556	58.5295	-100.121574	0.17046149	25160.35246157646
325	920.48755	34.981922	971.2517	872.95703	967.5838	9.676496	985.86237	954.34424	1000.0	1000.0	1299999	100.03118	3.8264105	103.10974	61.19499	-100.05534	0.17707181	25238.849964141846
326	958.8763	10.854448	970.10516	942.51227	948.31024	21.10218	979.4322	913.5114	1000.0	1000.0	1303999	99.95843	3.9019303	103.76703	61.485435	-99.98645	0.18617894	25319.104014635086
327	967.5657	19.504894	981.76263	934.01056	941.8253	34.642532	978.9983	880.21094	1000.0	1000.0	1307999	99.92582	3.9195516	103.01964	60.444263	-99.95244	0.18978055	25399.44765305519
328	963.16516	7.4539123	974.55444	955.59875	919.16534	50.258617	969.48553	807.456	1000.0	1000.0	1311999	99.94262	4.014819	104.267944	60.39586	-99.97017	0.18674128	25481.776652812958
329	940.2345	17.474018	952.1699	910.2129	939.89465	28.453478	975.9326	863.39105	1000.0	1000.0	1315999	99.93151	4.055929	104.19797	59.850967	-99.96032	0.1914329	25559.60896396637
330	961.73303	18.458601	981.81946	937.4869	966.80066	13.795362	989.20557	935.6452	1000.0	1000.0	1319999	99.96578	3.9412956	104.593575	61.538986	-99.99372	0.17765848	25640.071706533432
331	917.88104	45.95265	985.181	855.45184	943.41876	26.230516	979.86414	904.0356	1000.0	1000.0	1323999	99.94936	3.8582096	104.85899	62.005466	-99.97693	0.17036965	25719.089360952377
332	954.1908	28.722933	972.78064	904.58044	961.292	13.991754	982.43964	939.9176	1000.0	1000.0	1327999	99.9242	3.844989	103.34599	61.76381	-99.95031	0.17981741	25797.687875509262
333	964.088	14.773326	975.8621	939.26074	947.099	14.308778	962.70355	918.7171	1000.0	1000.0	1331999	99.90608	3.8528068	104.026886	62.089073	-99.93352	0.1800322	25876.12650704384
334	967.9857	10.665105	976.4467	949.9783	962.86017	21.655125	989.14996	910.3376	1000.0	1000.0	1335999	99.87854	3.8283818	102.73104	58.892136	-99.90337	0.17896274	25954.690253973007
335	951.6599	12.452848	966.577	932.9861	958.80975	11.74782	984.4057	937.90326	1000.0	1000.0	1339999	99.83049	3.8435283	103.34386	60.126953	-99.85459	0.18265902	26034.571189403534
336	955.74316	22.795017	973.5313	916.79395	966.3693	13.749546	988.0219	943.3444	1000.0	1000.0	1343999	99.79601	3.7875013	103.13116	61.316387	-99.821144	0.18481016	26113.27830338478
337	960.4273	20.312098	988.6004	935.3604	952.68634	21.785679	987.03406	911.86865	1000.0	1000.0	1347999	99.78563	3.751726	103.0117	59.68336	-99.81154	0.17696974	26191.87173318863
338	951.8688	11.625979	963.99347	933.6612	965.33075	16.99407	990.45636	930.2712	1000.0	1000.0	1351999	99.76553	3.7902002	102.87778	61.45623	-99.790184	0.1683663	26273.74912905693
339	954.8641	11.425661	974.0929	944.1263	967.0282	13.156981	988.2312	950.0609	1000.0	1000.0	1355999	99.7635	3.7259996	103.82356	61.7465	-99.79025	0.16513775	26353.265498638153
340	950.71625	28.63365	984.9177	909.72064	963.0335	13.045199	983.9171	942.72144	1000.0	1000.0	1359999	99.75265	3.6980813	105.16014	61.771248	-99.777954	0.16544156	26432.075983524323
341	957.68506	18.344332	988.8052	941.53674	964.19434	11.759873	987.99097	951.6613	1000.0	1000.0	1363999	99.73236	3.6990635	103.60426	62.30584	-99.75738	0.16166496	26510.758902311325
342	947.65344	27.6091	982.327	913.0918	951.776	22.846134	987.1171	898.9346	1000.0	1000.0	1367999	99.73655	3.710246	103.12331	62.489937	-99.76068	0.16583261	26588.435069561005
343	955.349	20.310688	985.38947	929.05804	960.49774	23.240438	984.92346	917.86646	1000.0	1000.0	1371999	99.70414	3.7896602	102.437325	60.4858	-99.72915	0.18513171	26667.331231355667
344	966.1751	24.181126	988.1182	926.0147	964.71106	11.86709	982.8762	943.8419	1000.0	1000.0	1375999	99.6841	3.8633044	102.52282	60.9433	-99.708984	0.18364735	26747.69713282585
345	961.7807	5.136858	969.0845	956.2124	953.73535	12.579508	979.9494	932.3474	1000.0	1000.0	1379999	99.70164	3.858471	102.62967	50.886757	-99.72586	0.18771139	26829.218110322952
346	947.9	7.872752	959.95123	940.19244	939.16864	12.670852	955.5443	916.2861	1000.0	1000.0	1383999	99.71779	3.7692764	103.215546	61.41407	-99.74374	0.17680457	26909.206421136856
347	945.52924	19.16271	967.1945	914.6768	959.67004	16.472921	987.8009	933.79706	1000.0	1000.0	1387999	99.73372	3.7574322	103.33678	61.382385	-99.7593	0.17387678	26994.353962183
348	940.55774	25.624493	968.33954	908.52856	946.2787	24.412813	971.7051	892.281	1000.0	1000.0	1391999	99.72184	3.7748568	104.160736	59.13446	-99.74587	0.17043729	27073.52476000786
349	958.81665	6.5219526	965.9473	948.5604	947.1292	42.41892	989.5124	870.77527	1000.0	1000.0	1395999	99.71125	3.8037004	103.05794	62.01863	-99.73709	0.17542449	27152.501698493958
350	922.0416	26.838793	954.87317	884.7565	938.80743	33.624302	982.5463	878.5619	1000.0	1000.0	1399999	99.72903	3.8367188	102.52176	59.495884	-99.75242	0.17657205	27235.761666059494
351	920.9043	21.926104	944.5085	885.9077	962.5046	8.191419	975.35443	946.9622	1000.0	1000.0	1403999	99.67594	3.806705	102.09764	61.176105	-99.699905	0.17801052	27317.47360610962
352	956.812	10.556686	969.51245	945.8738	957.0304	16.952662	982.33026	929.69025	1000.0	1000.0	1407999	99.66781	3.7872872	102.99741	60.246124	-99.69121	0.16494977	27398.144378900528
353	970.6404	7.9807777	980.7033	958.9064	952.77295	12.646866	971.1202	932.6431	1000.0	1000.0	1411999	99.61886	3.8816564	102.75841	57.931553	-99.64085	0.1821171	27477.114466190338
354	959.01447	15.417603	984.08704	942.05316	962.8544	14.277633	980.7975	936.4716	1000.0	1000.0	1415999	99.62094	3.8130193	103.47965	60.59854	-99.645485	0.19266964	27558.180599212646
355	954.7839	10.968184	973.54895	945.7659	964.1662	13.503183	984.33716	942.3518	1000.0	1000.0	1419999	99.58947	3.762895	105.97762	38.630447	-99.61018	0.19347446	27636.762996435165
356	966.15985	9.392192	976.0079	951.0584	951.8251	23.950045	984.43994	900.0594	1000.0	1000.0	1423999	99.58407	3.7818956	102.42616	60.964046	-99.610374	0.18274264	27715.075742721558
357	971.87775	15.89555	988.7436	945.8833	963.91974	12.102452	992.56866	944.8009	1000.0	1000.0	1427999	99.62587	3.7373693	102.626015	58.836483	-99.650925	0.16867214	27792.56122279167
358	960.5319	7.38578	970.9318	950.04236	949.48645	23.438429	977.87085	907.83044	1000.0	1000.0	1431999	99.65791	3.6891105	103.56143	54.76248	-99.68334	0.17048228	27872.291447401047
359	931.1363	23.14175	961.45636	898.8605	967.3419	12.377407	989.2995	948.93665	1000.0	1000.0	1435999	99.68118	3.6710103	102.35874	61.287025	-99.70518	0.16409868	27952.83645963669
360	960.68225	9.783284	972.0751	946.60016	954.30725	21.447227	987.0568	917.54443	1000.0	1000.0	1439999	99.67896	3.7033656	104.87414	62.46042	-99.70268	0.16238767	28033.405791282654
361	961.6179	11.351377	980.6448	950.6217	961.7044	18.488152	988.3279	930.68286	1000.0	1000.0	1443999	99.64739	3.7437367	102.25249	54.519264	-99.670456	0.1773147	28113.85711622238
362	955.5845	23.060566	975.2645	916.26794	953.2096	13.394847	978.90204	935.66205	1000.0	1000.0	1447999	99.63899	3.7506635	105.76477	60.374603	-99.663994	0.1709971	28195.53618001938
363	954.03503	2.561121	957.95996	950.77814	955.73376	12.14497	971.8181	933.7829	1000.0	1000.0	1451999	99.66497	3.7131143	103.849945	60.726097	-99.68917	0.15718034	28281.960058927536
364	958.8529	10.638669	977.1865	951.7738	919.03125	33.80921	986.67377	859.31335	1000.0	1000.0	1455999	99.67242	3.6998959	102.592735	61.27751	-99.697075	0.16366486	28363.83373427391
365	933.3016	23.340252	963.1062	898.0505	952.0503	53.37121	987.19745	798.6536	1000.0	1000.0	1459999	99.70088	3.6959417	108.60576	62.206642	-99.72466	0.17427975	28443.551839351654
366	964.23303	15.885273	985.5683	941.37976	941.96594	50.04398	989.17676	798.65875	1000.0	1000.0	1463999	99.68625	3.6290605	102.73929	60.537712	-99.70768	0.17398219	28523.76799583435
367	966.20135	17.772432	987.2026	941.77203	958.9308	20.404078	984.60046	914.9061	1000.0	1000.0	1467999	99.70935	3.5914001	105.66099	61.633194	-99.733734	0.15688203	28603.64615535736
368	906.46625	79.83925	990.0469	774.738	950.4922	22.7801	990.16113	909.15247	1000.0	1000.0	1471999	99.74047	3.6191163	103.52365	61.708103	-99.76662	0.16234644	28683.025653362274
369	943.3193	5.715195	952.5761	937.89813	971.5814	14.527013	993.85	950.0662	1000.0	1000.0	1475999	99.78867	3.561308	102.49462	62.028324	-99.81247	0.1533525	28765.376223564148
370	957.77454	11.407353	972.25037	940.78766	931.1091	25.273588	962.7439	889.24963	1000.0	1000.0	1479999	99.76199	3.6180484	102.67823	60.151615	-99.78352	0.15314636	28846.86703467369
371	899.0072	67.5883	951.7889	783.0518	891.32556	41.122467	934.78265	805.81915	1000.0	1000.0	1483999	99.74767	3.6430743	104.31491	61.13022	-99.77253	0.16926804	28925.891632556915
372	953.85016	6.415816	961.5931	943.903	962.3703	18.53216	989.25354	918.67664	1000.0	1000.0	1487999	99.72563	3.6994967	105.66798	60.82941	-99.748215	0.18934873	29010.78980755806
373	957.1529	9.371734	970.32935	943.8915	968.03546	17.337648	985.8609	935.45087	1000.0	1000.0	1491999	99.7239	3.7705846	104.398445	60.23143	-99.74669	0.20171708	29094.582803487778
374	957.2981	17.649248	979.8253	930.8929	942.7799	30.551874	970.97656	858.43524	1000.0	1000.0	1495999	99.72129	3.7749016	104.318535	57.140003	-99.74572	0.19783086	29173.91945385933
375	959.42255	7.379945	966.9217	947.1636	966.9271	18.53255	987.0548	930.50305	1000.0	1000.0	1499999	99.76418	3.72295	103.577065	55.515984	-99.78909	0.1897563	29255.93531680107
376	966.7089	18.0446	983.93677	936.3984	958.8834	23.859592	993.51404	925.8291	1000.0	1000.0	1503999	99.75859	3.671325	103.164856	51.86154	-99.781235	0.19258144	29335.108819961548
377	963.62415	17.777376	987.01215	945.9164	855.50586	273.47043	991.1293	38.31878	1000.0	1000.0	1507999	99.74659	3.5724194	103.51517	53.60631	-99.77077	0.18280847	29415.819158554077
378	963.848	22.867022	987.21857	931.3809	956.62366	28.448734	990.23224	906.3753	1000.0	1000.0	1511999	99.71403	3.6718926	103.22211	48.09362	-99.73469	0.18811706	29496.356699943542
379	942.9054	24.25289	970.6103	909.6443	955.0671	13.358079	980.1398	933.9973	1000.0	1000.0	1515999	99.63378	3.7294488	104.12301	44.02004	-99.65268	0.20221815	29575.72906279564
380	963.2711	13.3737545	984.84064	949.0813	878.64954	281.44702	986.3448	34.71477	1000.0	1000.0	1519999	99.58428	3.8409905	103.255615	37.36577	-99.60553	0.1823338	29655.11831855774
381	965.393	10.5246935	975.18475	949.25934	927.5251	31.992882	964.6612	842.78754	1000.0	1000.0	1523999	99.57472	3.8046906	103.834335	34.613514	-99.59435	0.18180923	29735.569084882736
382	962.67847	15.410566	988.5527	950.3197	960.8615	10.982844	985.0212	943.7352	1000.0	1000.0	1527999	99.51281	3.9233239	103.87077	31.801855	-99.53332	0.19518967	29816.410593748093
383	968.2757	16.112011	983.2732	942.92584	949.87354	16.448511	974.78845	919.6206	1000.0	1000.0	1531999	99.54058	3.868687	104.94456	32.588	-99.56422	0.19861725	29897.84479022026
384	960.74554	7.0574527	966.1719	948.6469	935.8244	14.426563	965.3419	921.5929	1000.0	1000.0	1535999	99.56285	3.7834039	103.298615	33.806618	-99.586845	0.20271717	29977.506215810776
385	956.3165	8.187517	968.32495	945.24207	910.22687	31.003893	955.4908	842.33307	1000.0	1000.0	1539999	99.60749	3.6766167	104.25172	40.73944	-99.63139	0.17787421	30055.495264291763
386	854.1148	80.46591	941.03174	724.101	932.246	39.014847	963.32574	817.35175	1000.0	1000.0	1543999	99.60001	3.7682009	104.22876	39.930275	-99.61954	0.19453849	30135.564677000046
387	957.81226	20.891485	980.8339	929.6786	951.0389	14.408999	967.4066	925.317	1000.0	1000.0	1547999	99.56976	3.9138668	105.22283	27.638968	-99.594124	0.20128138	30219.423223257065
388	952.287	16.353256	971.5967	926.6132	959.7824	14.874578	980.2287	929.06287	1000.0	1000.0	1551999	99.6185	3.8713286	104.36434	22.448467	-99.64115	0.19697346	30298.32846546173
389	951.563	24.880184	969.8848	908.6906	921.3324	24.888584	950.3059	869.15906	1000.0	1000.0	1555999	99.59306	3.9704971	103.15106	21.899317	-99.613655	0.18926126	30377.073105812073
390	954.5545	9.45556	968.10425	943.7124	959.7533	10.988171	982.8349	942.5519	1000.0	1000.0	1559999	99.57109	3.9805527	103.39082	9.307613	-99.592125	0.1946839	30455.999197483063
391	956.4548	14.06369	977.5904	938.34454	945.4461	39.29455	979.21027	836.2257	1000.0	1000.0	1563999	99.56131	3.9653945	103.34327	10.270511	-99.58395	0.20403232	30536.011529684067
392	951.18427	20.550138	978.39325	929.30743	930.1785	27.142908	968.16534	889.3891	1000.0	1000.0	1567999	99.55884	4.006186	104.7623	14.733429	-99.581314	0.20633435	30615.100234031677
393	909.8722	22.336664	938.8038	887.35156	901.42346	32.538647	958.9816	847.4957	1000.0	1000.0	1571999	99.52891	4.097645	107.65232	31.81093	-99.55005	0.22987996	30694.34112763405
394	943.8191	25.45927	971.2471	909.3953	972.33466	14.072285	992.08093	942.77185	1000.0	1000.0	1575999	99.58324	3.9346316	103.421165	36.795586	-99.60969	0.21565554	30775.308064222336
395	950.31396	22.09948	987.39386	931.0964	949.1927	33.331238	987.258	887.2866	1000.0	1000.0	1579999	99.66648	3.6937864	105.19802	40.649166	-99.69409	0.19052848	30860.88076019287
396	963.0946	9.980022	975.81683	950.2937	973.5335	14.283826	991.22626	948.3599	1000.0	1000.0	1583999	99.70488	3.7331593	106.361984	34.914448	-99.730484	0.21178281	30941.067215919495
397	955.29474	18.987257	980.8986	933.146	945.13983	31.871284	983.073	862.35736	1000.0	1000.0	1587999	99.67783	3.7664921	104.74555	32.62368	-99.70019	0.21276987	31021.1514172554
398	960.26685	32.125145	990.5614	906.5947	956.97577	19.913977	988.4434	928.08026	1000.0	1000.0	1591999	99.63382	3.702414	103.71936	45.320816	-99.6539	0.18470038	31102.47664451599
399	936.4293	17.201649	966.00433	923.677	973.27606	13.632928	990.7547	950.7256	1000.0	1000.0	1595999	99.59723	3.676531	105.0377	49.937534	-99.6178	0.18616702	31180.205736875534
400	949.85785	26.292646	979.67255	913.444	952.6045	21.331823	973.3628	910.3534	1000.0	1000.0	1599999	99.58405	3.6771836	103.83142	57.120888	-99.60811	0.17353572	31259.313930034637
401	939.3999	29.683298	966.71405	889.26917	953.98816	23.730646	985.5019	913.6811	1000.0	1000.0	1603999	99.63734	3.6780145	103.856445	58.896328	-99.66317	0.17461142	31341.38848400116
402	962.99646	7.1852098	971.5907	952.7734	958.7894	17.57755	987.5153	925.4497	1000.0	1000.0	1607999	99.6467	3.646323	103.58845	60.093727	-99.66905	0.17887148	31421.994908571243
403	963.728	23.116045	985.0609	927.9252	965.53467	15.337025	990.3813	934.5768	1000.0	1000.0	1611999	99.65666	3.6396422	104.71872	61.48413	-99.680725	0.18724313	31504.468945980072
404	966.3884	7.754581	979.1347	958.8934	959.1913	17.817057	984.6647	914.9518	1000.0	1000.0	1615999	99.68647	3.6558647	103.02764	58.018936	-99.70989	0.17902263	31583.73125076294
405	959.4489	16.874212	982.6192	937.5232	968.2501	22.643255	994.6259	909.0014	1000.0	1000.0	1619999	99.69675	3.6741455	103.09205	51.050056	-99.72062	0.1766501	31667.18875861168
406	964.54663	11.200281	978.4409	949.40436	961.8206	18.658258	986.4672	925.4423	1000.0	1000.0	1623999	99.70719	3.5965545	102.93729	58.52056	-99.73178	0.18429853	31748.82634115219
407	953.84143	16.146828	978.48755	936.9697	957.5057	20.096884	988.7043	922.02686	1000.0	1000.0	1627999	99.7115	3.5888414	102.52006	58.70113	-99.73647	0.18115708	31830.039422512054
408	959.8695	14.310677	972.55676	936.4947	957.28986	16.061188	984.849	934.2785	1000.0	1000.0	1631999	99.68864	3.6839242	103.08049	59.839634	-99.7108	0.1820941	31909.907190561295
409	822.999	200.29517	958.9473	478.39154	949.575	22.455988	979.0282	900.1866	1000.0	1000.0	1635999	99.62861	3.822922	102.3107	58.59451	-99.651764	0.18355884	31992.265513896942
410	951.6835	22.919086	980.3224	917.281	947.63654	29.708788	984.84766	894.75977	1000.0	1000.0	1639999	99.64359	3.7729058	102.798004	54.10254	-99.666794	0.17423673	32071.841383695602
411	938.1697	22.013943	969.66504	908.18085	960.2659	19.950153	983.20044	914.3518	1000.0	1000.0	1643999	99.62556	3.9257517	102.74753	48.7082	-99.64839	0.196542	32154.189282417297
412	956.1273	8.266943	966.03986	943.2987	962.12537	14.759807	984.3898	933.6694	1000.0	1000.0	1647999	99.63101	3.9385374	103.41607	44.125874	-99.653145	0.18880597	32233.685629844666
413	964.41473	2.5626771	968.2725	961.71246	959.3669	14.151029	988.14124	940.13293	1000.0	1000.0	1651999	99.61941	3.99573	104.98388	37.735477	-99.642296	0.1957317	32312.89296746254
414	939.70764	22.403929	965.17175	908.03046	962.39954	15.567461	985.58673	933.0763	1000.0	1000.0	1655999	99.61457	3.9669633	105.406906	34.9505	-99.63745	0.19152313	32390.55773830414
415	965.02515	9.513513	977.5945	951.29846	962.5742	20.021568	985.7677	925.3881	1000.0	1000.0	1659999	99.6547	3.8559172	105.91198	39.8042	-99.678955	0.19198184	32469.199285268784
416	956.03033	20.139536	982.1093	926.72705	932.1201	20.570719	972.137	902.8688	1000.0	1000.0	1663999	99.65458	3.8274367	102.61836	55.08291	-99.67681	0.18981154	32548.690890312195
417	946.0183	19.48109	974.70184	921.35626	964.91565	10.886884	977.6681	936.9509	1000.0	1000.0	1667999	99.64916	3.9059756	103.2072	55.131805	-99.67036	0.18020546	32631.31259202957
418	968.7461	7.143919	980.93	962.7726	958.6149	20.228086	989.53516	913.67206	1000.0	1000.0	1671999	99.60359	3.8566024	103.06074	56.117546	-99.624985	0.18514857	32712.27819418907
419	957.0692	5.5239015	962.26544	948.0636	950.42316	27.731169	982.2901	873.3979	1000.0	1000.0	1675999	99.57056	3.880926	103.47983	49.978344	-99.59209	0.18914011	32797.24192762375
420	950.9273	12.188386	968.0777	933.6047	955.0111	14.391827	977.1415	927.2311	1000.0	1000.0	1679999	99.58912	3.768784	103.4081	55.029354	-99.61105	0.17646176	32876.46215748787
421	954.4193	17.922722	979.5311	928.98346	943.8219	16.309195	968.52295	919.3927	1000.0	1000.0	1683999	99.56161	3.7711613	103.0798	57.213448	-99.584045	0.18187706	32955.8381831646
422	966.83594	13.744535	982.2468	948.2421	943.78925	37.49525	983.426	854.9846	1000.0	1000.0	1687999	99.55508	3.7852025	103.47219	54.716263	-99.57677	0.1735882	33035.06177830696
423	978.24866	11.576081	987.87256	959.08484	970.77673	12.948444	988.2883	951.7716	1000.0	1000.0	1691999	99.57182	3.6448178	102.16325	54.989582	-99.594536	0.17541769	33114.19891810417
424	943.2831	15.991008	967.5661	928.7921	954.57587	18.171833	988.8749	932.677	1000.0	1000.0	1695999	99.56697	3.66734	103.97783	55.176956	-99.59019	0.17564896	33196.32881617546
425	938.14746	20.546242	960.65125	907.5412	962.4707	14.924941	982.66626	932.95667	1000.0	1000.0	1699999	99.54688	3.7647748	101.872086	57.450325	-99.567345	0.18725382	33277.771689891815
426	932.1248	36.225952	981.42444	879.9457	938.39294	30.025333	974.8521	861.6073	1000.0	1000.0	1703999	99.54096	3.855394	102.514404	55.240803	-99.56345	0.1863981	33359.0932393074
427	949.94666	23.199905	985.9672	926.37585	936.06055	15.249444	962.48975	907.24786	1000.0	1000.0	1707999	99.55393	3.7330153	104.48544	57.545353	-99.57487	0.18411797	33441.54558944702
428	969.433	10.619661	987.8206	962.8718	951.5825	25.754227	989.1041	904.0102	1000.0	1000.0	1711999	99.54662	3.7008061	102.745964	60.46572	-99.56729	0.1641244	33519.63135266304
429	946.8617	15.65087	958.0444	919.8524	948.15594	35.19957	981.23315	854.2651	1000.0	1000.0	1715999	99.46337	3.8071558	103.41846	59.702415	-99.4801	0.18641178	33601.98426532745
430	945.69763	24.952793	980.10394	918.972	937.84393	33.941845	986.5409	879.2584	1000.0	1000.0	1719999	99.43368	3.8501394	102.24823	52.77718	-99.45421	0.20355725	33681.8771212101
431	949.4146	12.214869	959.5362	928.89087	954.6117	25.00531	979.7042	917.24725	1000.0	1000.0	1723999	99.40434	3.7578852	103.655464	53.723415	-99.423325	0.20091201	33763.25799417496
432	912.42334	44.420364	959.849	852.2567	956.4587	15.344788	975.09845	924.4053	1000.0	1000.0	1727999	99.36964	3.6832886	103.91982	49.767914	-99.38806	0.18495448	33843.47664999962
433	963.85205	17.230688	987.5805	941.1122	970.57715	11.517142	985.05	945.6815	1000.0	1000.0	1731999	99.35934	3.7130587	102.17423	51.266254	-99.37719	0.19525802	33925.297127723694
434	955.66077	23.296751	973.1938	916.3419	916.24725	35.01626	959.19305	845.70264	1000.0	1000.0	1735999	99.36216	3.7989335	102.41367	48.44539	-99.38321	0.18817028	34007.146643161774
435	967.3158	11.1223755	980.4295	950.8909	957.3163	18.000992	983.54584	922.55566	1000.0	1000.0	1739999	99.41679	3.7554433	102.290924	44.19281	-99.4402	0.19251315	34089.866386175156
436	967.38086	17.24614	987.1885	940.2156	958.9297	38.943935	995.1885	887.3093	1000.0	1000.0	1743999	99.44552	3.6812341	104.23296	58.088806	-99.46694	0.18079159	34169.31265735626
437	964.96783	13.72275	987.062	950.1595	934.4572	53.051147	987.4153	829.4878	1000.0	1000.0	1747999	99.46062	3.7199204	102.22448	57.780964	-99.48045	0.17724201	34250.33251452446
438	953.6829	18.852652	979.4666	934.99976	949.3465	27.568277	982.7573	898.5819	1000.0	1000.0	1751999	99.46091	3.7869782	102.437325	58.046146	-99.480736	0.18150748	34333.4467022419
439	963.06476	20.973	979.49036	927.3085	947.833	28.524727	988.19366	891.09503	1000.0	1000.0	1755999	99.4402	3.8730364	102.3788	56.930523	-99.45938	0.19515967	34413.58395528793
440	956.09796	20.628641	987.8226	931.82324	965.09924	19.013056	989.4609	918.6936	1000.0	1000.0	1759999	99.45461	3.8434205	103.190216	51.046726	-99.47591	0.20826727	34495.01978182793
441	955.24756	7.956235	960.80066	941.6248	974.4704	10.737348	988.94244	959.1222	1000.0	1000.0	1763999	99.48647	3.767834	103.10497	51.95098	-99.50693	0.20015827	34577.427604436874
442	965.47766	3.587745	969.2927	961.7635	970.33704	15.73753	986.1971	932.0956	1000.0	1000.0	1767999	99.45897	3.7648356	102.34636	53.626358	-99.478485	0.1936877	34657.32853460312
443	969.04724	17.039663	990.59827	950.7593	970.4579	19.347477	990.93787	921.4294	1000.0	1000.0	1771999	99.45876	3.702172	104.507065	45.037064	-99.47919	0.19618754	34741.543427705765
444	954.1422	15.745412	968.53314	928.4169	966.4956	8.070602	977.1093	949.47534	1000.0	1000.0	1775999	99.44368	3.7132423	102.86189	44.397743	-99.46145	0.192609	34821.617500543594
445	977.743	7.9132867	985.0963	964.84973	965.4421	18.623318	987.9506	933.80365	1000.0	1000.0	1779999	99.43147	3.7455668	103.62964	43.465435	-99.452866	0.17901117	34902.158816337585
446	966.6802	8.520556	978.3275	955.59247	964.8887	14.255205	980.0918	930.51117	1000.0	1000.0	1783999	99.418	3.7933266	103.22755	26.580078	-99.43711	0.19276766	34984.79995346069
447	909.5372	12.089918	927.49945	894.8124	916.9411	21.684599	953.5357	885.9584	1000.0	1000.0	1787999	99.37775	3.9475515	102.4827	35.034718	-99.39631	0.20886107	35064.39767956734
448	946.7573	5.8236036	955.49994	939.3115	969.4461	14.764733	990.08136	949.97327	1000.0	1000.0	1791999	99.30937	3.9401023	104.19891	37.178448	-99.325966	0.20046604	35143.62559914589
449	970.4342	10.580543	984.84576	957.92584	970.6559	14.868995	988.95166	943.00195	1000.0	1000.0	1795999	99.31314	3.956706	104.37273	37.83912	-99.33225	0.21698086	35223.88635778427
450	964.24054	15.283891	987.35333	945.4592	972.2375	13.8538	992.5951	947.8862	1000.0	1000.0	1799999	99.35801	4.0672483	103.16221	39.315548	-99.37855	0.2271044	35305.63045454025
451	979.7351	13.201931	990.6926	957.82697	957.4254	24.234392	977.79016	886.97687	1000.0	1000.0	1803999	99.37942	4.0018888	104.12707	40.69095	-99.39972	0.2041901	35385.30552601814
452	972.2134	12.833511	991.9153	958.08185	969.6242	12.962345	991.82495	952.7636	1000.0	1000.0	1807999	99.40106	3.8312263	102.98521	41.67578	-99.42028	0.21599789	35466.24688768387
453	967.3042	24.99889	990.62805	925.15924	964.4126	16.286043	981.3339	925.2492	1000.0	1000.0	1811999	99.37808	3.8026638	102.119316	45.26097	-99.39924	0.2083502	35548.79481601715
454	952.3946	23.515015	986.8456	925.4384	959.1579	11.1635	979.85785	943.71136	1000.0	1000.0	1815999	99.38996	3.8192904	102.9592	51.59041	-99.41206	0.1929923	35627.915172576904
455	950.34717	20.727486	969.84576	919.18567	936.9237	24.873947	963.0958	876.2138	1000.0	1000.0	1819999	99.41454	3.8297877	102.825294	53.99175	-99.43401	0.20679101	35710.471086502075
456	953.4514	15.666937	974.4541	936.1251	963.0498	12.723448	986.53125	944.55585	1000.0	1000.0	1823999	99.41421	3.8356507	103.26541	48.68018	-99.43323	0.19881605	35789.93913769722
457	955.0142	9.74449	970.52496	946.2534	944.6203	26.701378	971.0001	872.96155	1000.0	1000.0	1827999	99.4226	3.7900898	102.71647	46.731953	-99.44469	0.19734244	35868.14979457855
458	948.9025	21.69741	968.08026	912.7803	964.062	11.092882	986.91046	945.2008	1000.0	1000.0	1831999	99.43868	3.7579334	103.00014	50.19475	-99.45929	0.196026	35949.62659907341
459	977.5017	12.988419	989.3437	955.99567	970.90186	14.425599	988.2936	947.5243	1000.0	1000.0	1835999	99.42408	3.701383	102.55032	54.15866	-99.44411	0.1882989	36029.43548870087
460	963.6439	9.682352	980.25397	955.92975	944.2582	28.500834	977.4875	896.828	1000.0	1000.0	1839999	99.4121	3.7696214	102.24616	43.33407	-99.4294	0.19929369	36110.17919278145
461	919.1508	34.08841	976.1204	886.14325	947.2531	12.642566	971.50946	928.05396	1000.0	1000.0	1843999	99.3599	3.7790058	104.06706	41.808517	-99.377594	0.20804116	36192.53692650795
462	969.0206	7.750211	982.1284	961.934	958.408	16.138947	985.1239	919.9642	1000.0	1000.0	1847999	99.40381	3.7143455	102.544266	52.638523	-99.426926	0.1998568	36275.885435819626
463	961.9322	9.543742	977.97284	952.9094	967.5503	14.8857975	987.7525	936.3053	1000.0	1000.0	1851999	99.47046	3.6660874	103.30698	50.478046	-99.493996	0.18673295	36355.19318771362
464	929.12976	43.51162	970.73663	856.67615	949.7549	27.733921	981.665	896.398	1000.0	1000.0	1855999	99.48119	3.7456436	102.54974	47.53057	-99.502464	0.1872687	36439.82165646553
465	963.6942	14.244319	983.6501	945.1664	933.9053	31.786884	984.3213	876.1036	1000.0	1000.0	1859999	99.47795	3.8405042	102.806564	48.95405	-99.497856	0.20064159	36519.48602437973
466	960.2694	9.042643	970.8931	947.3524	970.04083	15.287193	988.472	937.2418	1000.0	1000.0	1863999	99.44176	3.9133353	103.973625	46.182068	-99.45828	0.23430565	36598.50378727913
467	888.73846	107.90352	978.1487	708.97797	962.5682	11.410938	984.3737	947.63367	1000.0	1000.0	1867999	99.40655	3.972022	109.13426	49.14037	-99.42636	0.24605872	36677.453011751175
468	958.6646	11.97537	975.8559	943.2572	951.3457	31.137342	985.6132	892.8824	1000.0	1000.0	1871999	99.42869	3.9226508	103.53711	49.245125	-99.449394	0.22388276	36756.69532084465
469	922.2607	46.118885	972.4611	853.98645	951.75916	19.321316	983.27277	915.034	1000.0	1000.0	1875999	99.40984	3.986583	103.498344	45.067177	-99.429	0.23443039	36839.29192733765
470	957.7085	15.904055	973.7332	932.6532	954.42645	30.697302	984.99976	878.5071	1000.0	1000.0	1879999	99.48292	3.9806886	105.11106	42.754654	-99.507576	0.23782066	36919.23670959473
471	948.72174	13.864091	963.6902	927.78784	955.89404	26.071196	987.2087	894.8732	1000.0	1000.0	1883999	99.51193	4.032124	102.89332	44.054817	-99.53294	0.23022014	36997.96344828606
472	976.17487	8.477378	986.38544	962.99304	941.5705	19.83237	974.40643	905.90063	1000.0	1000.0	1887999	99.5215	4.0477257	103.840546	47.079514	-99.54272	0.21573383	37076.53979969025
473	951.97864	4.5920877	956.9925	947.1867	939.06104	18.695007	963.39905	902.60504	1000.0	1000.0	1891999	99.51652	4.0273857	105.06723	47.30482	-99.53769	0.22745404	37154.26278376579
474	963.129	6.301726	968.81757	952.5888	948.41907	31.580593	986.1118	890.34564	1000.0	1000.0	1895999	99.52591	3.9148052	102.85734	50.63093	-99.54653	0.21216752	37234.19800686836
475	942.4896	19.2094	969.25214	922.84503	924.83984	63.945778	966.8037	770.1934	1000.0	1000.0	1899999	99.50271	3.798995	105.57857	55.17609	-99.52263	0.21732043	37314.9238986969
476	952.2505	12.853953	963.41254	931.13464	946.45935	26.765324	980.4556	905.1886	1000.0	1000.0	1903999	99.44091	3.8277001	102.526054	59.27348	-99.45661	0.20758939	37396.72137737274
477	942.0238	51.42318	992.02484	857.9038	956.93896	9.139567	971.85315	946.0701	1000.0	1000.0	1907999	99.43184	3.8780372	105.270035	54.658627	-99.454	0.20045003	37477.0420255661
478	952.8225	6.892111	962.6404	944.61053	952.8887	24.728516	980.7966	908.4873	1000.0	1000.0	1911999	99.46827	3.7553627	102.64801	55.97973	-99.49039	0.20482299	37561.220675468445
479	957.1326	17.996084	982.8475	937.8595	954.0073	32.29359	990.84985	883.13824	1000.0	1000.0	1915999	99.45324	3.6714358	102.4294	53.19622	-99.47076	0.19348608	37641.596467494965
480	962.9547	9.665932	976.73834	952.00037	966.2505	21.121696	992.62354	922.4676	1000.0	1000.0	1919999	99.4043	3.6417034	102.4702	57.915314	-99.42433	0.18020464	37721.8616566658
481	961.9229	12.311624	976.7925	944.86066	954.52734	23.970915	980.7953	896.1433	1000.0	1000.0	1923999	99.39565	3.68571	102.28293	56.11915	-99.41839	0.18666549	37801.71524429321
482	975.85913	12.728245	991.1925	957.75305	967.749	8.827066	985.83716	955.7517	1000.0	1000.0	1927999	99.39253	3.7159252	102.40425	55.18418	-99.41298	0.17750293	37880.93437075615
483	974.64484	13.228032	987.6672	952.57214	954.90546	26.02498	984.4651	885.9215	1000.0	1000.0	1931999	99.40535	3.7346003	102.785255	55.33624	-99.426796	0.17624354	37962.79570746422
484	955.40466	10.123123	961.8015	937.88464	956.4535	12.058202	974.7087	934.77405	1000.0	1000.0	1935999	99.3913	3.8331065	104.117935	52.39735	-99.41056	0.18592535	38042.188214063644
485	962.0098	17.055925	984.27985	941.1535	948.3709	18.67448	972.1428	911.60767	1000.0	1000.0	1939999	99.34473	3.9382956	103.06404	51.364376	-99.36092	0.18443264	38121.967223882675
486	985.46295	2.0811586	987.5363	982.0279	976.7079	13.706044	990.4504	944.7415	1000.0	1000.0	1943999	99.32231	3.917418	104.899734	49.745586	-99.34162	0.21369995	38200.95506644249
487	957.84045	25.557617	987.63025	917.09	952.80896	21.311949	977.0219	894.6767	1000.0	1000.0	1947999	99.34107	3.8024695	102.991936	51.1474	-99.36036	0.18525435	38279.35361933708
488	965.79504	15.440079	988.12445	944.5035	945.45233	31.697163	987.58435	894.5843	1000.0	1000.0	1951999	99.35745	3.854749	103.38535	56.20812	-99.37826	0.19682519	38357.14628243446
489	964.6501	22.38988	984.8084	930.0979	967.8973	32.632935	990.06195	886.4473	1000.0	1000.0	1955999	99.35888	3.9043822	102.002365	56.282784	-99.37818	0.19731537	38435.22325873375
490	967.57605	14.841897	987.58075	947.15283	958.3766	15.644894	983.32623	931.1022	1000.0	1000.0	1959999	99.35209	3.9586866	103.18619	54.410988	-99.36926	0.20811276	38516.14688515663
491	951.2291	13.099801	964.79803	930.0219	971.35315	8.35508	987.19275	956.6521	1000.0	1000.0	1963999	99.31836	4.047419	102.36182	53.266636	-99.33655	0.22498566	38599.05772829056
492	972.02997	16.98556	988.43884	948.7923	964.0265	14.066464	988.00134	940.81305	1000.0	1000.0	1967999	99.31341	4.0662622	101.88875	52.690304	-99.33242	0.19804256	38678.58191561699
493	957.9983	12.986717	978.7088	945.45404	956.0304	29.3614	986.1698	880.37195	1000.0	1000.0	1971999	99.37285	3.9913118	104.10242	53.634964	-99.3951	0.19437216	38759.08789730072
494	957.85474	34.688736	988.8976	900.8171	960.91907	16.844961	988.24176	935.0333	1000.0	1000.0	1975999	99.3929	3.9565864	102.31125	58.45582	-99.41197	0.19604272	38839.156992435455
495	964.10986	15.60612	980.26587	939.07886	955.60095	26.14824	988.7052	890.3555	1000.0	1000.0	1979999	99.39568	4.0410013	104.58951	55.557625	-99.41652	0.2098059	38919.25845336914
496	952.50433	14.815362	973.1421	931.46405	957.15173	21.190485	985.91406	909.991	1000.0	1000.0	1983999	99.38246	4.0348067	102.558716	55.63965	-99.39871	0.2083243	38999.726423978806
497	966.5826	11.782756	983.49194	951.17224	965.3337	20.924639	990.6665	930.35	1000.0	1000.0	1987999	99.33693	3.9402258	102.76526	60.75465	-99.35605	0.21123111	39085.298589468
498	950.1818	41.771965	985.2545	882.09564	932.8006	36.74145	971.16736	853.49725	1000.0	1000.0	1991999	99.34717	3.9109364	105.81169	56.96938	-99.36638	0.20367904	39164.85505151749
499	967.1043	9.745491	979.80164	952.9436	956.88544	11.217544	973.3633	936.3484	1000.0	1000.0	1995999	99.33618	3.9248583	102.48141	58.11684	-99.355965	0.21124186	39245.62503409386
500	949.48413	7.469125	961.82294	941.89435	957.31085	17.217356	985.36847	919.7896	1000.0	1000.0	1999999	99.36751	3.9464388	102.404564	50.252003	-99.38634	0.2075665	39326.74677538872
