Epoch	AverageEpRet	StdEpRet	MaxEpRet	MinEpRet	AverageTestEpRet	StdTestEpRet	MaxTestEpRet	MinTestEpRet	EpLen	TestEpLen	TotalEnvInteracts	AverageQVals	StdQVals	MaxQVals	MinQVals	LossPi	LossQ	Time
1	138.59966	6.8391232	145.56538	130.2235	202.13644	83.44223	267.64188	25.561193	1000.0	1000.0	3999	1.8598306	1.4229391	15.800179	-2.1991544	-2.0899928	0.02044773	59.474053382873535
2	136.21103	6.3570986	144.33804	126.58536	190.16318	109.06878	265.56357	20.821117	1000.0	1000.0	7999	13.206706	6.830283	51.69409	1.212378	-14.352129	0.24694416	123.75485634803772
3	194.3446	67.342354	265.2812	114.03564	99.25402	108.64986	274.95816	25.475729	1000.0	1000.0	11999	54.817345	24.851137	134.86536	-3.6276426	-58.525368	2.3269067	190.19096994400024
4	199.94806	100.50826	265.0427	26.052757	217.08969	97.67923	274.79242	21.040308	1000.0	1000.0	15999	88.71168	13.796119	141.58788	17.77192	-89.32449	3.2726483	256.50865173339844
5	144.31259	118.68022	265.49493	21.164858	119.238914	119.59784	266.49182	21.034904	1000.0	1000.0	19999	75.5096	9.743748	114.369835	35.098057	-75.636345	1.8094236	326.4678409099579
6	142.03226	129.39436	339.09543	25.692787	192.77084	148.52502	339.8847	21.56932	1000.0	1000.0	23999	65.12008	9.628105	100.81497	33.12859	-65.31962	0.9059416	393.1594431400299
7	25.914608	8.409362	40.47975	20.97422	108.75742	106.15894	240.3153	21.15153	1000.0	1000.0	27999	59.935925	10.302674	90.92135	33.098896	-60.301857	0.45511174	460.08456778526306
8	137.33499	116.53987	288.2732	21.900274	104.67192	68.7055	245.5314	26.117496	1000.0	1000.0	31999	54.80196	11.872358	84.157745	29.13604	-54.989708	0.29864416	527.3059368133545
9	140.9679	71.51555	247.12796	45.428177	160.71017	59.59191	246.65244	60.51965	1000.0	1000.0	35999	52.803623	11.897493	82.925934	31.351625	-53.200577	0.2358314	596.6905028820038
10	146.24994	64.10115	245.7696	66.73165	165.90518	74.11675	247.85191	58.22212	1000.0	1000.0	39999	50.90642	8.775801	77.46167	32.60309	-51.120056	0.1499922	667.7799243927002
11	132.8157	78.39384	243.9562	58.50725	105.18874	69.190994	248.32971	25.439047	1000.0	1000.0	43999	47.22438	7.540076	69.771774	32.053604	-47.38928	0.110142566	736.4701762199402
12	165.764	72.50778	246.381	53.318333	192.54855	134.89412	443.35437	57.13227	1000.0	1000.0	47999	43.248123	7.2050943	65.92604	30.385563	-43.362404	0.08147259	804.6550817489624
13	105.30916	55.489662	180.17607	47.342926	153.94333	34.158714	243.62485	132.88258	1000.0	1000.0	51999	39.50585	6.569001	61.015476	26.951317	-39.582314	0.06375387	875.6762342453003
14	147.29433	64.74009	239.40424	57.694107	222.62468	115.30286	339.80112	57.860218	1000.0	1000.0	55999	36.19537	6.580329	56.737076	23.933153	-36.296436	0.053345487	945.1091339588165
15	262.5439	44.875248	338.24832	227.70444	265.83228	39.15866	340.4507	215.01004	1000.0	1000.0	59999	33.918774	6.5575747	55.35075	21.84884	-34.00867	0.05268835	1017.7283570766449
16	214.80417	57.095406	262.11453	117.18094	241.98245	12.137791	256.36435	212.39218	1000.0	1000.0	63999	32.191856	6.3968024	55.908047	20.409264	-32.306602	0.06244412	1086.377699136734
17	207.24788	78.255714	257.44342	71.81941	270.2356	54.474438	433.15842	244.79366	1000.0	1000.0	67999	31.131233	5.772706	54.345856	20.055582	-31.241528	0.06449983	1155.9470911026
18	145.6664	101.807106	257.4551	30.513824	247.45499	4.5138526	251.87108	240.22174	1000.0	1000.0	71999	29.88589	5.7833076	56.159542	19.575365	-29.981714	0.065267846	1230.5689299106598
19	248.71689	13.125448	262.15933	233.90077	247.8783	9.729046	259.61893	224.91258	1000.0	1000.0	75999	29.342798	5.34793	58.75168	19.45497	-29.497906	0.064862505	1309.132934808731
20	277.9905	53.457523	369.9957	241.56194	274.17148	34.58413	342.08224	246.258	1000.0	1000.0	79999	29.662632	4.4780173	57.596924	20.93476	-29.812227	0.05329187	1385.163081407547
21	243.82883	10.53812	258.67813	229.41167	274.19604	54.625713	432.47794	223.35664	1000.0	1000.0	83999	30.047977	4.4375925	57.77657	21.439367	-30.189844	0.049797326	1463.3558368682861
22	255.137	10.884566	265.88446	240.70331	260.70648	16.160944	298.91257	237.20837	1000.0	1000.0	87999	29.731146	4.1213617	62.03424	20.201382	-29.838245	0.04726632	1542.0362961292267
23	259.85144	8.503948	266.282	245.21494	251.41435	12.003266	266.16168	231.86961	1000.0	1000.0	91999	29.100607	3.802281	57.266617	21.743668	-29.198097	0.038020235	1621.6335241794586
24	244.01689	11.058898	260.96738	229.96036	254.81194	6.9248695	261.80908	242.01518	1000.0	1000.0	95999	28.6069	3.6573474	56.74127	21.308416	-28.693657	0.039001364	1706.4119791984558
25	239.77777	18.565662	256.05457	210.87065	246.70975	19.786587	264.74725	199.76202	1000.0	1000.0	99999	27.864742	3.673993	60.125706	20.508768	-27.936586	0.037039377	1792.0580728054047
26	248.8175	11.3946	262.8457	235.10526	260.54922	8.115636	266.7673	244.0598	1000.0	1000.0	103999	27.29479	3.7885196	59.470245	19.477861	-27.373453	0.037997764	1874.6088910102844
27	260.6898	9.478533	268.04654	244.401	247.97725	5.859542	257.37827	237.42755	1000.0	1000.0	107999	26.967735	3.90054	56.8055	18.536886	-27.04723	0.03799764	1956.7835581302643
28	252.02942	7.5035696	262.69556	241.7157	253.41267	7.7365384	262.6098	240.35577	1000.0	1000.0	111999	26.735624	3.783406	58.22764	19.464558	-26.813047	0.039073512	2037.949261188507
29	249.69284	6.0748277	255.76927	241.35971	273.84723	56.74318	440.66565	234.28793	1000.0	1000.0	115999	26.482967	3.6472316	53.917877	19.278765	-26.554588	0.034900036	2116.2187654972076
30	243.08823	24.424324	265.28165	202.8779	262.32056	7.94844	267.7026	246.33076	1000.0	1000.0	119999	26.189253	3.6649969	54.378376	18.434462	-26.251953	0.03175011	2196.512261390686
31	314.73642	90.03676	470.64648	259.9696	252.64249	10.623235	265.07977	238.7867	1000.0	1000.0	123999	25.938034	3.9436312	53.157806	17.369646	-25.998446	0.031928044	2281.4254863262177
32	257.38568	8.169342	267.0567	244.43854	274.2183	62.4178	459.28372	240.77106	1000.0	1000.0	127999	25.972328	4.4316635	59.37296	15.619878	-26.038332	0.034901444	2358.1550595760345
33	248.39319	5.6270165	258.0024	244.153	249.08662	10.814958	272.37183	238.69763	1000.0	1000.0	131999	25.96331	4.320958	55.58228	17.664913	-26.034172	0.03745821	2437.8840012550354
34	285.2387	57.788704	383.88513	236.4995	257.0801	7.867379	266.2071	242.3996	1000.0	1000.0	135999	26.001192	4.543797	59.37816	16.095198	-26.062672	0.04158058	2519.541740655899
35	303.17438	93.97065	465.7472	241.77667	279.679	53.679848	439.47363	243.55342	1000.0	1000.0	139999	25.987713	4.787744	59.988186	17.515396	-26.043453	0.04290484	2601.946189880371
36	259.66608	12.266916	267.19977	238.44016	265.51837	18.618563	317.9994	242.02354	1000.0	1000.0	143999	26.018187	5.0296683	54.784866	17.727238	-26.083763	0.040583584	2687.3782625198364
37	261.1429	3.3307571	265.55307	257.2818	256.97287	11.428632	266.42874	238.26889	1000.0	1000.0	147999	26.062292	5.015472	57.614685	17.57488	-26.124437	0.042885426	2767.853446006775
38	210.53319	43.18176	262.93646	149.80594	280.69443	65.94561	477.14984	241.88718	1000.0	1000.0	151999	26.105522	4.9796166	55.92612	17.139044	-26.170311	0.043604244	2849.8332493305206
39	245.74963	2.1507487	248.39838	242.61299	272.63507	61.928318	457.69086	242.20636	1000.0	1000.0	155999	26.10682	4.842312	55.391632	17.52663	-26.168598	0.041021135	2926.8716661930084
40	304.1742	92.304115	463.73407	241.52444	252.27641	11.792191	266.6498	238.23558	1000.0	1000.0	159999	26.106758	4.825668	58.96843	17.568872	-26.167828	0.04433699	3006.004904270172
41	308.18942	89.04766	462.03223	247.48654	269.78583	62.534573	451.6367	218.35068	1000.0	1000.0	163999	26.344315	5.418606	56.60827	17.551203	-26.404507	0.03910961	3089.3230323791504
42	258.0761	6.67721	265.87888	247.42688	253.13884	7.0640407	263.3366	242.80295	1000.0	1000.0	167999	26.32796	5.462931	56.21162	17.720148	-26.380665	0.039530747	3172.0228917598724
43	339.4604	117.80829	456.06888	188.67763	342.57413	100.866394	478.18472	232.48149	1000.0	1000.0	171999	26.447182	5.4749103	56.134457	17.912357	-26.512497	0.039177954	3254.186093568802
44	258.804	10.49489	267.2565	240.85939	274.18396	66.47768	471.64343	242.41785	1000.0	1000.0	175999	26.68089	5.6297784	56.45748	16.41616	-26.73868	0.049017943	3345.29532623291
45	254.30525	13.34027	266.59106	234.63277	254.78511	24.856997	324.58475	239.95322	1000.0	1000.0	179999	26.712727	5.4891787	62.02587	17.91379	-26.771551	0.051821735	3432.9902102947235
46	303.6757	93.60328	463.97354	227.44975	241.05733	16.190481	264.79834	223.59348	1000.0	1000.0	183999	26.92912	5.190375	57.42807	18.380476	-27.002333	0.041284923	3510.3516178131104
47	251.44263	14.668109	266.70523	234.18295	278.44232	57.32179	445.5369	236.05719	1000.0	1000.0	187999	27.192993	5.258447	54.568436	18.44466	-27.253153	0.0394503	3587.5091173648834
48	262.35132	9.56475	272.12735	246.48329	268.88812	56.854694	437.05054	238.73857	1000.0	1000.0	191999	27.099308	5.252535	55.863792	18.627855	-27.151472	0.04325706	3663.9467985630035
49	296.409	92.996895	457.4451	240.64323	272.21555	58.101875	443.98727	240.201	1000.0	1000.0	195999	27.026892	5.2358017	55.30594	19.043755	-27.077044	0.04131147	3744.8025381565094
50	314.13013	81.41024	455.0903	264.49042	278.14948	61.419445	460.35693	241.59698	1000.0	1000.0	199999	27.129894	5.281863	56.410423	18.433187	-27.186527	0.038152587	3825.649282693863
51	313.42316	84.28964	459.3794	262.63455	272.88638	65.78467	468.4119	233.26762	1000.0	1000.0	203999	27.155813	5.5166483	52.883286	18.5876	-27.200855	0.04089783	3902.2489790916443
52	326.2355	86.63415	458.4371	235.85268	289.97128	68.29465	468.87546	240.13783	1000.0	1000.0	207999	27.223427	5.639106	55.30114	18.536964	-27.281555	0.042131174	3983.4806010723114
53	251.41275	8.588074	260.971	240.45113	258.41205	9.769158	269.72647	234.5631	1000.0	1000.0	211999	27.39283	5.7897444	59.95094	19.020071	-27.444462	0.049348313	4063.955436229706
54	354.0942	91.73912	448.94525	259.43057	301.51593	78.98956	459.45065	236.98984	1000.0	1000.0	215999	27.372404	5.719495	55.266712	19.269997	-27.42381	0.043059345	4141.249748945236
55	254.13689	11.122873	265.93698	238.19318	249.20212	10.89411	264.93845	232.64684	1000.0	1000.0	219999	27.605446	6.429583	56.74681	18.84594	-27.669798	0.05015733	4221.536474704742
56	258.04977	11.105909	266.93927	239.1773	284.41034	50.39955	361.6333	243.26134	1000.0	1000.0	223999	27.759777	7.2047043	60.83074	18.33436	-27.8227	0.055138197	4303.945381402969
57	249.5178	7.1798654	260.4955	243.0201	258.91583	50.85881	366.20163	225.94994	1000.0	1000.0	227999	28.053278	8.443587	76.259575	18.88316	-28.135777	0.0702478	4386.095542907715
58	238.42345	4.047371	245.29944	235.10896	224.10287	15.020323	247.50734	201.7967	1000.0	1000.0	231999	28.297758	9.4014435	81.250885	18.738317	-28.368055	0.08285386	4471.440191030502
59	315.75748	86.67256	443.16006	227.45953	255.99434	66.81427	453.80408	217.02751	1000.0	1000.0	235999	28.87842	10.725987	82.442474	18.33413	-28.970036	0.13024326	4556.842398881912
60	236.61246	13.146505	248.90434	216.38863	289.13675	83.47977	459.7052	231.38457	1000.0	1000.0	239999	29.182243	10.499846	79.86915	16.603777	-29.24763	0.13435218	4637.175721168518
61	259.35428	7.253161	265.8496	247.22592	253.52571	8.251221	264.22647	240.3808	1000.0	1000.0	243999	28.979786	9.683928	79.84533	17.69475	-29.04043	0.11256262	4718.87606048584
62	258.8908	9.601463	268.91937	243.14792	333.5064	97.85019	454.5429	241.7149	1000.0	1000.0	247999	28.876453	8.907809	73.676605	18.10479	-28.9408	0.0946151	4796.045325517654
63	251.09889	8.327417	262.11978	241.37856	247.02913	10.013278	263.2549	235.27821	1000.0	1000.0	251999	28.85366	8.346025	68.02172	18.514313	-28.915909	0.08966339	4873.7180898189545
64	299.60672	87.18092	450.21213	244.14093	281.76926	58.834953	457.11627	245.4883	1000.0	1000.0	255999	28.715597	7.8562574	66.886986	19.049387	-28.76148	0.07312087	4950.814155340195
65	305.46997	87.329216	455.95544	241.95872	271.04492	63.17056	455.95416	231.32239	1000.0	1000.0	259999	28.48555	7.639519	70.62686	18.822277	-28.53105	0.06424193	5031.512947320938
66	218.64471	45.454994	258.11996	141.28688	247.44931	14.4920225	266.45636	232.74442	1000.0	1000.0	263999	28.269495	7.6490135	68.22121	17.614317	-28.31621	0.07269676	5119.164048910141
67	288.40793	73.22761	413.87268	235.50027	316.15396	93.006874	457.91672	238.05603	1000.0	1000.0	267999	28.08735	7.4285803	63.58565	17.454098	-28.13055	0.073337734	5200.764443874359
68	250.79117	9.183728	265.10327	239.74034	310.96283	93.28042	454.31442	239.67369	1000.0	1000.0	271999	27.94702	7.394795	59.307484	17.450329	-27.99118	0.067439646	5285.328788518906
69	354.47195	105.31565	463.8511	240.99815	278.06635	60.041664	457.33142	247.74144	1000.0	1000.0	275999	27.90987	7.6010547	63.516888	16.834396	-27.95565	0.06483673	5369.416861772537
70	256.78714	6.41806	262.57776	245.9869	271.38998	60.416412	449.86874	238.06596	1000.0	1000.0	279999	27.965197	7.5430017	63.01793	17.71709	-28.013292	0.055456277	5458.0044910907745
71	302.77155	90.57714	459.10126	244.24403	331.38672	102.253426	457.4807	237.79703	1000.0	1000.0	283999	27.877453	7.242296	60.324646	15.274864	-27.921242	0.06666563	5543.49214720726
72	309.20514	86.29924	458.1577	247.85242	297.29315	80.86357	459.66693	239.45142	1000.0	1000.0	287999	27.914772	7.145587	60.057343	18.222767	-27.95879	0.05467199	5627.000384807587
73	264.79327	2.1453857	267.61917	262.3687	253.92839	11.744097	267.7959	238.9306	1000.0	1000.0	291999	27.914492	6.959047	60.807762	17.803276	-27.962996	0.058013726	5710.450934410095
74	257.61255	10.37743	266.9886	240.05006	273.28363	63.7887	462.29782	239.46167	1000.0	1000.0	295999	27.919582	6.6540036	56.955368	17.516098	-27.963333	0.058119003	5794.0868039131165
75	264.13727	2.3806145	266.6391	261.46777	258.97516	32.425262	351.73578	230.332	1000.0	1000.0	299999	27.813808	6.448232	55.763653	18.43355	-27.853477	0.04764098	5873.757046461105
76	252.26971	10.737376	264.43192	237.9604	258.62906	11.576595	282.62833	243.63669	1000.0	1000.0	303999	27.715055	6.22	58.111156	18.34539	-27.754627	0.041980874	5954.834955453873
77	299.3259	88.28393	451.48578	241.28276	302.63385	80.443	455.21466	234.03662	1000.0	1000.0	307999	27.62009	6.2275605	55.461716	17.567331	-27.655933	0.041794986	6032.797769784927
78	298.12476	88.23875	450.8363	244.27287	260.34363	23.52842	325.9809	243.1868	1000.0	1000.0	311999	27.528774	6.235529	57.904907	18.017298	-27.563595	0.0414208	6111.235062599182
79	359.66895	93.79981	456.37744	265.17508	332.27362	96.32393	451.928	243.8435	1000.0	1000.0	315999	27.627123	6.440137	53.739677	17.937666	-27.66731	0.044684228	6187.931972503662
80	302.0478	89.68779	454.43234	222.82141	309.87173	97.04994	460.22034	233.8195	1000.0	1000.0	319999	27.709194	6.5219774	54.779438	18.271042	-27.746275	0.045203444	6272.898827314377
81	302.82217	91.610596	459.9111	238.32617	313.91644	101.1105	470.3966	239.1726	1000.0	1000.0	323999	27.662142	6.5109763	57.131947	18.260479	-27.70096	0.046061862	6356.756583213806
82	250.39726	8.868762	265.4189	242.3621	282.83417	66.00162	459.9172	223.29408	1000.0	1000.0	327999	27.67172	6.5609016	58.28942	18.702366	-27.712135	0.044417366	6436.791736841202
83	261.88245	10.217705	271.71777	244.84216	266.25934	39.02161	375.76245	234.59872	1000.0	1000.0	331999	27.703783	6.6030774	54.189312	18.484852	-27.74317	0.045760922	6527.672395467758
84	258.6643	18.884876	274.38467	226.3865	277.40033	63.481907	465.68094	239.63644	1000.0	1000.0	335999	27.669933	6.662351	55.462685	18.103764	-27.706545	0.049858928	6612.440226554871
85	304.2054	41.33102	348.67972	260.75974	257.2554	10.520111	269.80603	238.50894	1000.0	1000.0	339999	27.85339	7.1632047	59.906826	18.05986	-27.905226	0.059418745	6696.079963684082
86	301.98907	88.65491	453.9322	230.76767	280.1198	63.270557	454.1764	240.33786	1000.0	1000.0	343999	27.880514	7.3014803	58.029224	18.276966	-27.912033	0.050000653	6782.455904722214
87	310.7141	83.19847	454.8059	261.2536	329.68564	98.032005	452.14102	234.85826	1000.0	1000.0	347999	27.822538	7.1283116	57.225197	18.117794	-27.856102	0.05199067	6875.338352441788
88	253.3472	16.136158	277.95718	236.8627	316.34344	92.764984	458.86288	240.8922	1000.0	1000.0	351999	27.743073	6.9439254	56.88627	18.10725	-27.775196	0.05483119	6960.609555244446
89	350.17487	102.24052	455.44608	236.90533	257.17303	81.81687	456.60287	100.04952	1000.0	1000.0	355999	27.668943	6.8078256	58.3442	17.440735	-27.698391	0.05301263	7048.032769918442
90	259.81674	12.341926	267.45502	238.45389	374.1669	104.23376	463.5801	237.98872	1000.0	1000.0	359999	27.568178	6.858097	57.98351	16.594368	-27.592812	0.057551857	7132.501683712006
91	300.85016	88.95117	454.21857	239.44373	330.33774	102.6829	459.41565	237.46329	1000.0	1000.0	363999	27.462328	6.8845043	61.043655	15.964746	-27.498219	0.060741846	7219.310179710388
92	308.35425	84.40361	453.85986	246.57526	317.63684	91.24509	458.07324	234.65402	1000.0	1000.0	367999	27.698835	6.8821907	58.953335	17.458553	-27.739866	0.05986807	7304.749018192291
93	352.8041	97.442665	459.64203	244.1051	294.16318	99.37508	496.06454	217.48613	1000.0	1000.0	371999	27.818142	6.862456	57.89489	17.884512	-27.858734	0.053326737	7389.5184445381165
94	258.34076	12.950295	269.69717	236.46194	311.62936	101.36518	470.78036	226.7129	1000.0	1000.0	375999	27.94961	6.8976216	56.115517	18.816969	-27.98775	0.048883468	7468.9236624240875
95	311.66196	86.878746	462.02182	256.63132	292.5348	85.77431	463.42114	232.6436	1000.0	1000.0	379999	28.036163	6.8956194	55.361984	16.575117	-28.079935	0.05072504	7557.5759336948395
96	265.42148	1.0908464	266.7109	263.72614	330.03094	102.198296	459.80615	237.18776	1000.0	1000.0	383999	28.128645	6.8875303	56.42945	17.921425	-28.171917	0.05263481	7638.685942173004
97	252.03423	11.451946	264.96515	233.846	275.5073	58.581028	449.1886	241.86139	1000.0	1000.0	387999	28.13682	6.8924975	55.05178	18.683846	-28.165562	0.050352905	7716.492096424103
98	305.5115	87.99824	457.73053	247.4479	256.38498	8.308705	266.44235	242.44229	1000.0	1000.0	391999	28.008017	6.7407413	52.205082	18.417645	-28.039515	0.05618215	7801.805614709854
99	246.6452	10.634332	265.05856	240.16364	278.51093	60.51662	458.64938	247.50127	1000.0	1000.0	395999	28.002357	6.6799693	56.355812	18.52718	-28.034763	0.047514353	7884.0897760391235
100	258.12125	9.937029	265.98825	241.57979	276.60107	60.812283	456.40945	232.55745	1000.0	1000.0	399999	27.927258	6.7245083	56.749805	17.45577	-27.958384	0.048866533	7966.731992483139
101	250.38551	9.133476	260.39008	237.18318	319.23648	96.77316	469.36502	244.10623	1000.0	1000.0	403999	27.85306	6.8041816	55.859505	17.968159	-27.882675	0.04919417	8058.433968067169
102	307.36072	87.114685	458.00198	252.8909	277.05478	84.53854	527.5761	229.43561	1000.0	1000.0	407999	27.895212	6.868943	55.46512	16.931774	-27.9305	0.05173582	8142.180312871933
103	257.83725	10.196708	266.4954	240.72334	283.52078	60.00941	463.1634	256.89835	1000.0	1000.0	411999	27.886402	6.897192	55.987526	17.644583	-27.92198	0.05048837	8221.365756034851
104	295.11124	98.6587	457.40588	190.58328	317.49698	98.595085	469.7597	236.40672	1000.0	1000.0	415999	27.96219	6.970385	57.33401	17.636593	-27.994741	0.050081704	8300.33337521553
105	254.00972	8.131301	266.65787	246.03986	274.78845	65.79183	466.50317	218.55956	1000.0	1000.0	419999	27.880232	7.051991	56.244133	16.882776	-27.904032	0.05196908	8380.459562778473
106	410.76385	98.440605	475.38275	240.46393	309.61133	80.39111	463.4402	257.67038	1000.0	1000.0	423999	27.85888	7.1904793	57.813095	15.763211	-27.891527	0.0483816	8467.679007530212
107	308.26907	87.74907	460.02112	249.74405	302.9078	83.31054	458.5362	239.7452	1000.0	1000.0	427999	27.961803	7.2804046	58.510483	17.208729	-27.995636	0.049568307	8553.77010178566
108	253.2198	6.9781218	264.36713	247.01582	335.701	105.631516	466.39465	235.93921	1000.0	1000.0	431999	28.025076	7.2866387	55.273434	17.965021	-28.057014	0.049559016	8638.41521525383
109	312.39	93.01088	472.88885	247.73955	276.6978	63.547756	465.15567	234.08427	1000.0	1000.0	435999	28.021263	7.293354	58.984985	18.129707	-28.056738	0.05537092	8721.911503314972
110	280.30875	38.48329	345.45618	246.21266	311.92487	97.14519	460.77176	236.96548	1000.0	1000.0	439999	28.179348	7.4229064	57.16553	17.914669	-28.21538	0.05457488	8799.213933467865
111	303.7636	89.7259	458.58725	244.6843	321.84003	96.722755	469.96884	246.2589	1000.0	1000.0	443999	28.197886	7.4903607	57.21851	18.140736	-28.23156	0.052854013	8877.277174472809
112	247.56996	8.452355	261.69168	239.41252	370.76566	106.4961	478.62204	249.30399	1000.0	1000.0	447999	28.197012	7.5280647	56.722702	18.042473	-28.231243	0.055460885	8959.853494167328
113	242.62851	11.079057	261.38873	233.53981	250.45952	11.524951	264.5642	233.55511	1000.0	1000.0	451999	28.195246	7.497579	57.457005	18.758131	-28.23055	0.054285202	9040.481534481049
114	243.88727	3.3818269	246.4372	238.10928	274.33777	60.69319	453.5774	242.33337	1000.0	1000.0	455999	28.149868	7.410229	55.166565	17.34331	-28.180494	0.05532042	9119.565675020218
115	306.5183	91.328224	463.37192	235.05452	294.66827	84.274666	464.2669	234.55565	1000.0	1000.0	459999	28.116446	7.2498007	55.70747	16.990215	-28.14894	0.048723016	9199.766708374023
116	242.97122	11.339367	257.30286	225.61234	333.92935	102.520996	465.08176	235.48276	1000.0	1000.0	463999	28.115477	7.1720114	54.058163	16.74696	-28.144133	0.04659751	9281.11736035347
117	325.60944	104.954956	507.3254	261.87823	291.85733	82.76765	456.85425	239.96457	1000.0	1000.0	467999	28.069735	7.0793705	55.580826	17.811548	-28.099226	0.046112046	9373.188725709915
118	247.90721	11.272415	266.56528	236.73955	294.98978	80.095375	455.17258	242.42528	1000.0	1000.0	471999	28.025942	7.095338	54.05155	17.566166	-28.056253	0.04645962	9456.920466184616
119	296.6693	90.18154	452.2253	237.29362	296.46838	79.30327	453.89505	239.65956	1000.0	1000.0	475999	28.048838	7.014036	54.555447	18.382324	-28.08123	0.048929963	9536.25982093811
120	253.4382	13.411843	264.61206	230.99423	369.77347	156.0413	574.1732	233.97588	1000.0	1000.0	479999	28.156357	7.1328316	57.00915	18.431778	-28.195667	0.051287495	9615.078286886215
121	322.43585	103.95635	502.4804	260.93488	280.85693	65.69812	476.1268	241.20381	1000.0	1000.0	483999	28.30299	7.0908175	58.490078	18.06004	-28.342606	0.05118077	9695.129191875458
122	241.64822	11.469174	258.09213	227.43906	332.3563	122.3742	521.70544	239.27657	1000.0	1000.0	487999	28.437292	7.0498033	60.612595	19.050419	-28.478836	0.052747756	9782.211014986038
123	270.31976	31.868322	322.97446	237.15646	334.1761	109.08428	496.93036	234.07121	1000.0	1000.0	491999	28.512728	6.972555	56.810402	18.646442	-28.547308	0.04521131	9865.198678970337
124	259.5707	7.915705	265.62018	245.98154	313.46606	92.75473	492.6088	241.34074	1000.0	1000.0	495999	28.409197	7.017993	65.251595	19.04822	-28.438383	0.05123488	9944.78517317772
125	254.8944	6.658709	263.14532	247.667	289.93466	59.910892	405.3383	246.65802	1000.0	1000.0	499999	28.317148	7.1573143	55.809044	19.112953	-28.34676	0.0485561	10024.957303524017
126	256.97375	8.863434	264.55515	242.79988	357.01028	106.36838	472.0621	241.4193	1000.0	1000.0	503999	28.268435	7.148523	57.937794	18.052505	-28.2981	0.04629438	10105.952098608017
127	245.81311	13.583223	265.3277	227.09227	286.68573	79.6471	524.8096	242.80443	1000.0	1000.0	507999	28.24277	7.0893083	60.478798	18.116463	-28.275066	0.043806806	10193.862144947052
128	243.65	3.2083614	245.87483	238.14066	245.13586	41.008015	330.24625	174.89081	1000.0	1000.0	511999	28.21262	7.0947	57.5849	18.0483	-28.24571	0.048275877	10273.906103372574
129	333.0421	124.36783	548.36597	255.80238	262.74954	12.103025	289.03128	246.59792	1000.0	1000.0	515999	28.22792	7.1194644	56.81298	18.303507	-28.258055	0.046532556	10355.230744838715
130	257.7621	7.8011436	264.29172	244.47668	286.7029	86.50541	545.49176	244.58723	1000.0	1000.0	519999	28.15363	6.958687	54.88823	16.547888	-28.182697	0.04156638	10433.886223077774
131	257.33908	7.912683	262.82877	243.67403	314.77737	100.911835	481.13693	239.69759	1000.0	1000.0	523999	28.123857	6.8122406	54.20053	18.702744	-28.149492	0.045279484	10512.305534124374
132	411.03845	86.564026	474.35672	262.2485	334.40863	110.504944	477.67276	232.5258	1000.0	1000.0	527999	28.10139	6.783528	54.43927	18.645115	-28.122656	0.045799986	10599.51280760765
133	260.79346	3.9611595	266.63672	255.62842	331.91626	116.29455	483.05383	214.51741	1000.0	1000.0	531999	27.98988	6.6368713	55.801815	17.36316	-28.016808	0.047716558	10677.440383195877
134	247.10692	14.239152	260.3098	223.98454	371.08447	126.93008	529.2065	235.98232	1000.0	1000.0	535999	27.999573	6.7287207	56.626755	17.862625	-28.023727	0.05034884	10756.16755437851
135	347.64575	86.146935	435.58292	258.822	346.45538	99.23908	432.27393	182.72433	1000.0	1000.0	539999	27.89766	6.6196165	58.07112	17.906048	-27.915411	0.049225725	10836.98170375824
136	217.97012	23.782957	244.01335	185.56448	292.0324	77.12175	460.95215	241.21968	1000.0	1000.0	543999	27.756502	6.74442	58.31761	18.052414	-27.770706	0.054117307	10922.351036310196
137	251.40366	23.221788	266.59827	211.36374	248.7319	9.717853	263.06717	236.3055	1000.0	1000.0	547999	27.6314	7.006636	62.82815	18.125042	-27.666136	0.06463354	11000.904019594193
138	253.7071	16.071564	281.4087	241.89996	303.67816	70.48115	443.0142	225.15907	1000.0	1000.0	551999	28.03718	8.244065	64.34013	17.442062	-28.08281	0.07651146	11081.417775630951
139	253.64102	9.588866	261.47452	237.45453	301.85138	61.447174	404.13895	237.22702	1000.0	1000.0	555999	28.222786	8.533348	63.396984	17.021624	-28.259604	0.07032776	11162.86726474762
140	284.22433	46.381153	363.35095	244.76419	304.86737	49.622143	368.16705	262.12604	1000.0	1000.0	559999	28.299416	8.419295	60.2521	17.821133	-28.340065	0.07130629	11247.827919960022
141	172.75076	19.493382	202.71812	148.42998	283.24686	83.56673	365.5523	186.44118	1000.0	1000.0	563999	28.51706	8.731297	63.85335	17.57215	-28.560703	0.069174245	11333.457361459732
142	262.9158	48.335396	342.74005	213.30138	303.34784	54.175964	382.2974	243.01491	1000.0	1000.0	567999	28.565275	8.972414	64.73046	15.506378	-28.59264	0.08607262	11422.979437589645
143	306.434	46.61417	362.97882	260.05615	275.09894	59.410233	391.7676	226.77324	1000.0	1000.0	571999	28.41492	8.332933	60.201744	15.795354	-28.428816	0.068080656	11502.955772161484
144	249.77988	14.676744	265.61536	234.44792	256.38034	8.0678	265.6092	243.68549	1000.0	1000.0	575999	28.156185	7.3598223	56.711716	17.434341	-28.18032	0.059112743	11580.78673696518
145	250.35857	8.839232	265.20746	241.9047	250.38303	9.543243	264.12628	238.73483	1000.0	1000.0	579999	28.08566	7.141777	56.97363	17.497574	-28.113642	0.057090476	11661.452522277832
146	250.40286	3.8183286	255.84035	246.50029	300.01373	82.243034	424.86258	213.91077	1000.0	1000.0	583999	28.060818	7.1731477	56.105686	16.924412	-28.08952	0.052250113	11745.509771823883
147	277.94617	37.686073	342.44556	247.06256	314.30545	74.23908	409.13388	241.04431	1000.0	1000.0	587999	28.071196	7.290073	54.84001	17.068455	-28.095867	0.04801208	11826.203049659729
148	296.4021	70.332565	416.78348	238.67924	284.98566	56.059902	401.6035	243.02748	1000.0	1000.0	591999	28.082054	7.4146266	55.826935	16.882229	-28.108742	0.050277643	11907.835287809372
149	282.28693	52.826294	372.46906	243.71933	277.951	47.521805	373.28485	219.8869	1000.0	1000.0	595999	28.085653	7.500885	55.812553	16.746572	-28.107738	0.04755605	11987.594646692276
150	248.31528	7.0277915	260.06293	242.00874	274.73267	36.646976	346.70172	243.41026	1000.0	1000.0	599999	27.87858	7.1386037	56.95227	12.374156	-27.89784	0.047726624	12066.683442354202
151	303.4876	48.885838	356.80035	247.43518	276.4807	39.06614	364.87436	240.37439	1000.0	1000.0	603999	27.917206	7.1135187	54.372047	17.456131	-27.955667	0.07799388	12149.421910762787
152	292.01596	42.916103	366.34622	266.83447	309.54147	132.33588	694.827	232.80376	1000.0	1000.0	607999	28.270977	7.867416	54.3367	17.436504	-28.28851	0.062024802	12235.36489868164
153	257.38348	11.608719	266.35025	237.65623	294.52515	95.22607	568.733	243.41423	1000.0	1000.0	611999	28.097473	7.4343925	54.686935	16.517654	-28.12782	0.07803209	12324.531944513321
154	276.661	37.969963	340.92194	243.07718	273.0058	35.760353	343.84717	241.05786	1000.0	1000.0	615999	28.50347	8.427595	62.24572	17.028582	-28.557993	0.09151079	12410.763805389404
155	302.59583	42.680107	345.68817	256.65417	292.6463	43.49577	347.10263	240.15787	1000.0	1000.0	619999	28.75236	8.9161825	62.56453	17.71434	-28.784445	0.098099016	12500.63955116272
156	282.68994	46.04707	361.10684	242.8354	268.35455	50.297306	416.11017	238.72865	1000.0	1000.0	623999	28.719557	8.56672	62.701096	17.390738	-28.742455	0.08711366	12579.52605342865
157	242.28455	14.046257	256.75162	219.02446	277.56854	52.042366	422.12872	238.12476	1000.0	1000.0	627999	28.751188	8.379409	60.324924	17.80283	-28.785255	0.08076852	12658.432700872421
158	257.5708	8.422761	263.93884	243.11516	263.96948	33.792187	362.75018	239.80539	1000.0	1000.0	631999	28.644342	8.116698	56.084843	17.366968	-28.668007	0.06923144	12742.68945980072
159	256.9004	12.011055	267.139	236.5207	262.94452	39.508915	378.1354	237.3409	1000.0	1000.0	635999	28.55237	7.8453135	55.70985	18.377888	-28.580091	0.05937423	12822.783639669418
160	285.2827	46.803932	365.2868	246.48749	300.57397	50.041492	368.7836	244.34435	1000.0	1000.0	639999	28.607557	7.9404244	56.48127	18.400843	-28.649332	0.061527595	12901.435916423798
161	298.83023	60.043114	397.15552	241.6705	262.22772	29.352833	344.9252	241.72809	1000.0	1000.0	643999	28.745955	8.077365	58.943573	18.225037	-28.778208	0.07053721	12979.795963287354
162	282.67853	45.12812	359.43314	243.72618	278.03204	40.809036	356.21436	240.86569	1000.0	1000.0	647999	28.771898	8.058291	58.487465	18.111347	-28.803953	0.06322435	13059.971541643143
163	250.88538	17.205254	280.6713	240.35583	251.20999	7.6628094	260.95828	240.50862	1000.0	1000.0	651999	28.778748	8.113488	60.826576	18.363762	-28.816387	0.066645354	13138.502701282501
164	257.53708	7.2966785	264.65192	246.72334	258.31827	10.381465	274.72708	241.61913	1000.0	1000.0	655999	28.758698	8.191388	59.39646	18.068558	-28.782625	0.06740358	13219.596692800522
165	250.41998	11.705816	265.1702	236.28531	251.92834	10.599777	264.80905	237.75581	1000.0	1000.0	659999	28.680683	8.14233	55.674706	17.303165	-28.708534	0.059723474	13298.758363962173
166	253.48862	12.40406	266.0114	237.21346	260.64972	31.021088	347.8412	237.04005	1000.0	1000.0	663999	28.544744	8.047904	56.788567	15.759714	-28.564411	0.06493222	13376.579052686691
167	318.48462	86.85389	468.88943	266.84637	281.26917	34.470722	372.9868	253.61406	1000.0	1000.0	667999	28.423372	7.9111133	55.281006	17.620766	-28.447643	0.059425827	13456.586608171463
168	280.2126	65.967255	392.01938	223.8904	256.81754	10.166191	266.87054	238.43948	1000.0	1000.0	671999	28.411428	7.911842	55.12994	17.604815	-28.441185	0.051292483	13542.703719854355
169	310.24384	86.26115	459.62048	257.54456	274.90717	81.00161	516.49414	236.50487	1000.0	1000.0	675999	28.451828	7.8565135	55.952084	18.536217	-28.485744	0.04961385	13628.23355460167
170	311.5033	107.0926	496.62784	243.61594	266.20062	40.988934	383.0394	237.76347	1000.0	1000.0	679999	28.528708	7.843164	55.946857	16.785275	-28.55727	0.05353556	13715.493740320206
171	291.89304	62.55815	398.5863	238.54332	248.30295	10.436249	267.64932	234.53346	1000.0	1000.0	683999	28.504873	7.878726	60.375538	17.062275	-28.531473	0.059471875	13799.609772443771
172	263.92432	4.0386124	267.63818	257.78546	255.56206	8.232264	267.50067	246.21756	1000.0	1000.0	687999	28.475927	8.002032	58.596806	18.30933	-28.501991	0.05652623	13883.910045862198
173	298.75623	83.166756	442.3411	243.93745	277.34125	57.463043	447.4001	238.92989	1000.0	1000.0	691999	28.404047	7.9584184	58.449966	17.684254	-28.429337	0.05697535	13970.52017045021
174	259.0511	11.56455	270.94223	240.48547	287.71075	61.500053	398.18494	225.37631	1000.0	1000.0	695999	28.269243	7.645092	58.924236	14.634874	-28.292494	0.059243064	14055.68964600563
175	351.38904	87.35018	463.34207	264.90396	254.23723	11.271295	267.02423	238.741	1000.0	1000.0	699999	28.236113	7.5718284	55.246815	18.15351	-28.255919	0.057112735	14141.84244275093
176	249.89809	13.391963	267.5356	234.54666	273.88773	50.036907	398.3185	240.46666	1000.0	1000.0	703999	28.202932	7.331723	56.833908	18.27035	-28.228966	0.055179004	14223.289989709854
177	336.9789	83.4557	427.012	246.50705	299.74402	71.76284	410.19888	240.30382	1000.0	1000.0	707999	28.218018	7.4950385	61.17108	18.025894	-28.241993	0.053853612	14301.774775981903
178	256.6593	9.399272	269.18402	246.84995	277.22586	68.9843	481.2746	235.11736	1000.0	1000.0	711999	28.176033	7.2582235	58.21111	17.276627	-28.199003	0.05206721	14381.652356863022
179	252.03177	8.618645	262.98688	243.59824	249.63266	8.015001	260.46774	238.49663	1000.0	1000.0	715999	28.135317	7.091731	55.768887	18.633415	-28.156546	0.046311725	14459.39902639389
180	261.61362	11.025181	276.70966	246.10817	278.6183	65.61028	467.4829	234.3061	1000.0	1000.0	719999	27.989927	6.831249	54.450886	18.117912	-28.0077	0.04191887	14546.421008825302
181	247.67464	11.30354	267.01	238.80241	290.22675	60.58743	398.92712	240.52939	1000.0	1000.0	723999	27.966192	6.7498293	52.63599	16.370028	-27.989681	0.04543501	14633.759198665619
182	347.70163	94.59636	447.89432	246.42633	335.3272	86.775925	460.14505	241.50664	1000.0	1000.0	727999	27.954552	6.717899	56.1163	15.332714	-27.977036	0.049607184	14725.915109872818
183	251.81003	9.21906	262.87543	238.18668	274.2375	49.171665	419.51108	237.77069	1000.0	1000.0	731999	28.047977	6.82325	54.185238	17.762827	-28.075401	0.055476356	14810.997218847275
184	263.832	15.927881	290.2013	247.48662	334.289	76.718994	420.83328	245.71626	1000.0	1000.0	735999	28.092896	6.9676547	55.1082	18.624136	-28.117785	0.05601989	14897.45258140564
185	296.61612	79.87953	434.16287	238.34274	255.48837	8.344792	265.05634	239.67549	1000.0	1000.0	739999	27.957693	6.770017	53.698788	17.44362	-27.97822	0.05294925	14984.253036022186
186	266.70935	33.396126	318.12024	224.60664	269.6939	52.761482	425.43597	238.19711	1000.0	1000.0	743999	28.0115	6.9270515	53.34796	18.55791	-28.034689	0.059562232	15072.603588342667
187	256.44778	9.322787	263.2766	240.56108	259.51712	7.5892453	267.14227	242.06715	1000.0	1000.0	747999	27.98595	6.9448886	55.20335	17.01434	-28.007032	0.055645887	15159.710697889328
188	304.7469	79.796646	442.8126	253.34222	248.16377	11.383163	267.10382	232.6902	1000.0	1000.0	751999	27.9	6.6935925	57.425266	15.621899	-27.916113	0.05374739	15246.009373664856
189	251.52292	11.399863	262.9008	234.92308	255.68828	11.754051	266.26587	231.58687	1000.0	1000.0	755999	27.817064	6.612123	60.863613	17.772882	-27.839434	0.055907663	15332.057541847229
190	298.3117	70.63288	419.99628	246.03926	267.91895	25.982111	340.27322	241.38826	1000.0	1000.0	759999	27.829927	6.6050076	53.587822	17.05157	-27.847998	0.052455124	15410.947173833847
191	261.68478	3.617764	265.76453	257.02167	265.5319	17.394987	310.49707	241.32616	1000.0	1000.0	763999	27.762718	6.480792	59.51969	17.7155	-27.781565	0.051597018	15489.135325670242
192	261.87314	2.5892658	264.90698	258.15976	260.60318	11.474491	283.8524	242.39171	1000.0	1000.0	767999	27.759247	6.5804996	52.70388	15.389385	-27.781233	0.05085897	15581.173077583313
193	254.82756	8.315268	264.32684	246.21486	272.76062	37.565228	362.63586	241.36835	1000.0	1000.0	771999	27.862995	6.810401	52.06167	16.670288	-27.889006	0.056174163	15667.003243207932
194	273.8088	49.890938	360.20776	243.93054	286.88043	49.205368	387.03555	240.30135	1000.0	1000.0	775999	27.912153	7.005896	57.474113	16.732811	-27.93797	0.055703208	15758.604925632477
195	280.4551	41.5938	350.7341	242.09708	337.57013	101.69181	476.7451	242.47383	1000.0	1000.0	779999	27.974697	7.2699285	59.146294	15.942331	-27.999434	0.057763793	15842.79592204094
196	254.34683	9.021967	266.37967	244.47902	252.94443	19.204851	301.3527	233.19498	1000.0	1000.0	783999	27.97857	7.327876	58.695473	16.483257	-28.000084	0.055051878	15927.938729763031
197	285.9657	43.920628	358.3858	242.02512	253.79453	10.625862	264.9537	237.47688	1000.0	1000.0	787999	27.97363	7.30386	55.046455	16.46112	-27.996325	0.052776083	16006.523160457611
198	333.84543	91.38074	475.44864	242.21237	254.40347	19.964468	290.0358	232.84692	1000.0	1000.0	791999	28.023497	7.3638115	54.901894	18.05429	-28.048252	0.04730233	16084.164237260818
199	261.18854	26.368944	302.14435	237.74892	248.06319	9.273576	262.49124	238.02713	1000.0	1000.0	795999	28.086115	7.3829184	55.819527	17.998384	-28.105896	0.055035748	16166.141248226166
200	262.7061	2.0344148	265.98642	260.50854	346.68365	109.97321	504.10144	240.89001	1000.0	1000.0	799999	28.016703	7.37789	53.570374	18.085007	-28.040407	0.051808327	16248.666810512543
201	260.36737	22.054468	297.39413	242.95898	252.94055	10.971195	268.81342	236.33047	1000.0	1000.0	803999	28.094265	7.627175	57.673347	16.415392	-28.122387	0.060972482	16333.338478088379
202	256.47226	11.498379	270.94464	243.90553	307.0234	83.292404	480.0638	237.66525	1000.0	1000.0	807999	28.15215	7.8283424	58.70817	14.933896	-28.176893	0.06353496	16417.58252811432
203	254.48434	6.223778	260.0808	244.09764	291.84445	48.771053	352.6172	237.1671	1000.0	1000.0	811999	28.152357	7.8576455	59.114433	17.190529	-28.17871	0.059697013	16504.241127967834
204	272.10333	24.477753	311.0554	243.33838	257.32663	13.913239	276.6114	234.65282	1000.0	1000.0	815999	28.22727	7.9099307	62.98882	17.792265	-28.258566	0.067165434	16587.42612028122
205	279.15805	37.1291	341.4006	243.1968	254.61272	10.683686	266.80557	239.3836	1000.0	1000.0	819999	28.286043	8.050274	57.070114	17.781507	-28.311132	0.06736737	16671.06123828888
206	258.39536	15.855909	280.2022	235.47545	251.67155	6.3371296	260.6735	242.16954	1000.0	1000.0	823999	28.30162	8.0404005	57.939934	16.4299	-28.325525	0.07005182	16753.656173467636
207	257.73218	6.7049623	265.11307	246.8679	250.64519	11.768034	266.4172	235.06206	1000.0	1000.0	827999	28.271057	7.952148	56.676632	17.491398	-28.297617	0.059442002	16832.356358528137
208	310.2087	110.794304	501.86554	238.0835	319.7294	101.90426	488.38464	240.20047	1000.0	1000.0	831999	28.233927	7.7913356	58.809357	17.18095	-28.251175	0.06568964	16910.492965459824
209	255.20573	10.116793	266.23206	242.41481	252.83044	12.148054	267.01096	231.16522	1000.0	1000.0	835999	28.09815	7.351094	59.747166	17.099659	-28.12097	0.06332016	16991.278388023376
210	314.58484	116.0492	515.2361	240.29538	400.07733	203.98662	744.5884	238.5966	1000.0	1000.0	839999	28.14296	7.3360395	61.161922	18.235752	-28.169437	0.066407025	17071.970029592514
211	263.31598	1.5496048	265.90146	262.03314	256.41806	10.027886	267.83142	241.75142	1000.0	1000.0	843999	28.1768	7.4445486	61.56881	18.327642	-28.207882	0.074767396	17154.634458065033
212	301.38657	74.38097	429.51297	246.12648	359.89957	167.24188	679.0753	240.41554	1000.0	1000.0	847999	28.340218	7.7421446	57.842342	17.41053	-28.375261	0.08149447	17235.91029572487
213	246.2839	10.880619	264.73083	236.5156	270.76544	57.683167	437.74493	236.98944	1000.0	1000.0	851999	28.550585	8.092366	63.400337	18.097523	-28.588963	0.08268691	17314.6533370018
214	251.56119	10.528365	264.8219	240.27953	261.7445	17.863592	307.0411	239.18242	1000.0	1000.0	855999	28.595873	8.212688	60.018272	16.509426	-28.623812	0.0795726	17396.88748407364
215	246.47375	9.558288	261.6433	235.20015	316.06213	125.32594	587.9698	235.66553	1000.0	1000.0	859999	28.60015	8.235239	65.80715	11.50753	-28.630281	0.07532901	17480.828141450882
216	279.68018	18.21866	302.9046	261.3443	263.9278	17.1481	297.89896	236.78996	1000.0	1000.0	863999	28.657354	8.448635	62.163555	17.525154	-28.690691	0.07629343	17565.644871473312
217	269.76276	17.12688	299.25778	257.06757	258.91257	10.475924	274.70416	241.2328	1000.0	1000.0	867999	28.643595	8.411121	63.630074	15.551022	-28.672586	0.079221055	17651.77608180046
218	248.98909	7.5306044	261.15173	240.4933	257.5761	12.203747	282.8417	240.86775	1000.0	1000.0	871999	28.60877	8.183476	60.854042	17.199858	-28.635582	0.07997054	17739.696319580078
219	264.0968	18.66763	294.5939	246.62744	315.24628	117.27918	550.0037	238.49417	1000.0	1000.0	875999	28.500088	7.977466	57.03592	16.254644	-28.522863	0.08016284	17821.947174310684
220	327.06104	114.46537	524.7213	247.08836	262.36353	16.866909	303.29715	243.97966	1000.0	1000.0	879999	28.440163	7.965134	58.54804	17.677134	-28.464748	0.07548641	17908.35880088806
221	249.75002	7.407648	262.29572	243.12791	349.5706	121.91447	516.0518	239.7684	1000.0	1000.0	883999	28.400536	8.016056	60.66278	16.831554	-28.424248	0.072895385	17994.692338705063
222	314.70383	98.49432	484.935	248.10895	279.26465	32.57276	343.56094	236.99939	1000.0	1000.0	887999	28.348127	7.919355	57.839935	17.715824	-28.37411	0.07912892	18076.804787397385
223	269.4232	22.08815	303.90857	242.3185	333.16205	127.86964	560.9469	218.53911	1000.0	1000.0	891999	28.33285	7.693177	61.58378	18.036543	-28.358095	0.07827741	18165.558398008347
224	369.346	110.86685	486.90033	252.49234	270.93683	47.447865	409.82684	239.07146	1000.0	1000.0	895999	28.38425	7.788508	59.939438	17.662933	-28.409298	0.08408975	18250.851243257523
225	378.853	92.3205	487.30377	246.56079	294.82047	71.222694	438.2144	241.15942	1000.0	1000.0	899999	28.359196	7.6673455	60.99912	18.199749	-28.38261	0.08391445	18339.450388669968
226	368.52194	120.480736	531.4958	242.83255	385.6385	199.48062	729.7031	238.09798	1000.0	1000.0	903999	28.416908	7.7172737	62.507298	18.486526	-28.443958	0.086077526	18425.691930532455
227	371.3444	214.88075	743.07654	237.88269	252.16202	6.4315953	260.68353	241.94507	1000.0	1000.0	907999	28.491674	7.932221	59.776848	16.788197	-28.521156	0.085186586	18516.01669192314
228	265.40152	18.422766	293.78845	242.25966	289.10468	63.708584	427.7002	235.90535	1000.0	1000.0	911999	28.508583	8.144239	62.22201	17.202765	-28.534855	0.08781493	18604.48612356186
229	271.21933	9.082021	284.8232	260.9435	279.77737	88.56832	544.01825	239.60732	1000.0	1000.0	915999	28.482138	8.095602	61.907158	17.592644	-28.50825	0.0858829	18690.17624759674
230	291.63	70.248085	411.9223	234.29965	303.95798	113.71911	539.11694	240.63614	1000.0	1000.0	919999	28.547035	8.05911	60.42389	17.995298	-28.574837	0.07910512	18777.55572295189
231	378.29932	147.18904	570.977	232.19514	427.9566	216.33562	756.8528	238.29301	1000.0	1000.0	923999	28.55085	8.061522	61.561848	17.941425	-28.57575	0.07685861	18867.134632110596
232	374.359	200.37202	721.13617	245.81453	250.37593	11.007433	267.9163	237.9266	1000.0	1000.0	927999	28.564165	8.141255	61.475445	18.198088	-28.590797	0.08465384	18951.373800754547
233	274.04218	45.221783	351.83295	239.50421	432.11215	217.6959	747.6534	247.28053	1000.0	1000.0	931999	28.610992	8.2656145	62.34642	17.90453	-28.639545	0.08956532	19033.82726740837
234	266.77072	18.882315	295.76767	243.60612	258.64923	8.04889	266.21454	240.90901	1000.0	1000.0	935999	28.635748	8.295879	61.612663	17.032278	-28.664976	0.09270275	19115.80429649353
235	336.63965	141.03952	580.16565	237.49101	264.4569	17.44244	303.47632	241.65381	1000.0	1000.0	939999	28.691582	8.291974	59.763832	18.749786	-28.719566	0.09509982	19201.7689743042
236	289.8689	54.80127	377.13177	237.38405	271.5648	13.235357	293.20618	260.18994	1000.0	1000.0	943999	28.702524	8.234666	59.734676	18.718502	-28.727028	0.08171423	19287.062207460403
237	260.5179	9.434958	267.8317	244.61194	253.89893	10.819057	266.94073	237.90215	1000.0	1000.0	947999	28.695053	8.149467	61.892933	10.394728	-28.723469	0.07251648	19374.320673704147
238	321.42197	135.23094	555.523	236.1509	353.86548	191.07516	739.5951	242.83083	1000.0	1000.0	951999	28.746096	8.3255005	60.428284	18.3116	-28.775944	0.082989044	19461.093343019485
239	366.21387	210.65167	731.0559	241.50064	305.7701	153.47763	765.0936	236.16171	1000.0	1000.0	955999	28.771408	8.418198	69.41021	18.670998	-28.800352	0.09457438	19540.911204338074
240	373.31018	192.95863	707.38336	252.80466	308.20587	126.871086	687.65125	247.13618	1000.0	1000.0	959999	28.804815	8.502744	67.41847	18.174057	-28.832844	0.099946335	19621.725311517715
241	261.1553	2.4412887	264.06625	257.35895	352.2215	207.62094	769.24615	239.01729	1000.0	1000.0	963999	28.832397	8.5597105	65.23485	16.915882	-28.85714	0.109643415	19704.457641124725
242	248.50156	14.58537	264.2149	228.794	329.3947	158.43054	744.18964	224.2777	1000.0	1000.0	967999	28.675102	8.407797	65.718575	15.75024	-28.697617	0.104794756	19783.140682458878
243	241.25241	24.452309	266.4602	205.71085	365.9431	185.55682	730.7059	231.91057	1000.0	1000.0	971999	28.644577	8.433796	66.51689	13.347189	-28.675652	0.11748407	19863.30962920189
244	304.35077	86.355545	453.1732	240.73259	365.8259	190.22028	767.15857	238.99501	1000.0	1000.0	975999	28.802908	8.496725	67.8979	17.179167	-28.834179	0.11267729	19942.02896976471
245	271.9036	13.117296	294.2956	260.96408	267.27316	19.898575	313.14645	226.74135	1000.0	1000.0	979999	28.88748	8.543471	71.12616	16.744263	-28.921112	0.12584701	20022.647608041763
246	408.0324	209.71893	760.1918	232.77048	301.11618	155.42131	766.5283	236.24014	1000.0	1000.0	983999	28.970352	8.699443	71.77438	15.739845	-29.001223	0.12794493	20101.223017930984
247	509.06146	241.5874	753.76447	267.43082	253.08127	12.5115385	267.27475	235.27356	1000.0	1000.0	987999	28.992476	8.8882265	73.12488	16.479122	-29.012337	0.13689558	20180.786754369736
248	258.6421	4.755816	266.51547	254.5125	258.3454	15.311125	300.7409	243.38931	1000.0	1000.0	991999	28.932835	8.878449	76.81108	15.128397	-28.95809	0.14146513	20259.711246967316
249	248.38136	6.9775705	257.29666	238.14288	345.04745	181.56325	771.05566	239.93494	1000.0	1000.0	995999	28.979338	8.8427725	72.06306	17.717594	-29.011726	0.12785089	20338.957040309906
250	262.9992	19.861813	293.7838	238.31326	304.23993	140.99486	725.7482	242.14755	1000.0	1000.0	999999	28.987158	8.871427	63.92126	14.577166	-29.01706	0.12359675	20417.753863573074
251	252.63348	17.671005	272.5787	224.3086	350.38043	161.2971	768.92566	232.53368	1000.0	1000.0	1003999	29.032177	8.982295	64.82506	14.610857	-29.059847	0.11646119	20501.79558992386
252	327.1279	104.61242	506.46503	254.57501	284.34015	90.22507	553.2324	235.82852	1000.0	1000.0	1007999	29.009134	8.926938	67.82842	15.968489	-29.035242	0.10525555	20587.136575222015
253	249.71236	6.0464272	260.06583	245.05412	305.60428	101.363464	557.4172	239.73991	1000.0	1000.0	1011999	28.970783	8.831053	69.19561	16.92653	-28.99391	0.11015038	20674.765036582947
254	245.64119	13.39052	262.95807	232.39455	303.00848	146.90007	743.3402	242.38385	1000.0	1000.0	1015999	28.925085	8.791958	69.59324	17.316456	-28.948168	0.10946534	20760.02553129196
255	364.84854	173.77272	664.4039	237.53738	354.73297	193.61171	753.5309	226.18594	1000.0	1000.0	1019999	29.036175	8.862378	72.20551	17.389515	-29.071587	0.11492593	20838.474296331406
256	274.01227	17.947046	304.955	261.67734	256.84064	21.730272	314.94144	234.14932	1000.0	1000.0	1023999	29.24654	8.920962	68.26571	15.481785	-29.282127	0.12527236	20918.862495422363
257	258.55133	3.047026	261.55383	253.57837	260.2273	19.898533	303.95602	233.0177	1000.0	1000.0	1027999	29.397453	8.903745	69.25038	17.371054	-29.432423	0.13069616	20998.929208278656
258	261.94894	23.240896	297.9887	240.46645	500.6529	237.90805	769.103	244.88562	1000.0	1000.0	1031999	29.51672	8.778165	84.01086	17.405594	-29.551188	0.12399198	21078.1220600605
259	346.71692	146.3805	600.17194	259.00787	389.60077	219.32195	687.9906	76.10165	1000.0	1000.0	1035999	29.61036	8.937132	70.636765	16.252953	-29.643637	0.11481068	21160.361654996872
260	322.6952	163.98445	603.71936	198.10434	339.66864	164.1227	688.6117	234.44637	1000.0	1000.0	1039999	29.690863	9.166477	73.35911	16.66077	-29.7225	0.12015446	21240.33359026909
261	318.6906	117.05824	520.96906	239.6456	403.21606	234.5603	727.8519	93.13585	1000.0	1000.0	1043999	29.70862	9.070995	74.5736	13.227463	-29.735535	0.1301603	21320.213347673416
262	255.92615	9.289178	264.1654	240.42386	250.80452	12.663509	267.5206	238.08075	1000.0	1000.0	1047999	29.77747	9.363363	76.33019	12.50395	-29.814144	0.1347257	21398.6023581028
263	375.47552	210.36101	739.2591	235.22484	345.9989	206.00793	764.9148	233.07385	1000.0	1000.0	1051999	29.93534	9.988224	80.70393	15.121439	-29.96718	0.16835703	21478.518863916397
264	260.59943	3.5312166	264.50934	256.77704	312.6933	153.11174	742.72064	241.4021	1000.0	1000.0	1055999	29.941662	10.0916815	82.07619	17.309204	-29.97207	0.1747196	21557.93296122551
265	336.56744	119.81118	543.2951	254.555	261.25528	15.33916	289.82657	246.37898	1000.0	1000.0	1059999	29.957737	10.297496	80.94081	15.905449	-29.983023	0.17399873	21637.76450586319
266	259.27527	6.9556203	265.4959	248.29102	263.70276	10.242571	288.4973	245.5702	1000.0	1000.0	1063999	29.962435	10.453521	81.17418	16.501589	-29.991858	0.1731079	21719.52126145363
267	251.0525	8.396	263.5239	241.12961	263.3916	17.620876	289.7367	235.26648	1000.0	1000.0	1067999	29.972677	10.319659	79.54114	17.934502	-30.001152	0.17279358	21798.708322525024
268	257.73346	9.7621975	270.50122	243.66765	258.32294	15.808065	292.0851	236.0945	1000.0	1000.0	1071999	29.667328	9.640825	70.22994	16.136839	-29.664211	0.17496918	21882.009293556213
269	247.15257	7.6781178	260.16962	241.482	258.63354	10.301935	271.21698	241.82759	1000.0	1000.0	1075999	29.330572	8.738248	63.070553	18.866716	-29.343586	0.13815007	21968.318881988525
270	302.5401	82.561066	444.89816	242.33186	270.16467	62.363552	455.47495	239.35942	1000.0	1000.0	1079999	29.360605	8.680728	58.838478	18.76656	-29.38512	0.117822684	22049.618849754333
271	354.36307	105.63668	467.19968	236.94453	359.32254	123.224846	514.12274	246.7307	1000.0	1000.0	1083999	29.284372	8.415605	59.296154	18.734205	-29.292559	0.081964895	22128.26966238022
272	303.81635	88.72697	456.37115	235.48775	367.20142	110.942505	481.0136	242.97174	1000.0	1000.0	1087999	29.180172	8.305459	58.911243	17.655981	-29.193102	0.06803948	22212.735275030136
273	328.92984	127.76629	549.45404	238.37364	317.38617	129.90877	593.3664	238.94165	1000.0	1000.0	1091999	29.08831	8.276482	59.112267	15.118605	-29.101053	0.06891156	22306.06969857216
274	363.77362	192.42319	696.8544	245.24724	259.1933	9.109147	267.8962	244.2783	1000.0	1000.0	1095999	29.170538	8.421696	57.216263	17.474436	-29.194683	0.0721606	22397.953378677368
275	314.40887	106.94158	499.24307	242.09424	366.18338	166.0794	637.6142	231.71715	1000.0	1000.0	1099999	29.225752	8.669056	62.978508	16.700142	-29.241184	0.08063055	22481.287620544434
276	417.39606	103.34849	512.59155	246.60837	277.09772	24.917063	324.6079	244.9121	1000.0	1000.0	1103999	29.245512	8.7177105	66.92107	16.261736	-29.261833	0.08517128	22561.617694854736
277	291.55875	32.9705	346.7832	264.88995	286.4008	94.46105	567.70886	238.3624	1000.0	1000.0	1107999	29.303673	8.972688	64.93027	14.856117	-29.325226	0.10539906	22650.301112174988
278	388.75604	216.3076	763.39386	260.44037	394.28204	213.05211	756.97095	238.26445	1000.0	1000.0	1111999	29.377344	9.212845	70.531944	18.471123	-29.39778	0.1097274	22733.40213227272
279	483.52374	220.03236	752.13104	265.78125	362.34613	157.58543	764.3519	240.15746	1000.0	1000.0	1115999	29.502066	9.664291	69.35632	14.789091	-29.525629	0.114558764	22813.59897994995
280	437.68103	195.06685	749.7181	265.31686	269.22397	15.480578	297.55203	245.49667	1000.0	1000.0	1119999	29.701607	10.035064	69.658325	16.334751	-29.729519	0.13626014	22895.905343055725
281	257.2807	17.822287	281.6817	236.06818	334.7355	170.02542	699.7183	239.56335	1000.0	1000.0	1123999	29.778082	10.305449	73.02002	4.3898654	-29.799868	0.14174014	22979.20363521576
282	299.37714	71.18922	422.10947	247.53572	266.3581	29.129105	334.09943	240.47939	1000.0	1000.0	1127999	29.717068	10.325331	71.58672	16.85171	-29.735025	0.14494126	23064.267350912094
283	263.97177	2.7599761	267.03384	260.174	254.2727	15.503806	295.40714	237.45508	1000.0	1000.0	1131999	29.80917	10.1756935	71.349785	17.740993	-29.840588	0.13732538	23153.78438425064
284	244.30098	6.457452	253.44357	236.80763	261.82648	11.538046	273.356	237.42305	1000.0	1000.0	1135999	29.837753	10.041079	78.99568	17.756615	-29.853287	0.14940201	23245.862193107605
285	248.31369	9.091488	262.58856	237.29321	251.95288	10.16326	266.3466	238.39551	1000.0	1000.0	1139999	29.646523	9.592542	67.901054	17.425629	-29.65551	0.14853844	23332.241975069046
286	253.4336	8.964442	262.50266	242.53679	260.06744	9.846762	270.46698	240.80693	1000.0	1000.0	1143999	29.486883	9.126251	71.07234	17.95882	-29.502922	0.13640235	23420.21915793419
287	257.77026	10.813577	267.73798	239.64694	260.28122	10.739823	277.89044	243.03682	1000.0	1000.0	1147999	29.505304	9.120866	59.40338	18.460835	-29.521961	0.095560156	23514.250978946686
288	358.62662	173.53119	658.23254	236.53432	342.47858	211.79762	760.99316	136.94629	1000.0	1000.0	1151999	29.611305	9.117808	62.721245	17.933914	-29.643051	0.08291453	23603.474551200867
289	452.17584	210.34624	751.90204	246.73898	261.86017	21.815504	306.553	236.57965	1000.0	1000.0	1155999	29.882626	9.470828	66.14062	15.910673	-29.91285	0.09932219	23693.96772813797
290	382.35538	221.22101	765.0781	238.56201	309.38458	150.786	761.1616	242.30511	1000.0	1000.0	1159999	30.134115	9.753423	65.6865	16.902107	-30.167732	0.1084908	23782.253590106964
291	373.82956	205.93425	730.0678	238.2198	344.57574	181.11215	707.51996	240.75084	1000.0	1000.0	1163999	30.315092	10.128205	67.56048	15.658188	-30.350672	0.116182305	23873.964854955673
292	314.36667	111.7198	507.01236	239.86621	245.4949	10.364976	266.46432	229.07391	1000.0	1000.0	1167999	30.484798	10.558234	74.336136	17.964832	-30.516363	0.13326937	23959.034167289734
293	361.9112	217.02264	737.5999	224.96716	338.23346	172.13351	727.7967	243.31094	1000.0	1000.0	1171999	30.57239	10.904913	85.05056	17.443005	-30.607576	0.14997531	24043.51836180687
294	453.51678	204.0524	710.3599	242.2167	438.3917	237.5795	743.6959	234.748	1000.0	1000.0	1175999	30.642324	11.215347	77.996284	17.712646	-30.675396	0.15065515	24128.49658346176
295	375.59412	203.80928	728.4851	249.42479	362.75836	195.72044	754.1771	246.93558	1000.0	1000.0	1179999	30.748104	11.541446	75.96982	16.949135	-30.78593	0.15436073	24206.647604465485
296	254.11653	15.18252	267.58353	229.87958	251.01318	15.459266	266.3372	221.69183	1000.0	1000.0	1183999	30.999908	11.767987	78.00334	13.2551365	-31.042812	0.15412247	24284.417974472046
297	263.1808	2.7362924	267.6442	260.90292	347.01447	178.30144	708.36816	239.55237	1000.0	1000.0	1187999	31.120975	11.731586	74.89519	17.609413	-31.16025	0.17514601	24363.06897163391
298	531.6472	193.15778	725.09296	246.95187	354.43024	200.90938	760.8405	235.552	1000.0	1000.0	1191999	31.210102	11.890909	75.56928	14.293285	-31.243156	0.17276996	24445.06746339798
299	481.39502	239.74396	734.207	237.33226	349.42017	199.31058	764.63446	237.52528	1000.0	1000.0	1195999	31.31619	12.116058	81.01914	16.64576	-31.346796	0.17672251	24528.895221710205
300	359.44827	207.10074	718.14496	237.54901	417.10065	215.5359	760.83136	246.0294	1000.0	1000.0	1199999	31.23595	12.1437235	83.53254	16.014616	-31.264633	0.17710666	24621.121448516846
301	255.46942	9.333632	266.4118	241.41438	355.04117	201.18864	762.2426	238.37	1000.0	1000.0	1203999	31.13054	12.258022	75.279976	17.12772	-31.167187	0.17812079	24708.01104903221
302	257.0716	10.638022	267.18808	239.9094	263.70074	27.454155	339.0723	236.73184	1000.0	1000.0	1207999	31.279684	12.228284	77.68823	17.427134	-31.31043	0.20339054	24801.008763313293
303	367.0444	194.15738	703.04584	241.91743	486.33798	240.02838	760.2823	241.50935	1000.0	1000.0	1211999	31.07023	11.439797	72.02637	17.217417	-31.093796	0.18302527	24889.561209201813
304	257.4489	6.8444037	266.03345	247.46492	384.1573	214.71637	653.58606	146.76474	1000.0	1000.0	1215999	31.080578	11.540562	72.133766	8.576847	-31.098934	0.14452994	24978.265628814697
305	456.83005	274.8942	765.86206	149.13937	444.9626	242.10934	758.88873	237.56227	1000.0	1000.0	1219999	30.939392	11.597293	86.751854	11.221344	-30.965836	0.14355111	25068.014695882797
306	265.84863	41.14109	332.4969	231.55139	269.36105	24.448072	310.16003	235.02379	1000.0	1000.0	1223999	30.926395	11.773616	72.20825	4.31734	-30.95132	0.15148205	25155.324976444244
307	387.1429	206.0119	743.27997	248.70111	537.378	239.43195	761.3861	238.23296	1000.0	1000.0	1227999	30.95269	12.086127	74.0388	13.6712265	-30.981434	0.15853061	25240.756576776505
308	258.525	15.3637295	281.5969	242.16454	383.6668	200.71936	761.7502	236.6011	1000.0	1000.0	1231999	31.00643	12.239208	75.52571	2.6099505	-31.03119	0.1578426	25326.888173103333
309	428.3636	100.21838	529.5382	262.38428	338.92334	165.57327	731.3605	237.5323	1000.0	1000.0	1235999	30.94978	12.259755	73.53974	6.033599	-30.977722	0.15814295	25413.70861196518
310	264.66382	2.561671	267.70544	261.94556	351.54745	191.73445	736.25653	240.3971	1000.0	1000.0	1239999	31.11132	12.64593	78.44322	2.1625404	-31.150198	0.18106201	25502.72237110138
311	256.14426	8.453141	267.5168	246.74677	337.56503	183.5067	740.2621	240.09865	1000.0	1000.0	1243999	31.315163	13.037864	79.030235	15.483366	-31.34996	0.19861737	25590.122065782547
312	492.67572	234.37306	761.7115	251.84772	348.0143	190.17436	749.66943	237.22241	1000.0	1000.0	1247999	31.425087	13.307618	78.98883	7.389097	-31.458286	0.19958669	25674.820833444595
313	257.01633	5.3807034	263.66028	248.99564	252.38394	9.593972	263.8203	230.73218	1000.0	1000.0	1251999	31.561977	13.703402	79.60965	13.970222	-31.592314	0.22133105	25763.261377811432
314	240.94312	20.030977	260.32602	207.38712	254.30013	26.001247	319.56638	221.32924	1000.0	1000.0	1255999	31.46613	13.722461	79.572876	17.286982	-31.489973	0.24359745	25855.027183294296
315	365.6667	200.70119	713.024	242.11664	259.237	9.524429	276.9607	246.4521	1000.0	1000.0	1259999	31.296938	13.512322	83.84832	12.870337	-31.31533	0.209146	25943.224459648132
316	383.5832	222.6963	768.9736	241.0113	265.42825	31.208967	356.06516	239.60493	1000.0	1000.0	1263999	31.312752	13.400929	82.68155	17.859032	-31.343477	0.20837806	26029.05772614479
317	256.49167	12.699678	266.37796	235.06113	352.21332	185.55495	738.6346	237.12302	1000.0	1000.0	1267999	31.376638	13.568995	78.640945	16.719278	-31.412235	0.19345152	26122.010978460312
318	449.83505	203.06009	747.07477	261.7678	353.66135	187.96095	736.4495	243.07314	1000.0	1000.0	1271999	31.505236	13.9382305	77.51421	15.849341	-31.539036	0.1894053	26207.071010112762
319	362.46884	172.65236	660.1134	243.14879	393.9126	213.2687	737.0679	244.0175	1000.0	1000.0	1275999	31.583666	14.103931	79.06331	-16.236858	-31.617168	0.19245474	26296.633627176285
320	248.1445	11.011695	265.53766	235.63951	394.06778	206.68736	724.7921	239.28098	1000.0	1000.0	1279999	31.685823	14.104142	77.31787	-38.4769	-31.723915	0.21572496	26384.20406985283
321	369.21005	187.55185	693.9947	257.77768	328.71204	161.48518	706.8341	232.62024	1000.0	1000.0	1283999	31.747467	13.9664345	76.61686	-42.67557	-31.779081	0.18807855	26469.563717842102
322	381.33563	211.81082	748.04297	249.50653	483.70053	233.31122	756.46423	234.04092	1000.0	1000.0	1287999	31.775934	14.089888	76.53298	-4.8738627	-31.81441	0.18453912	26554.529391527176
323	460.74365	206.94807	712.4522	246.64226	352.4776	190.18246	740.1536	246.13892	1000.0	1000.0	1291999	31.908293	14.36721	78.718124	2.9114141	-31.949633	0.18100776	26642.281805992126
324	401.33194	224.65756	790.1321	263.0108	359.77817	209.24687	782.4048	241.79955	1000.0	1000.0	1295999	32.208393	14.778669	81.08766	10.390366	-32.247932	0.18063684	26724.921394109726
325	252.31528	7.898412	260.0974	242.1578	262.72626	170.73402	717.98535	58.41626	1000.0	1000.0	1299999	32.25118	15.077477	83.47719	14.35367	-32.288666	0.21671176	26809.175134420395
326	371.79837	224.69528	760.8346	232.07164	415.14258	239.61632	795.21466	242.41553	1000.0	1000.0	1303999	32.375004	15.17198	87.61186	16.653135	-32.422516	0.25109065	26890.863000154495
327	255.9494	9.441266	267.22723	246.378	340.8381	216.70377	757.9081	57.295742	1000.0	1000.0	1307999	32.5649	15.331147	89.03268	17.03357	-32.606197	0.22720969	26969.19522881508
328	471.0628	227.75885	746.01074	245.10506	297.71588	86.58755	502.513	242.5843	1000.0	1000.0	1311999	32.636826	15.287077	85.02215	17.144003	-32.671215	0.21721733	27058.458435058594
329	252.18707	10.96477	264.46906	240.26053	263.59497	44.58753	392.7763	239.36783	1000.0	1000.0	1315999	32.403606	15.057006	83.2765	17.451767	-32.432514	0.24124484	27138.62388730049
330	310.57764	97.20578	478.44928	243.78514	409.46783	238.53856	784.3048	240.12338	1000.0	1000.0	1319999	32.255646	15.002772	83.17083	17.71885	-32.280666	0.24103162	27217.791110515594
331	286.2151	53.901512	379.08698	246.6019	336.06195	121.76832	596.13715	245.03577	1000.0	1000.0	1323999	32.239197	15.230062	80.46518	18.19703	-32.27242	0.20617193	27297.477643966675
332	540.508	170.10938	661.94916	247.41478	253.45706	8.681954	267.5669	244.55232	1000.0	1000.0	1327999	32.121834	15.097687	86.45358	16.610317	-32.15432	0.21367963	27380.26402425766
333	467.87302	223.78368	700.25574	241.02754	265.75873	9.654653	285.8199	244.42078	1000.0	1000.0	1331999	32.305878	15.213306	81.73924	17.755686	-32.338028	0.22383675	27460.03122639656
334	652.86865	225.68579	820.60785	264.37152	455.52457	240.1852	758.9976	247.057	1000.0	1000.0	1335999	32.208317	15.192792	84.70253	15.694788	-32.232517	0.23845112	27539.66837978363
335	356.80835	171.13142	652.7496	242.49023	489.4107	244.68378	747.66406	235.36075	1000.0	1000.0	1339999	32.21241	15.21803	80.27594	18.761625	-32.24157	0.20122576	27620.47536587715
336	589.6681	201.53426	730.19916	241.59665	396.64203	218.6727	748.1564	241.04967	1000.0	1000.0	1343999	32.14014	15.179503	84.83312	14.517607	-32.16398	0.17803998	27706.02624487877
337	506.92657	253.91106	768.56866	239.10596	447.1037	229.15189	752.1362	245.71584	1000.0	1000.0	1347999	32.050846	15.166141	82.67925	17.545368	-32.075108	0.180224	27787.102020263672
338	374.95404	214.2487	745.5897	234.10837	454.81122	254.44322	772.6073	240.63126	1000.0	1000.0	1351999	31.904	14.9863825	88.312874	15.997009	-31.9225	0.19941476	27867.45804166794
339	258.03946	6.877941	265.19476	247.60493	349.53046	196.20308	748.1721	243.33733	1000.0	1000.0	1355999	31.834938	14.924404	88.88852	12.557432	-31.860441	0.20224963	27948.635788679123
340	495.13052	241.54305	756.5841	247.44492	299.3878	135.38266	704.722	241.43405	1000.0	1000.0	1359999	31.910027	15.213305	81.630356	16.831116	-31.949797	0.23766193	28028.142035007477
341	245.52211	11.309783	263.3845	235.0262	330.0167	145.92558	662.429	241.28415	1000.0	1000.0	1363999	32.257454	15.732335	84.99824	16.869938	-32.29863	0.24855633	28105.8991856575
342	246.12387	4.869947	253.45674	241.37407	355.21417	198.89091	754.61005	239.83453	1000.0	1000.0	1367999	32.374844	16.076077	87.79271	14.593347	-32.413708	0.24939792	28186.80022764206
343	486.2646	232.45029	744.67615	246.7469	390.1997	212.59674	745.8755	240.10338	1000.0	1000.0	1371999	32.634697	16.401756	87.97498	17.00115	-32.68617	0.24056812	28273.031685113907
344	557.5723	202.82263	751.52203	257.11954	266.01752	52.58419	421.5468	238.14227	1000.0	1000.0	1375999	33.031643	16.905998	86.05868	12.039398	-33.080032	0.27447563	28357.940044879913
345	326.78232	156.39954	597.6582	234.76157	399.90414	219.6996	811.8547	242.23505	1000.0	1000.0	1379999	33.10099	17.241297	85.96338	13.659334	-33.12281	0.25520757	28438.090161561966
346	376.76886	206.77667	734.6685	245.1263	389.40732	218.73038	834.265	255.96385	1000.0	1000.0	1383999	33.058666	17.255789	88.90194	16.213585	-33.10131	0.23871203	28516.857718467712
347	623.438	214.26273	838.11523	266.84747	287.07455	244.9491	788.2723	62.132553	1000.0	1000.0	1387999	33.247234	17.568428	97.38822	16.760607	-33.282913	0.25224656	28595.934612989426
348	495.36176	340.53812	833.79376	59.914673	412.12646	241.44861	833.8859	226.02711	1000.0	1000.0	1391999	33.44215	17.872442	91.6085	16.024206	-33.48794	0.2644988	28676.292199611664
349	406.3316	234.48001	811.28925	255.45699	274.0091	29.750202	331.50385	240.89772	1000.0	1000.0	1395999	33.673466	18.230083	92.77186	15.971346	-33.715214	0.26359937	28755.970796585083
350	264.69775	4.3499885	271.48538	260.17004	420.8332	258.6523	836.2616	239.70764	1000.0	1000.0	1399999	33.694183	18.17575	95.44607	14.838919	-33.728344	0.30551836	28836.129716157913
351	245.87946	9.0288105	259.73935	235.80368	304.9146	140.19719	724.70264	243.9143	1000.0	1000.0	1403999	33.708244	18.13346	94.584496	14.577908	-33.75269	0.2966354	28917.666011095047
352	535.42206	278.45505	844.1738	249.43037	270.32175	41.913837	367.28464	236.48787	1000.0	1000.0	1407999	33.87373	18.39542	97.49324	15.693758	-33.916725	0.3166281	29007.33549928665
353	373.8827	185.53175	695.1853	262.04633	253.91582	17.585466	285.72324	233.88684	1000.0	1000.0	1411999	33.936882	18.706905	100.60683	15.194235	-33.965355	0.33906043	29098.12490129471
354	406.4802	222.39096	786.65454	248.09525	361.2269	233.87381	833.0398	232.61256	1000.0	1000.0	1415999	33.80382	18.203548	88.4142	15.834591	-33.836517	0.3147843	29190.688727855682
355	235.90788	15.56884	249.0278	209.41254	475.5248	261.50473	811.9411	206.70958	1000.0	1000.0	1419999	33.88604	18.205626	88.4978	16.134819	-33.92788	0.28359163	29274.233536720276
356	374.66205	212.54726	742.6698	243.14519	297.4783	111.621666	578.30316	230.7702	1000.0	1000.0	1423999	33.687004	17.87019	95.830574	12.069345	-33.71978	0.27397043	29359.639793395996
357	365.54852	217.28114	741.6569	227.6794	411.19867	250.89853	804.6026	218.98701	1000.0	1000.0	1427999	33.637714	17.638845	86.681656	16.046343	-33.666447	0.27108514	29444.165084838867
358	395.81107	244.9223	819.5269	235.37608	372.23993	227.46909	827.72217	244.12206	1000.0	1000.0	1431999	33.634304	17.763985	95.071686	10.54759	-33.670795	0.2633096	29526.342118263245
359	244.95483	20.149456	266.09088	214.59047	372.4458	214.85013	801.7798	241.33101	1000.0	1000.0	1435999	33.67007	17.790188	98.05399	15.727018	-33.71061	0.24451613	29609.475110292435
360	252.6239	7.110226	261.28787	244.21375	425.71597	247.63098	814.3984	237.9163	1000.0	1000.0	1439999	33.698624	17.691416	85.884445	16.655437	-33.734337	0.23594937	29689.074218273163
361	230.77647	18.723398	243.238	198.39502	349.51324	214.7637	795.2698	189.87257	1000.0	1000.0	1443999	33.677937	17.607628	87.9515	14.65156	-33.71239	0.26543328	29770.48234653473
362	242.39597	19.138014	265.8804	212.57793	376.44873	229.2962	841.66833	241.03723	1000.0	1000.0	1447999	33.584923	17.40138	88.9086	13.6080675	-33.61486	0.24087565	29860.086990118027
363	246.58064	5.0990386	254.40541	241.28032	293.21576	166.06895	790.92114	225.21379	1000.0	1000.0	1451999	33.598137	17.386496	85.12059	16.64174	-33.631336	0.22412555	29948.294434785843
364	288.28308	54.224224	380.02023	240.11575	314.2847	167.31111	806.8604	231.19818	1000.0	1000.0	1455999	33.611427	17.344864	88.788895	17.252005	-33.64192	0.2388621	30031.655186891556
365	382.6836	248.55498	812.54596	219.14912	372.79385	232.49658	824.452	217.39323	1000.0	1000.0	1459999	33.57689	17.556238	89.536064	15.64728	-33.6098	0.24503121	30113.797783613205
366	475.07367	241.26283	790.5588	235.85318	319.87534	180.4058	844.8507	238.86938	1000.0	1000.0	1463999	33.60407	17.915936	85.93526	16.656698	-33.635654	0.25857818	30195.494282484055
367	249.50366	11.268406	263.45673	232.71011	248.94812	33.491398	320.34985	200.50688	1000.0	1000.0	1467999	33.727604	18.18991	86.60604	17.497849	-33.76679	0.25599575	30274.221342802048
368	426.12042	222.79527	793.95984	235.75128	400.00165	234.59471	768.72894	239.11343	1000.0	1000.0	1471999	33.8119	18.257019	86.95897	17.25557	-33.850597	0.2518576	30353.529109477997
369	288.94577	72.83961	404.61966	205.14871	454.14096	242.82033	767.0521	247.65875	1000.0	1000.0	1475999	33.90314	18.29878	91.01451	17.630657	-33.94088	0.26189062	30434.27468419075
370	250.531	9.682	265.8673	239.33517	240.36154	62.145233	274.14996	55.18597	1000.0	1000.0	1479999	33.9658	18.387865	94.581215	14.970788	-34.006325	0.25743747	30525.60034918785
371	227.1897	66.30503	279.35193	113.90404	304.04642	179.99295	843.5096	226.71666	1000.0	1000.0	1483999	33.998516	18.38349	88.1732	12.745403	-34.0371	0.27592915	30604.289957284927
372	247.70132	5.661521	257.2713	243.41023	313.1609	145.61583	732.33374	235.53546	1000.0	1000.0	1487999	33.88721	18.245296	87.54972	14.1784115	-33.913963	0.2895954	30683.456176519394
373	248.83151	10.012532	258.92633	236.99875	240.66658	19.326952	273.30356	202.89658	1000.0	1000.0	1491999	33.776657	17.992807	84.81343	16.751274	-33.802086	0.29640442	30764.60641336441
374	213.82304	21.132332	236.28516	192.12712	261.04816	163.8159	752.4553	201.84619	1000.0	1000.0	1495999	33.73139	17.7838	84.920135	15.858287	-33.771095	0.29604197	30849.673592567444
375	184.68777	17.685213	202.17256	155.61273	250.60098	86.44875	500.03754	174.56941	1000.0	1000.0	1499999	33.732323	17.655647	83.91931	16.744167	-33.76152	0.29768708	30931.83972120285
376	244.16064	62.14893	347.60568	189.27452	361.04694	209.2987	781.3558	208.9928	1000.0	1000.0	1503999	33.76496	17.799252	86.82	13.46272	-33.803024	0.29261976	31013.137709140778
377	374.064	229.0707	770.66455	231.22073	401.78882	232.99751	780.48627	229.56528	1000.0	1000.0	1507999	33.83615	17.915855	89.14997	13.355009	-33.86571	0.30366138	31092.900272130966
378	247.93655	1.3370049	249.60112	246.27417	552.5916	303.39148	806.97186	30.360409	1000.0	1000.0	1511999	33.907333	17.995277	89.51636	13.759623	-33.952705	0.29384446	31174.44944167137
379	234.88202	14.284588	247.57053	211.04758	152.14017	57.921684	246.68953	25.773079	1000.0	1000.0	1515999	34.13479	18.246758	90.66878	15.263008	-34.188423	0.30842707	31256.216401815414
380	648.48944	228.6018	815.61053	255.0086	352.72455	219.48383	795.4172	232.16765	1000.0	1000.0	1519999	34.43042	18.504223	90.35466	11.100462	-34.474445	0.31011498	31336.5947201252
381	379.91434	236.20596	788.63635	227.33781	446.2224	257.1005	814.03644	213.28131	1000.0	1000.0	1523999	34.506153	18.601871	88.77641	15.678013	-34.54786	0.3167541	31418.920029878616
382	369.29034	210.10477	732.34845	225.3424	217.03079	234.71141	785.9282	29.630032	1000.0	1000.0	1527999	34.472294	18.605843	91.489685	17.588917	-34.51333	0.28145877	31502.466044664383
383	477.12915	338.4483	828.74567	34.069733	319.52148	247.78407	811.21	38.682293	1000.0	1000.0	1531999	34.531746	18.766348	93.09477	17.840397	-34.577015	0.27470002	31588.271805763245
384	597.57544	321.1215	824.3689	43.392784	395.45	229.8468	761.4686	224.17572	1000.0	1000.0	1535999	34.681187	18.850653	91.34062	17.61821	-34.72839	0.27785125	31670.616500854492
385	389.0634	239.96434	804.3382	239.20592	467.62482	261.93613	812.65106	241.87508	1000.0	1000.0	1539999	34.80567	18.925453	93.28067	17.429445	-34.848797	0.27287555	31750.09561228752
386	643.3402	222.68735	795.4436	258.4655	462.58374	251.09792	781.50433	240.97055	1000.0	1000.0	1543999	34.932903	18.967127	91.19799	16.031147	-34.980186	0.2853404	31829.51965355873
387	497.6711	260.8175	758.8719	232.944	356.1178	211.73256	782.147	234.51326	1000.0	1000.0	1547999	35.17677	19.235476	92.39252	15.021314	-35.223293	0.26711652	31910.031249284744
388	524.9687	232.68622	761.13855	244.17026	392.82913	217.61568	744.6832	232.06468	1000.0	1000.0	1551999	35.267246	19.120817	90.103615	13.076168	-35.303963	0.2581222	31988.788676261902
389	369.51654	216.4194	744.3553	241.92744	377.9309	252.71973	754.0388	27.857876	1000.0	1000.0	1555999	35.123825	18.874279	89.08202	12.72639	-35.153717	0.25428736	32068.385535478592
390	244.39313	11.177073	261.364	231.81921	306.94284	154.24495	769.0911	241.07664	1000.0	1000.0	1559999	34.954716	18.696196	98.25153	14.283062	-34.99076	0.2579524	32150.520156383514
391	378.64117	229.0404	774.9503	235.52402	338.8234	239.88232	809.3759	27.964727	1000.0	1000.0	1563999	35.18757	19.151522	87.151306	15.947536	-35.238705	0.2946488	32231.17786216736
392	387.38644	232.48701	789.85596	244.24945	326.94476	178.58992	847.5133	234.5686	1000.0	1000.0	1567999	35.470066	19.378008	95.33031	16.207743	-35.52665	0.2963359	32313.161406755447
393	293.05035	63.190315	402.02676	248.9222	322.8836	175.69331	849.75525	255.26157	1000.0	1000.0	1571999	35.506004	19.424248	89.65848	9.731284	-35.537537	0.27726787	32391.9906103611
394	262.52686	3.6361716	268.78247	259.77274	277.247	24.257002	318.80508	246.79987	1000.0	1000.0	1575999	35.189896	18.816526	89.98855	10.747826	-35.220306	0.3058821	32474.588584661484
395	252.7818	9.304397	262.19913	240.57243	287.44492	105.85299	600.7311	237.43938	1000.0	1000.0	1579999	35.12655	18.684614	85.78149	15.992925	-35.16047	0.2944842	32568.75103521347
396	271.2464	44.72191	347.6851	236.60277	296.57343	141.87975	721.7669	242.93552	1000.0	1000.0	1583999	35.236416	18.759253	86.03634	7.271286	-35.27929	0.3066678	32660.797543287277
397	243.05058	11.790855	258.05548	225.33789	320.27667	170.52043	819.179	234.8124	1000.0	1000.0	1587999	35.02783	18.452423	90.43746	13.289562	-35.044384	0.31714904	32751.04579949379
398	359.1124	192.00354	691.1616	231.74844	334.36566	173.0094	803.79285	238.1542	1000.0	1000.0	1591999	34.730625	18.064213	88.62334	15.430863	-34.757076	0.30584008	32841.637974500656
399	415.42856	170.47699	609.2415	237.24846	485.31232	290.14575	850.0151	230.63219	1000.0	1000.0	1595999	34.88288	18.171646	96.83834	13.550949	-34.92321	0.25446492	32928.262174129486
400	539.8959	285.9703	833.1738	247.49446	306.40753	170.77943	817.7015	233.76309	1000.0	1000.0	1599999	34.988308	18.412231	89.70138	15.594426	-35.031635	0.26564607	33016.4547419548
401	250.13351	6.374861	260.13895	242.79259	307.1991	171.85144	822.2165	236.97092	1000.0	1000.0	1603999	35.0383	18.483246	95.004654	13.961543	-35.073025	0.26641202	33111.80295109749
402	394.70032	250.08292	827.6716	243.57956	293.10626	67.59884	482.14737	239.67558	1000.0	1000.0	1607999	34.986084	18.389105	86.574265	13.922934	-35.009953	0.26693073	33196.9672460556
403	486.1341	233.6304	721.02985	246.4713	345.47397	185.31758	747.5247	243.71414	1000.0	1000.0	1611999	34.779243	18.092455	89.179794	14.820362	-34.806194	0.28450474	33284.84498500824
404	513.94165	273.27264	807.3268	235.4289	360.3152	218.50838	798.93774	240.22557	1000.0	1000.0	1615999	34.804146	18.258554	87.08634	14.439536	-34.835712	0.24451129	33375.70490050316
405	389.32312	247.92773	818.43774	236.56778	537.42444	290.85876	847.4781	241.58951	1000.0	1000.0	1619999	34.713238	18.405855	83.89596	15.999884	-34.736187	0.26004332	33463.18600511551
406	253.113	12.227121	266.84705	239.88708	449.83832	251.85619	813.3555	242.13495	1000.0	1000.0	1623999	34.73668	18.44894	89.81846	15.012709	-34.76951	0.26408333	33552.976776361465
407	250.81567	9.102615	260.98492	237.14774	425.1704	265.8712	841.4109	239.45009	1000.0	1000.0	1627999	34.82844	18.64289	93.28722	15.365361	-34.867897	0.29429567	33641.45959353447
408	242.44852	3.5521882	247.18774	237.39061	381.9508	231.1443	852.1919	239.19708	1000.0	1000.0	1631999	34.896976	18.817114	92.48755	15.405892	-34.938244	0.28036284	33720.69048833847
409	373.71545	224.55592	762.17847	229.85387	386.9053	212.03923	827.00385	219.53824	1000.0	1000.0	1635999	35.107265	19.005863	92.43379	16.07439	-35.14667	0.27137068	33805.40868186951
410	484.06116	243.5275	844.72833	258.21933	337.17545	191.26097	852.8022	237.57771	1000.0	1000.0	1639999	35.25081	19.099073	115.689156	15.009911	-35.29388	0.29016906	33897.039147377014
411	404.99902	260.37463	855.6903	240.25923	447.48306	253.40099	840.8671	245.47578	1000.0	1000.0	1643999	35.46201	19.442932	89.9042	16.1661	-35.50549	0.26548725	33986.2252907753
412	331.2296	144.19159	580.76154	242.39154	309.13855	107.03678	538.4302	235.44518	1000.0	1000.0	1647999	35.60669	19.81742	98.01596	15.283227	-35.653423	0.30303237	34069.64531469345
413	244.79582	12.138076	265.21567	234.12233	274.68335	42.1079	351.9143	234.94861	1000.0	1000.0	1651999	35.92295	20.45198	90.298355	13.826819	-35.991272	0.33371842	34151.23605442047
414	250.89592	11.6852865	264.46198	233.75351	248.11594	110.10584	419.76895	114.89181	1000.0	1000.0	1655999	36.255898	20.924706	89.78793	14.854247	-36.2859	0.3038696	34239.41708660126
415	214.28743	106.16809	366.20938	106.78705	174.08292	85.3166	271.1482	41.654884	1000.0	1000.0	1659999	35.474957	20.121351	90.84101	14.886423	-35.469868	0.3101413	34325.431298971176
416	288.41647	43.86197	364.33008	260.8081	258.1222	109.25348	441.37198	66.75677	1000.0	1000.0	1663999	34.92784	19.934626	89.17264	10.438026	-34.940807	0.31536645	34413.12049150467
417	231.32999	76.53783	304.5975	102.75854	289.16013	160.18689	747.4925	103.554855	1000.0	1000.0	1667999	34.457924	19.683004	89.18552	14.268823	-34.457302	0.30547017	34494.99396443367
418	347.82776	252.28484	768.76	96.96364	369.3736	148.80113	737.2235	258.07626	1000.0	1000.0	1671999	34.038853	20.12008	88.76722	10.806423	-34.041515	0.33266765	34580.26596093178
419	290.7323	44.599068	367.95844	263.26816	175.31218	71.79762	266.80188	100.37534	1000.0	1000.0	1675999	33.685402	20.729813	94.237	12.600138	-33.695305	0.40095818	34661.24824619293
420	186.8986	75.318596	263.2929	109.91807	297.81277	175.1226	728.46967	106.10823	1000.0	1000.0	1679999	33.586662	21.33267	92.923195	12.824125	-33.587357	0.4559106	34749.22282576561
421	284.805	69.59957	366.8588	206.96849	419.30054	216.93073	754.0301	211.83342	1000.0	1000.0	1683999	33.22989	21.27541	101.53848	8.047289	-33.246944	0.45051056	34837.68001675606
422	491.28433	267.02164	760.36926	209.90526	376.7679	192.34244	754.946	238.19173	1000.0	1000.0	1687999	33.28002	20.171518	108.39624	10.096101	-33.29564	0.4255245	34917.43238067627
423	368.61914	220.17189	749.89075	235.96913	314.2611	145.11017	727.48	229.44089	1000.0	1000.0	1691999	33.191303	18.73343	94.420105	12.291639	-33.218117	0.3358475	35000.30199122429
424	256.71216	10.755444	265.79706	238.86613	358.12436	199.10472	765.20526	216.36229	1000.0	1000.0	1695999	33.692356	18.512787	83.21524	12.410725	-33.729984	0.37551543	35080.52665638924
425	242.12996	20.914762	266.50616	221.27141	262.20575	39.0812	374.32507	234.59035	1000.0	1000.0	1699999	33.94324	17.293959	79.66082	12.765897	-33.993813	0.3206793	35163.109791755676
426	318.06073	116.17248	518.1311	231.21303	340.3189	182.16304	763.36975	230.29066	1000.0	1000.0	1703999	34.18709	16.37865	84.50565	14.112946	-34.1977	0.2728509	35243.601253032684
427	230.5655	13.243237	252.21185	217.36922	279.10345	109.82527	600.8155	206.31647	1000.0	1000.0	1707999	34.000008	15.351563	77.23551	13.618608	-34.017696	0.22270554	35325.05080008507
428	219.8602	19.947441	239.55338	188.00162	313.34375	153.03207	763.59827	227.37695	1000.0	1000.0	1711999	33.60816	15.043306	77.29065	14.545583	-33.60087	0.22004516	35410.738067388535
429	312.3925	59.795418	375.37708	241.86264	246.113	14.172845	267.9805	229.53221	1000.0	1000.0	1715999	33.54422	15.300136	77.60806	16.025013	-33.571392	0.20951022	35504.59870553017
430	253.70796	9.4588	266.018	242.72844	269.38016	50.76408	371.79846	234.16841	1000.0	1000.0	1719999	33.7478	15.285563	89.005714	16.968536	-33.77296	0.28439596	35589.771303892136
431	260.80472	2.6062722	264.03317	258.1505	336.659	140.9444	630.703	237.59682	1000.0	1000.0	1723999	34.21737	15.491724	97.5977	16.306044	-34.2971	0.33109277	35675.99053478241
432	379.46387	214.40855	750.51794	242.24954	264.9964	37.134705	371.20538	236.47131	1000.0	1000.0	1727999	35.03428	16.860714	92.77638	16.874527	-35.07297	0.3016352	35761.950389146805
433	285.8138	59.478485	385.56717	228.33548	279.86774	84.87345	498.95926	212.41463	1000.0	1000.0	1731999	34.87022	16.425365	78.49225	15.688759	-34.891422	0.2603825	35847.72875881195
434	366.01422	187.69528	685.93335	220.15677	269.28976	32.10068	343.9357	241.08461	1000.0	1000.0	1735999	34.92366	16.159096	82.96002	16.625576	-34.96894	0.2725481	35935.2594563961
435	252.89334	9.567918	262.544	240.48427	255.7019	33.885216	344.6952	223.88376	1000.0	1000.0	1739999	35.32273	16.472403	88.49503	17.249018	-35.365124	0.30130535	36020.076625823975
436	261.9721	17.113153	283.38312	235.51152	420.6856	213.93065	770.4289	239.02222	1000.0	1000.0	1743999	35.435665	16.406685	88.10494	18.144276	-35.47332	0.30569708	36108.29981684685
437	271.59323	53.62833	364.38156	238.5369	297.2568	153.54498	756.48224	231.01405	1000.0	1000.0	1747999	35.47525	16.366228	91.56111	18.399118	-35.52397	0.30483338	36196.942942619324
438	285.37405	50.069702	371.39804	247.14694	266.55463	52.327354	421.2721	236.65288	1000.0	1000.0	1751999	35.85328	17.222734	98.35128	18.863012	-35.89664	0.2892683	36286.20975661278
439	288.96906	49.15511	373.79398	253.82422	380.94373	203.8302	768.6316	148.7503	1000.0	1000.0	1755999	35.339333	16.284626	85.819565	18.882637	-35.332695	0.2576694	36366.79569387436
440	368.18408	225.4373	758.6143	233.97266	295.7483	144.23804	726.4439	213.19014	1000.0	1000.0	1759999	35.075047	15.728164	91.489555	18.443607	-35.12022	0.22345309	36448.82322072983
441	268.7321	50.400063	353.58493	229.70175	356.56607	185.3405	721.70685	239.5703	1000.0	1000.0	1763999	35.543575	16.664549	82.931076	18.216217	-35.591373	0.24561344	36530.78928732872
442	412.3958	194.56819	738.0184	262.30313	339.82977	153.97609	764.03906	234.43024	1000.0	1000.0	1767999	35.613556	17.055553	85.5797	15.470854	-35.64165	0.26023906	36613.29401183128
443	319.28513	61.301636	399.60004	239.09384	287.37775	45.35851	383.6084	233.31523	1000.0	1000.0	1771999	35.57034	17.219406	86.84919	17.565193	-35.602016	0.2451138	36693.6615626812
444	514.0853	265.79605	797.6597	230.75327	422.96637	219.42436	775.9317	232.41202	1000.0	1000.0	1775999	35.74016	17.335222	98.08029	18.030144	-35.786697	0.3025538	36776.508348464966
445	352.27722	185.7608	673.3101	233.29553	373.59323	222.6401	806.0622	226.40228	1000.0	1000.0	1779999	35.963852	17.724855	82.43013	18.53791	-36.012352	0.27032673	36863.81389307976
446	247.54237	16.34903	265.0599	221.963	445.08966	255.17825	838.95966	242.46152	1000.0	1000.0	1783999	36.09516	18.296827	86.024216	17.758667	-36.1344	0.25089636	36951.56700158119
447	113.1654	71.45273	236.63766	64.05948	334.46512	234.11797	809.0039	71.16013	1000.0	1000.0	1787999	36.129414	18.712725	99.00831	17.000412	-36.171013	0.28506008	37032.31235194206
448	307.9047	314.78802	834.30383	59.614017	404.6435	266.18845	828.7929	197.87495	1000.0	1000.0	1791999	36.08914	19.169752	98.86235	13.869621	-36.12831	0.31271467	37109.58343362808
449	432.60968	225.1312	788.1348	214.21323	296.3765	170.10179	800.1624	205.96486	1000.0	1000.0	1795999	36.104973	19.66276	92.98867	17.296568	-36.14164	0.34564823	37187.159465789795
450	386.13074	255.09749	827.41064	226.3097	395.25623	259.0687	807.4302	193.33035	1000.0	1000.0	1799999	36.145218	20.097656	92.24855	9.552364	-36.180893	0.34664357	37269.922863960266
451	390.68573	258.61346	838.4851	235.33302	425.99738	259.87927	842.7291	243.08601	1000.0	1000.0	1803999	36.255184	20.210064	93.54431	7.7128534	-36.29918	0.36245635	37354.47637748718
452	246.34634	13.638582	262.5095	227.97981	374.1734	242.13426	859.7135	236.28699	1000.0	1000.0	1807999	36.540337	20.274412	98.01849	9.81886	-36.592216	0.40125823	37442.40583848953
453	276.97675	53.316677	366.5102	227.29887	264.99506	36.665142	371.6072	240.1211	1000.0	1000.0	1811999	36.557697	20.271542	94.099915	8.408087	-36.590076	0.4054181	37526.808344841
454	260.5816	15.208642	280.47055	238.91052	354.43665	249.92067	843.35767	135.57867	1000.0	1000.0	1815999	36.48745	20.368578	96.593475	-0.11835861	-36.522957	0.4785357	37616.77428150177
455	371.90063	250.48903	789.3656	135.30188	360.27655	212.11563	813.7793	241.01152	1000.0	1000.0	1819999	36.5678	20.747295	101.66471	4.369149	-36.61214	0.47647542	37710.00390267372
456	259.6293	11.930871	267.32053	239.00644	278.12726	56.045135	426.22025	228.634	1000.0	1000.0	1823999	36.362156	20.550718	97.90734	14.732	-36.36775	0.46068373	37801.40063071251
457	258.27936	7.8614063	267.45374	247.24579	478.8576	274.54758	838.9131	239.3342	1000.0	1000.0	1827999	36.094196	19.752234	104.11747	17.00613	-36.134506	0.39795116	37886.059116363525
458	386.94836	228.38933	782.0765	237.45505	371.70358	210.96678	810.1922	235.66663	1000.0	1000.0	1831999	36.20504	19.960331	88.844284	15.598877	-36.24143	0.36740538	37964.8316450119
459	316.5702	61.193302	393.19897	255.52818	537.892	292.24826	853.92035	233.16083	1000.0	1000.0	1835999	35.96834	19.88644	89.51257	13.314056	-35.990536	0.31081468	38043.55831193924
460	292.12335	68.63753	410.85434	247.51137	315.26202	173.70975	835.73834	246.27298	1000.0	1000.0	1839999	35.969322	19.909428	93.45401	12.642654	-35.999325	0.34333003	38123.847939014435
461	247.06766	5.7730465	256.3974	241.05785	326.09866	177.96046	848.2144	238.31783	1000.0	1000.0	1843999	35.931763	19.794233	91.507706	15.5345955	-35.964905	0.3161776	38205.266506671906
462	280.66058	17.48157	305.47543	262.93005	306.95248	154.7515	769.83496	234.77023	1000.0	1000.0	1847999	36.01303	19.801434	92.84636	16.81012	-36.04885	0.3440074	38287.88420200348
463	259.03452	13.382253	267.13684	235.8596	316.88226	171.15254	829.65314	244.69676	1000.0	1000.0	1851999	35.980316	19.588907	85.93133	11.340176	-36.00495	0.29666662	38370.18935060501
464	383.0476	231.29099	783.05853	229.17978	312.09067	171.51228	823.58636	234.91112	1000.0	1000.0	1855999	36.065422	19.698036	109.522804	15.749661	-36.112476	0.28728542	38452.46885275841
465	248.3818	13.377247	262.25653	228.93318	251.77861	11.647414	266.7126	235.7912	1000.0	1000.0	1859999	36.29494	19.775986	95.51732	12.409199	-36.337173	0.28679782	38535.07152581215
466	388.1928	220.4691	769.9992	257.18683	360.05682	207.43124	812.3716	236.80896	1000.0	1000.0	1863999	36.47791	19.946033	96.7833	15.336652	-36.521084	0.28074348	38615.74095773697
467	255.15799	10.982659	265.0846	237.0503	257.92535	9.517184	267.1374	241.31064	1000.0	1000.0	1867999	36.658375	20.379078	91.45775	15.303379	-36.700516	0.26759002	38696.38576388359
468	253.19182	7.609774	261.56885	244.35016	256.9358	9.52542	267.27557	241.9447	1000.0	1000.0	1871999	36.616203	20.629002	94.62146	13.351804	-36.652985	0.30740654	38787.12230634689
469	252.97458	10.330663	266.97437	239.88605	256.1375	19.817617	299.88904	230.06891	1000.0	1000.0	1875999	36.59892	20.833506	96.914635	13.247084	-36.637867	0.2860329	38882.70325112343
470	252.33904	11.637106	264.28455	235.92712	273.4178	85.25753	517.64014	191.6122	1000.0	1000.0	1879999	36.591766	20.972399	97.54702	15.256964	-36.632664	0.29289493	38969.599613428116
471	270.84396	7.9163356	284.40363	264.4178	314.94522	175.38454	839.9889	234.56851	1000.0	1000.0	1883999	36.71333	21.245028	102.86068	16.420937	-36.757275	0.29329127	39056.78994846344
472	248.9096	7.956433	262.25415	241.29214	251.24129	8.2634115	261.70972	238.76831	1000.0	1000.0	1887999	36.86389	21.526142	104.475075	13.700174	-36.905735	0.32135266	39143.201170921326
473	258.28778	13.594367	267.15173	234.78052	308.5318	168.12885	811.5798	235.21477	1000.0	1000.0	1891999	36.867363	21.666475	107.922775	13.056326	-36.907272	0.36374202	39229.57571673393
474	501.52658	257.74442	813.5626	230.13515	533.4007	275.17212	825.76355	247.38525	1000.0	1000.0	1895999	36.984825	21.843363	111.49688	9.839765	-37.03392	0.34644872	39313.52974128723
475	390.5463	233.8744	795.3123	240.63301	312.78	174.16911	833.6874	223.93707	1000.0	1000.0	1899999	37.09718	22.092094	108.81683	10.553119	-37.13512	0.35253197	39399.9490134716
476	483.14996	250.68552	827.42206	221.70674	253.19644	12.32401	266.80487	235.9882	1000.0	1000.0	1903999	36.77187	21.7898	106.62665	12.394615	-36.79246	0.35673708	39486.05223250389
477	251.79993	9.707811	266.12	238.74188	414.36914	243.26785	815.988	234.22594	1000.0	1000.0	1907999	36.542812	21.25911	104.74096	12.733804	-36.576187	0.37994868	39570.94501399994
478	263.55255	1.9662383	264.82648	260.15063	251.98804	8.575433	266.18286	241.51132	1000.0	1000.0	1911999	36.61587	21.443953	95.55079	16.481976	-36.65847	0.3152685	39658.2478351593
479	266.20154	3.9571943	271.434	260.31485	360.23788	219.70717	816.3831	232.07144	1000.0	1000.0	1915999	36.544804	21.298523	99.92111	14.613548	-36.562447	0.41936284	39737.177852869034
480	254.42924	7.2896485	262.93314	246.60376	319.35413	94.51193	488.73535	237.49919	1000.0	1000.0	1919999	36.394836	20.99702	104.75831	13.356151	-36.43558	0.35963336	39819.98777079582
481	261.1734	8.788449	268.99805	246.29701	298.0014	111.60003	630.73456	241.09035	1000.0	1000.0	1923999	36.3635	20.738653	94.07453	15.446764	-36.38784	0.28342804	39902.54472208023
482	385.4939	226.8935	778.1528	239.66843	397.63483	218.4628	796.8625	242.14622	1000.0	1000.0	1927999	35.985844	20.185322	88.86714	16.67724	-36.016155	0.2780915	39986.010028123856
483	530.48975	266.59958	807.6888	260.77835	306.55048	154.80678	770.2205	240.07144	1000.0	1000.0	1931999	36.08596	20.244625	89.41114	16.06075	-36.11418	0.261807	40078.23957157135
484	389.0744	215.4778	762.2757	261.32733	349.4853	202.79175	793.41095	235.38817	1000.0	1000.0	1935999	36.13445	20.37606	88.1841	15.853171	-36.164406	0.24924734	40160.52209472656
485	260.7932	10.24974	271.89664	244.31279	253.23926	10.59534	266.85663	238.40141	1000.0	1000.0	1939999	36.141396	20.5209	97.729294	16.253792	-36.170704	0.2812779	40239.82696413994
486	397.08157	250.1953	830.34827	247.25868	311.69135	182.97867	859.8648	239.99297	1000.0	1000.0	1943999	36.09579	20.457348	91.64904	15.193314	-36.12822	0.2608943	40321.225615501404
487	257.80743	10.735961	265.6883	239.43869	391.7597	225.82062	833.70825	246.83607	1000.0	1000.0	1947999	36.196087	20.522526	95.943596	16.425692	-36.229725	0.29770383	40402.89877676964
488	253.89949	9.96461	265.53198	241.20776	312.63858	169.34229	819.8923	240.93382	1000.0	1000.0	1951999	36.19912	20.389153	88.21074	15.143141	-36.23295	0.29128602	40487.94621396065
489	247.73718	7.039343	259.5514	242.21867	318.2365	164.02477	769.21204	228.09608	1000.0	1000.0	1955999	36.158474	20.300722	87.306	16.116714	-36.186398	0.29337835	40581.2549302578
490	271.52432	42.658497	345.3669	244.74406	303.22726	152.79959	761.12537	242.58173	1000.0	1000.0	1959999	36.04125	20.148844	85.299034	13.507069	-36.068306	0.258593	40664.327481508255
491	277.0547	40.621437	346.844	245.54349	277.9451	74.98421	501.23096	239.44138	1000.0	1000.0	1963999	36.028454	20.185175	86.55254	16.344566	-36.059612	0.28374946	40753.2220954895
492	377.88208	230.50635	777.1276	243.50252	331.42987	150.6033	637.1223	240.1213	1000.0	1000.0	1967999	36.05508	20.263487	89.02071	15.867291	-36.09108	0.2875803	40840.41784405708
493	306.94513	112.19559	499.54776	228.53464	275.01343	63.21118	462.9917	241.02461	1000.0	1000.0	1971999	36.097134	20.33637	85.350075	14.772476	-36.12308	0.29471716	40927.551941394806
494	233.65744	6.2633295	242.84381	225.97293	293.27646	133.28802	691.7491	228.72348	1000.0	1000.0	1975999	35.98696	20.19195	98.32065	12.676699	-36.022984	0.30838993	41017.70956993103
495	258.19183	8.213365	267.1647	247.6829	373.0302	139.70393	560.2152	246.38388	1000.0	1000.0	1979999	36.039494	20.287998	93.66931	16.454266	-36.075363	0.26956835	41102.32960629463
496	251.07765	8.575455	261.18246	239.80147	307.68536	150.73068	759.6067	246.97968	1000.0	1000.0	1983999	36.02648	20.241535	86.03009	15.12854	-36.052483	0.2730463	41188.04338955879
497	300.21347	99.02288	471.617	237.58345	261.55304	17.992567	304.37396	242.0941	1000.0	1000.0	1987999	35.959576	20.133621	100.55118	16.151026	-35.993343	0.26219678	41275.33087134361
498	257.50214	22.020779	293.47226	237.70555	304.4584	152.60448	761.6145	236.30603	1000.0	1000.0	1991999	35.768982	19.89812	84.497765	14.797076	-35.789368	0.27019885	41359.2393758297
499	380.75653	208.93742	742.23004	246.47533	251.9263	10.952273	263.42978	234.71533	1000.0	1000.0	1995999	35.615692	19.630426	89.5656	15.650396	-35.644905	0.28924572	41446.460327386856
500	383.80133	217.10641	759.82855	256.96555	402.9905	218.53725	743.18036	255.83669	1000.0	1000.0	1999999	35.86111	19.77092	96.06057	16.262018	-35.893993	0.2949586	41533.593957424164
