Epoch	AverageEpRet	StdEpRet	MaxEpRet	MinEpRet	AverageTestEpRet	StdTestEpRet	MaxTestEpRet	MinTestEpRet	EpLen	TestEpLen	TotalEnvInteracts	AverageQVals	StdQVals	MaxQVals	MinQVals	LossPi	LossQ	Time
1	3.0	3.3166249	8.0	0.0	68.4	145.09047	457.0	0.0	1000.0	1000.0	3999	0.040492963	0.20273371	5.1622	-0.34665978	-0.06067787	0.0019764497	46.944005727767944
2	78.5	71.61878	195.0	0.0	97.9	278.56613	933.0	0.0	1000.0	1000.0	7999	1.4989061	2.6675441	25.153374	-0.08963746	-1.6867352	0.012692182	106.47136378288269
3	0.0	0.0	0.0	0.0	103.2	278.63733	937.0	0.0	1000.0	1000.0	11999	14.053103	13.900789	60.046577	-0.03607805	-15.156381	0.056261227	167.10567378997803
4	108.75	188.36052	435.0	0.0	59.9	101.82971	314.0	0.0	1000.0	1000.0	15999	54.49338	56.100517	439.08682	1.7355534	-55.745064	0.20896871	228.30488920211792
5	248.0	424.36835	983.0	0.0	94.9	278.38156	930.0	0.0	1000.0	1000.0	19999	87.77811	68.2719	426.1738	13.639175	-88.81287	0.1766399	289.7475163936615
6	0.0	0.0	0.0	0.0	98.0	291.0055	971.0	0.0	1000.0	1000.0	23999	87.01105	47.515736	353.5825	38.522408	-87.55266	0.19765729	351.26120018959045
7	0.0	0.0	0.0	0.0	0.9	2.118962	7.0	0.0	1000.0	1000.0	27999	78.63495	36.356224	295.14557	34.642315	-78.85086	0.22176355	412.8059711456299
8	161.25	203.04356	497.0	0.0	181.6	317.75122	988.0	0.0	1000.0	1000.0	31999	69.48065	30.499664	247.1458	-62.91168	-69.81578	0.28376794	474.80952620506287
9	182.25	231.77185	567.0	0.0	50.1	133.63641	450.0	0.0	1000.0	1000.0	35999	69.50929	26.463894	235.20605	-33.874657	-70.079185	0.23676854	537.5100829601288
10	0.0	0.0	0.0	0.0	123.1	251.05637	752.0	0.0	1000.0	1000.0	39999	68.37657	21.898895	200.83316	-48.824074	-68.85055	0.19410901	600.0039451122284
11	4.0	5.338539	13.0	0.0	102.9	158.38905	415.0	0.0	1000.0	1000.0	43999	66.84571	18.783264	172.56987	-20.22986	-67.257706	0.23496778	662.6300826072693
12	263.75	276.7403	646.0	0.0	181.3	358.28568	922.0	0.0	1000.0	1000.0	47999	65.11739	16.88014	146.46237	-19.600138	-65.556984	0.2430278	725.4907507896423
13	55.75	77.19577	188.0	0.0	135.7	302.39478	981.0	0.0	1000.0	1000.0	51999	64.4062	13.807051	129.9621	-4.6489205	-64.90601	0.23996954	788.709625005722
14	166.75	119.52066	319.0	0.0	174.9	348.5161	981.0	0.0	1000.0	1000.0	55999	63.65764	12.178493	127.84341	1.4834423	-64.19775	0.28086713	853.2963771820068
15	7.5	12.990381	30.0	0.0	102.7	288.21036	967.0	0.0	1000.0	1000.0	59999	64.19659	11.484311	106.88455	-8.002568	-64.75622	0.30253315	920.3218724727631
16	204.75	354.6374	819.0	0.0	164.7	322.31848	992.0	0.0	1000.0	1000.0	63999	64.63427	12.969481	104.88693	12.478304	-65.17405	0.30300194	991.8978006839752
17	66.5	64.654854	178.0	23.0	460.0	413.22656	999.0	0.0	1000.0	1000.0	67999	65.37544	14.8946705	108.51115	7.285096	-65.95222	0.33418658	1067.2038853168488
18	139.75	113.785706	313.0	12.0	567.0	453.16464	992.0	0.0	1000.0	1000.0	71999	66.34821	16.961382	111.26036	10.384324	-66.98243	0.36800787	1144.7281439304352
19	449.5	379.0518	985.0	8.0	304.4	432.74823	985.0	0.0	1000.0	1000.0	75999	68.18372	20.351372	116.81497	13.6881275	-68.86162	0.40120566	1222.480141401291
20	522.0	305.01474	796.0	16.0	299.9	455.50726	1000.0	0.0	1000.0	1000.0	79999	71.09596	23.320473	123.37682	16.699167	-71.82539	0.49409333	1300.3216412067413
21	492.5	361.56778	985.0	0.0	390.7	429.38074	983.0	0.0	1000.0	1000.0	83999	75.32099	26.355581	130.58238	10.268056	-76.03328	0.48667952	1378.231211900711
22	64.0	104.59685	245.0	0.0	386.9	473.8933	980.0	0.0	1000.0	1000.0	87999	78.089905	29.067966	134.17587	8.008453	-78.79605	0.44471595	1456.1883618831635
23	479.5	479.66888	977.0	0.0	774.5	387.70847	999.0	0.0	1000.0	1000.0	91999	78.52074	29.771862	134.40616	5.670911	-79.18479	0.42125514	1533.9679324626923
24	961.5	17.269917	982.0	939.0	486.3	430.54337	994.0	0.0	1000.0	1000.0	95999	80.85681	30.187792	134.50456	-0.99106735	-81.577896	0.42848805	1612.0119137763977
25	348.0	362.88635	860.0	0.0	581.9	475.6687	1000.0	0.0	1000.0	1000.0	99999	83.75538	30.677845	134.28146	-3.698069	-84.48067	0.47039703	1689.9820291996002
26	825.75	221.14291	988.0	445.0	542.8	446.25906	982.0	0.0	1000.0	1000.0	103999	85.64186	31.439777	135.92274	-8.202428	-86.34848	0.42720106	1767.967057466507
27	856.25	86.16373	964.0	762.0	772.3	386.8607	981.0	0.0	1000.0	1000.0	107999	87.86278	32.26671	137.30411	-7.808593	-88.54946	0.39886567	1846.0120689868927
28	328.5	393.74707	964.0	0.0	679.5	445.20047	991.0	0.0	1000.0	1000.0	111999	89.43034	32.408474	137.07687	-11.557817	-90.139496	0.4212085	1924.2881090641022
29	972.5	18.82153	994.0	945.0	582.2	468.53384	970.0	0.0	1000.0	1000.0	115999	91.84647	32.55895	138.98119	-12.680685	-92.59147	0.47540638	2002.2833981513977
30	975.25	9.807523	991.0	967.0	706.1	413.74692	987.0	0.0	1000.0	1000.0	119999	94.70641	33.313023	139.84482	-10.600214	-95.43347	0.45059785	2080.2841687202454
31	541.5	324.04358	824.0	0.0	876.7	293.1972	1000.0	0.0	1000.0	1000.0	123999	96.61751	33.135643	139.72476	-10.1969595	-97.339096	0.49755663	2158.327550649643
32	599.0	407.78732	985.0	0.0	513.2	460.43192	990.0	0.0	1000.0	1000.0	127999	98.57005	32.46334	142.82027	-9.268314	-99.31623	0.5506377	2236.6220734119415
33	340.25	387.58636	943.0	0.0	816.3	308.56378	986.0	0.0	1000.0	1000.0	131999	100.03385	32.07595	148.122	-8.091623	-100.79399	0.60888565	2314.8011162281036
34	728.75	375.836	980.0	81.0	544.8	455.853	1000.0	0.0	1000.0	1000.0	135999	102.43293	31.915895	161.85846	-5.2802286	-103.22393	0.63866186	2393.0087876319885
35	468.75	462.829	942.0	0.0	390.9	472.16888	995.0	0.0	1000.0	1000.0	139999	105.47985	32.41224	173.35426	-5.652773	-106.40306	0.7293094	2471.3672573566437
36	168.25	208.2479	523.0	0.0	785.1	388.24722	996.0	0.0	1000.0	1000.0	143999	108.35156	32.264473	158.15305	-7.5171757	-109.12928	0.6406977	2549.4921860694885
37	453.25	457.6469	996.0	0.0	465.2	463.76282	997.0	0.0	1000.0	1000.0	147999	107.71704	31.706917	145.04474	-5.73374	-108.37419	0.5637428	2627.6787481307983
38	826.75	158.70787	993.0	606.0	488.7	484.6663	985.0	0.0	1000.0	1000.0	151999	106.49993	31.595888	143.80435	-4.547078	-107.14101	0.5366667	2705.96564745903
39	880.75	157.93413	989.0	609.0	816.9	333.3594	1000.0	0.0	1000.0	1000.0	155999	106.20946	31.463032	145.75235	-4.0852666	-106.899895	0.5567613	2784.3740360736847
40	884.0	149.688	979.0	625.0	797.2	355.43378	996.0	5.0	1000.0	1000.0	159999	106.79223	31.433437	146.61205	-4.727351	-107.48529	0.5450081	2862.6989965438843
41	880.25	153.20146	991.0	616.0	736.6	404.96155	999.0	0.0	1000.0	1000.0	163999	107.80501	31.139423	148.75166	-3.565319	-108.53234	0.5801009	2941.069989681244
42	919.5	69.2694	999.0	812.0	878.9	293.0851	990.0	0.0	1000.0	1000.0	167999	108.82478	31.150654	148.31639	-5.8598647	-109.561485	0.5919176	3019.5722641944885
43	358.25	351.7644	944.0	47.0	979.4	11.101352	996.0	959.0	1000.0	1000.0	171999	110.50512	31.018888	158.37282	-9.353336	-111.27092	0.6179758	3097.9205780029297
44	835.75	200.90094	986.0	492.0	926.1	90.3974	995.0	737.0	1000.0	1000.0	175999	111.699	30.322987	160.17592	-10.054928	-112.42338	0.58365	3176.2962272167206
45	847.75	171.63097	993.0	556.0	883.6	293.42297	998.0	5.0	1000.0	1000.0	179999	112.77206	30.551222	158.67969	-6.1912355	-113.533905	0.54724985	3254.890771627426
46	567.25	234.48174	928.0	274.0	828.3	310.53247	988.0	0.0	1000.0	1000.0	183999	114.54884	30.069572	161.37778	-15.186221	-115.31838	0.5427494	3333.313629627228
47	641.5	396.64435	984.0	0.0	639.6	436.3304	993.0	0.0	1000.0	1000.0	187999	115.40829	29.191315	161.42764	-14.731378	-116.16139	0.55845845	3411.7668011188507
48	583.75	423.0948	1000.0	32.0	675.2	442.79224	990.0	0.0	1000.0	1000.0	191999	115.65705	27.492992	161.58957	-11.536015	-116.38288	0.54658294	3490.249072790146
49	724.25	323.95554	954.0	166.0	964.9	44.76036	1000.0	840.0	1000.0	1000.0	195999	116.11466	25.830702	155.3886	5.6476626	-116.83546	0.51019967	3568.8845126628876
50	918.5	92.58645	998.0	766.0	879.0	293.44165	998.0	0.0	1000.0	1000.0	199999	116.3065	25.71923	150.42953	4.581698	-117.03706	0.53541386	3647.4346330165863
51	896.75	130.31572	989.0	672.0	846.7	285.66733	1000.0	0.0	1000.0	1000.0	203999	117.42083	25.442938	149.80365	-0.2249	-118.20684	0.510017	3726.01766204834
52	976.5	6.0207973	983.0	970.0	924.6	152.47899	1000.0	479.0	1000.0	1000.0	207999	119.52768	25.172333	149.94926	-8.599478	-120.3405	0.4907219	3804.5122492313385
53	938.75	69.664825	988.0	819.0	905.0	204.42896	1000.0	293.0	1000.0	1000.0	211999	120.89328	25.403597	152.90811	-16.934671	-121.64784	0.5175384	3883.1777651309967
54	977.0	8.031189	986.0	969.0	910.2	202.74605	1000.0	303.0	1000.0	1000.0	215999	121.08342	26.47557	155.20561	-19.701126	-121.77199	0.517645	3961.8286426067352
55	977.0	26.56125	998.0	933.0	813.3	320.39667	990.0	5.0	1000.0	1000.0	219999	120.72273	26.809605	153.8839	-26.422203	-121.41172	0.50219595	4040.432923078537
56	975.0	11.401754	991.0	959.0	778.2	388.58997	1000.0	0.0	1000.0	1000.0	223999	120.76136	27.584053	153.2813	-30.931307	-121.46237	0.4904126	4119.164939403534
57	896.25	108.46284	1000.0	722.0	717.4	403.5015	993.0	0.0	1000.0	1000.0	227999	121.24445	28.100147	154.26772	-31.402136	-121.94908	0.5011259	4197.913331031799
58	846.75	222.06122	999.0	463.0	780.6	387.19507	991.0	0.0	1000.0	1000.0	231999	121.46385	27.893242	153.60326	-31.990091	-122.15145	0.4938088	4276.556189537048
59	721.75	411.17416	980.0	10.0	984.2	13.151425	1000.0	958.0	1000.0	1000.0	235999	121.52397	27.796345	153.08655	-31.894848	-122.2015	0.4952897	4355.295275211334
60	882.0	116.57401	994.0	719.0	979.0	18.220867	1000.0	945.0	1000.0	1000.0	239999	121.3214	27.543652	152.15306	-34.349075	-121.98614	0.48945212	4434.196145534515
61	976.0	14.21267	996.0	956.0	883.4	294.8302	1000.0	0.0	1000.0	1000.0	243999	121.19839	26.816172	151.61606	-36.577873	-121.863815	0.4764429	4513.06178355217
62	988.25	11.053845	1000.0	974.0	725.4	402.75333	1000.0	4.0	1000.0	1000.0	247999	121.14765	25.802881	151.13889	-22.657085	-121.78939	0.48198882	4592.114376783371
63	840.75	248.95117	1000.0	410.0	928.0	169.47743	999.0	420.0	1000.0	1000.0	251999	120.92834	24.72229	150.5815	-2.9175112	-121.56861	0.46788338	4671.391593456268
64	963.5	19.241882	984.0	932.0	872.6	291.30917	995.0	0.0	1000.0	1000.0	255999	120.38169	24.124983	148.55264	5.58979	-120.99415	0.47099596	4750.442904472351
65	783.0	211.14214	982.0	476.0	697.0	437.06955	997.0	11.0	1000.0	1000.0	259999	119.79254	24.310467	146.90945	-28.047493	-120.39434	0.46883273	4829.5593957901
66	969.75	9.883698	981.0	955.0	876.1	292.6795	997.0	0.0	1000.0	1000.0	263999	119.67642	24.476671	147.24496	-22.799028	-120.302605	0.47466236	4908.714195013046
67	801.5	313.7973	986.0	258.0	954.4	74.11234	996.0	736.0	1000.0	1000.0	267999	119.67293	23.67517	144.19487	-16.109493	-120.290565	0.49113443	4988.094075918198
68	966.75	10.42533	976.0	950.0	979.2	12.408062	1000.0	962.0	1000.0	1000.0	271999	119.60397	23.106926	143.51167	-10.549131	-120.202034	0.50005615	5067.421382188797
69	943.25	30.161026	981.0	908.0	976.4	10.641429	995.0	957.0	1000.0	1000.0	275999	119.23015	23.227308	143.40115	-13.6700535	-119.827995	0.49665937	5146.843998908997
70	981.5	8.440971	991.0	968.0	811.4	309.71475	996.0	0.0	1000.0	1000.0	279999	119.31501	23.393219	142.80182	-8.055392	-119.904686	0.4543836	5226.280039310455
71	966.25	6.759253	977.0	960.0	977.4	11.95157	1000.0	960.0	1000.0	1000.0	283999	119.11195	23.801687	142.40178	-6.1781864	-119.689575	0.44880605	5305.561527967453
72	899.5	85.12491	991.0	783.0	961.0	68.84185	1000.0	761.0	1000.0	1000.0	287999	118.79971	24.02306	143.60736	-4.989749	-119.35853	0.46734115	5384.955967664719
73	965.5	4.031129	970.0	961.0	785.6	384.143	1000.0	0.0	1000.0	1000.0	291999	118.25663	24.091036	143.70685	-7.512713	-118.781006	0.43512085	5464.454829454422
74	979.5	14.585952	996.0	956.0	981.3	12.767537	1000.0	956.0	1000.0	1000.0	295999	117.16279	24.514458	143.00269	-10.805429	-117.66992	0.4188936	5544.166894674301
75	974.25	6.759253	983.0	964.0	808.4	344.22034	995.0	0.0	1000.0	1000.0	299999	116.8	24.467968	143.34203	-19.402132	-117.3284	0.42396945	5623.8129625320435
76	980.0	7.17635	989.0	970.0	976.4	17.124252	997.0	943.0	1000.0	1000.0	303999	116.40828	24.643698	145.72993	-25.292555	-116.93388	0.3941996	5703.469210624695
77	985.25	9.90896	997.0	974.0	969.1	31.484756	993.0	878.0	1000.0	1000.0	307999	116.57847	24.837435	148.39435	-31.124258	-117.138245	0.42210782	5783.350424289703
78	908.5	120.57881	1000.0	701.0	926.1	152.84662	1000.0	469.0	1000.0	1000.0	311999	117.20302	25.177063	153.73662	-40.44069	-117.77364	0.47358802	5863.4331138134
79	961.5	48.82878	993.0	877.0	873.7	291.43747	990.0	0.0	1000.0	1000.0	315999	117.78814	26.498417	155.13217	-46.949238	-118.3463	0.46584624	5943.344794750214
80	931.75	74.99458	988.0	803.0	976.6	15.932357	1000.0	957.0	1000.0	1000.0	319999	118.30781	26.426172	153.37013	-50.014103	-118.863075	0.4589775	6023.524548530579
81	968.25	14.532291	980.0	944.0	976.2	13.437263	1000.0	955.0	1000.0	1000.0	323999	118.24098	25.23528	155.82578	-41.17228	-118.76324	0.439831	6103.584583759308
82	967.75	13.273564	988.0	951.0	984.9	8.982761	998.0	965.0	1000.0	1000.0	327999	118.41022	24.017826	157.85112	-31.214895	-118.95748	0.4758761	6183.699421167374
83	935.5	78.36294	988.0	800.0	882.4	290.32953	997.0	12.0	1000.0	1000.0	331999	118.68318	23.879606	160.13289	-24.832382	-119.222786	0.46148938	6263.718463897705
84	845.25	172.0456	967.0	550.0	975.2	11.694444	996.0	953.0	1000.0	1000.0	335999	119.02344	23.820545	163.13293	-20.558138	-119.572784	0.47753173	6343.871463060379
85	843.0	233.99359	992.0	438.0	893.2	157.14502	992.0	570.0	1000.0	1000.0	339999	119.83365	23.490305	160.95969	-22.20703	-120.417076	0.4634241	6423.967029333115
86	978.75	20.253086	995.0	945.0	936.4	113.97386	994.0	596.0	1000.0	1000.0	343999	120.38582	23.192978	158.16386	-27.642387	-120.933205	0.46678692	6504.219549894333
87	914.75	119.0302	990.0	709.0	975.1	21.059204	1000.0	934.0	1000.0	1000.0	347999	120.50569	22.830042	156.23634	-28.742912	-121.04202	0.4701623	6584.358313083649
88	956.0	45.63442	984.0	877.0	981.2	14.034244	1000.0	952.0	1000.0	1000.0	351999	120.43868	22.469746	156.82576	-29.393799	-120.96026	0.454044	6664.623863697052
89	962.0	10.173495	977.0	949.0	912.1	170.67833	1000.0	405.0	1000.0	1000.0	355999	120.14645	22.494661	157.08987	-31.866564	-120.6666	0.43620488	6744.847832918167
90	953.75	35.99566	996.0	897.0	943.6	88.31444	1000.0	685.0	1000.0	1000.0	359999	120.30646	22.986807	156.3042	-33.29842	-120.85117	0.45482793	6825.1259026527405
91	989.0	11.113055	1000.0	971.0	796.3	314.07358	997.0	3.0	1000.0	1000.0	363999	120.51763	23.248165	155.17377	-35.218266	-121.04344	0.44467103	6905.320608854294
92	979.75	12.754901	997.0	961.0	909.6	185.21405	1000.0	356.0	1000.0	1000.0	367999	120.56155	22.458017	155.33847	-33.30505	-121.08231	0.45453855	6985.6788992881775
93	982.0	8.3666	996.0	974.0	946.8	83.76013	985.0	696.0	1000.0	1000.0	371999	120.60975	21.67861	155.2325	-25.085974	-121.12508	0.43164054	7066.043068647385
94	966.25	22.565184	988.0	932.0	782.2	388.69598	997.0	0.0	1000.0	1000.0	375999	120.2599	21.406778	153.24199	-23.7603	-120.74125	0.43327442	7146.548225164413
95	493.5	483.5067	979.0	7.0	962.8	57.269188	997.0	793.0	1000.0	1000.0	379999	119.67209	21.542854	152.66101	-23.0234	-120.150536	0.4293547	7227.12655377388
96	988.0	8.860023	998.0	975.0	983.8	7.626271	997.0	971.0	1000.0	1000.0	383999	119.21256	20.880774	150.22192	-24.937319	-119.69004	0.42212006	7307.762714624405
97	982.25	10.42533	997.0	969.0	881.8	289.49777	1000.0	15.0	1000.0	1000.0	387999	118.92424	20.762024	146.79042	-24.968695	-119.416954	0.43682826	7388.3881187438965
98	981.75	10.685855	1000.0	973.0	980.3	14.819243	1000.0	955.0	1000.0	1000.0	391999	118.83991	20.67602	145.78186	-23.54998	-119.31483	0.43146804	7469.023774385452
99	977.25	9.522999	988.0	962.0	882.4	294.4273	997.0	0.0	1000.0	1000.0	395999	118.64874	20.234797	147.00505	-19.048256	-119.125854	0.40853676	7549.711323738098
100	932.5	47.60515	997.0	873.0	883.9	291.0998	999.0	12.0	1000.0	1000.0	399999	118.47302	20.866703	151.66017	-24.662945	-118.93842	0.43426985	7630.22482585907
101	971.75	39.7327	997.0	903.0	835.9	305.77618	1000.0	11.0	1000.0	1000.0	403999	118.29763	22.306572	152.76721	-32.52495	-118.77882	0.43627414	7710.74188876152
102	991.25	8.437268	999.0	977.0	757.9	381.5928	995.0	0.0	1000.0	1000.0	407999	118.71063	23.024616	157.77913	-34.1643	-119.20875	0.47023	7791.473953008652
103	980.5	7.017834	991.0	972.0	848.2	292.63315	998.0	0.0	1000.0	1000.0	411999	118.77092	22.702667	157.73993	-27.889612	-119.23114	0.4174144	7872.366592645645
104	981.0	5.7445626	990.0	974.0	941.9	88.92969	996.0	679.0	1000.0	1000.0	415999	118.52534	22.244608	160.82222	-25.842747	-119.00682	0.42518884	7953.009880542755
105	966.75	12.049377	977.0	947.0	971.4	10.594338	987.0	951.0	1000.0	1000.0	419999	118.94529	21.92678	163.27847	-26.952873	-119.42823	0.44915512	8033.676746368408
106	981.5	7.3993244	992.0	972.0	971.4	14.157684	988.0	941.0	1000.0	1000.0	423999	118.87988	22.205482	164.93121	-31.82993	-119.35096	0.40610296	8114.303838014603
107	929.25	57.52554	997.0	865.0	883.9	293.07523	994.0	5.0	1000.0	1000.0	427999	119.41579	22.608143	161.1455	-30.45477	-119.915955	0.44256508	8194.992983341217
108	874.5	188.68028	995.0	548.0	782.0	387.5985	987.0	0.0	1000.0	1000.0	431999	119.90464	22.389042	160.70541	-20.940456	-120.39369	0.41859418	8275.76487827301
109	971.75	11.5406885	985.0	954.0	934.5	99.38234	990.0	648.0	1000.0	1000.0	435999	119.96746	21.48855	157.03645	-22.269703	-120.436356	0.4114774	8356.625517845154
110	982.75	21.924587	1000.0	946.0	891.4	285.13055	1000.0	37.0	1000.0	1000.0	439999	119.78152	21.011333	156.45265	-18.623154	-120.23532	0.40868673	8437.494379997253
111	961.75	23.794695	998.0	934.0	873.5	288.09695	993.0	10.0	1000.0	1000.0	443999	119.45729	20.447268	154.45592	-15.20133	-119.89606	0.39467946	8518.43928194046
112	921.25	113.50413	996.0	725.0	977.6	13.3506565	999.0	953.0	1000.0	1000.0	447999	118.92644	20.188284	151.35248	-17.074986	-119.35789	0.39046595	8599.42254781723
113	981.0	15.890248	998.0	955.0	953.1	65.029915	993.0	763.0	1000.0	1000.0	451999	118.50455	20.28975	150.91302	-19.77393	-118.94127	0.37836343	8680.361252784729
114	843.0	155.54903	978.0	598.0	845.4	299.4626	996.0	4.0	1000.0	1000.0	455999	118.47458	20.06371	149.35327	-22.12268	-118.91634	0.38934568	8761.18019580841
115	980.5	2.6925824	985.0	978.0	976.7	8.809654	990.0	960.0	1000.0	1000.0	459999	118.05878	19.63477	147.92787	-27.808283	-118.47153	0.36129734	8842.014511346817
116	935.5	64.67032	980.0	824.0	980.0	15.427249	1000.0	955.0	1000.0	1000.0	463999	117.55415	19.82146	147.34245	-31.44619	-117.968956	0.3647157	8922.91614818573
117	858.0	227.60822	998.0	464.0	882.6	287.7847	1000.0	21.0	1000.0	1000.0	467999	117.35037	19.572582	145.4045	-29.271215	-117.76734	0.35981706	9003.85991859436
118	972.25	6.941722	980.0	962.0	980.6	14.122323	997.0	954.0	1000.0	1000.0	471999	117.00156	19.135883	143.44386	-19.221249	-117.41189	0.36844704	9084.587152719498
119	808.0	283.43872	988.0	318.0	978.3	14.966964	1000.0	951.0	1000.0	1000.0	475999	116.67944	18.78231	140.4299	-15.086619	-117.08473	0.34877676	9165.465328454971
120	985.0	2.828427	989.0	981.0	880.6	293.66382	998.0	0.0	1000.0	1000.0	479999	116.32674	18.796053	139.7733	-24.640404	-116.720856	0.34997767	9246.189232349396
121	984.75	14.618053	1000.0	963.0	967.5	26.062426	992.0	901.0	1000.0	1000.0	483999	115.80977	18.738651	140.76263	-13.6197815	-116.19112	0.35916132	9327.266051530838
122	912.75	128.1881	995.0	691.0	981.0	8.306623	997.0	971.0	1000.0	1000.0	487999	115.54303	18.600502	139.11707	-15.840925	-115.94114	0.3381141	9408.043931245804
123	957.75	42.1567	998.0	887.0	831.3	287.5142	990.0	16.0	1000.0	1000.0	491999	115.29247	18.431938	136.721	-16.402138	-115.68471	0.3319493	9488.89338350296
124	887.0	174.99286	995.0	584.0	930.1	127.23479	1000.0	553.0	1000.0	1000.0	495999	115.19288	18.329586	136.37404	-17.790829	-115.58734	0.3469996	9569.780466556549
125	984.75	6.941722	991.0	973.0	948.8	73.772354	990.0	729.0	1000.0	1000.0	499999	115.19416	17.975805	136.70213	-18.825607	-115.59636	0.33900318	9650.683631896973
126	893.75	67.11697	971.0	793.0	879.2	290.6437	997.0	8.0	1000.0	1000.0	503999	115.35843	17.762499	136.98758	-19.98834	-115.75422	0.348701	9731.5453042984
127	975.0	15.732133	999.0	956.0	979.2	19.301813	997.0	926.0	1000.0	1000.0	507999	115.22293	17.891142	138.40764	-20.269678	-115.61069	0.3344317	9812.238103628159
128	974.75	6.647368	983.0	966.0	780.7	390.5737	998.0	0.0	1000.0	1000.0	511999	115.09956	17.905338	138.3427	-19.094074	-115.477486	0.34425732	9892.889961004257
129	993.5	4.769696	999.0	987.0	975.7	14.805742	998.0	950.0	1000.0	1000.0	515999	114.82894	17.688936	139.65108	-18.14509	-115.20131	0.33075574	9973.672704219818
130	983.0	15.54027	1000.0	961.0	775.6	344.92877	998.0	0.0	1000.0	1000.0	519999	114.79555	17.57449	140.88977	-14.234448	-115.19494	0.36577344	10054.57026052475
131	979.5	17.867569	1000.0	951.0	980.9	11.049435	999.0	964.0	1000.0	1000.0	523999	115.25392	17.56683	143.36197	-13.164659	-115.66515	0.3741922	10135.329065561295
132	944.5	43.917538	985.0	871.0	978.4	13.237825	995.0	951.0	1000.0	1000.0	527999	115.72747	17.744478	141.05438	-15.530277	-116.14517	0.3442871	10216.311245918274
133	962.25	30.433329	990.0	911.0	793.0	390.5865	1000.0	2.0	1000.0	1000.0	531999	116.11971	17.785704	141.0041	-20.213402	-116.51408	0.35345572	10297.138739824295
134	960.0	29.086079	990.0	912.0	971.8	24.758028	1000.0	911.0	1000.0	1000.0	535999	116.0886	17.910748	140.0299	-19.91542	-116.4808	0.34699172	10377.947885990143
135	788.5	303.32532	991.0	266.0	980.9	10.435037	1000.0	966.0	1000.0	1000.0	539999	116.0202	17.915339	140.23825	-17.436974	-116.39372	0.35553962	10459.031059026718
136	975.25	10.638962	990.0	961.0	972.9	11.725614	990.0	954.0	1000.0	1000.0	543999	115.65767	17.523499	142.37033	-13.632374	-116.02995	0.35745257	10540.008868694305
137	976.75	3.6996622	980.0	971.0	976.6	17.488281	1000.0	937.0	1000.0	1000.0	547999	115.59304	17.129908	143.92075	-11.284981	-115.978455	0.3650248	10621.113864421844
138	970.25	11.431864	981.0	951.0	972.1	14.117011	1000.0	949.0	1000.0	1000.0	551999	115.79531	16.905594	144.26582	-7.901778	-116.18708	0.3567545	10702.217802286148
139	916.5	101.844246	1000.0	743.0	985.3	11.063905	1000.0	965.0	1000.0	1000.0	555999	115.9486	16.777115	143.92517	-8.490824	-116.34127	0.35660437	10783.252330303192
140	911.75	97.99586	990.0	744.0	964.9	53.727924	1000.0	808.0	1000.0	1000.0	559999	116.11624	16.687878	146.15154	-11.676516	-116.510284	0.36509746	10864.180505990982
141	976.25	15.006248	994.0	955.0	979.7	7.4572115	989.0	964.0	1000.0	1000.0	563999	116.40129	16.915142	146.31868	-11.751073	-116.796646	0.3554905	10945.193264722824
142	967.0	16.628288	980.0	939.0	929.7	145.3245	993.0	495.0	1000.0	1000.0	567999	116.6625	17.156776	144.45633	-41.066	-117.05993	0.373675	11026.293419361115
143	983.5	6.8007355	989.0	972.0	961.6	37.019455	1000.0	858.0	1000.0	1000.0	571999	116.84988	17.060154	140.85533	-11.297291	-117.23306	0.33361393	11107.494081497192
144	976.25	18.606115	1000.0	948.0	973.7	15.0469265	994.0	949.0	1000.0	1000.0	575999	116.67652	17.025166	140.83173	-17.164778	-117.045975	0.31543785	11188.660673856735
145	972.0	10.559356	980.0	954.0	980.3	13.957436	997.0	952.0	1000.0	1000.0	579999	116.43412	17.029812	140.95003	-26.031204	-116.80959	0.32503766	11269.961938619614
146	893.0	144.64958	986.0	643.0	884.9	284.45752	994.0	32.0	1000.0	1000.0	583999	116.39679	16.70464	140.79242	-21.14238	-116.76476	0.31266284	11351.105437517166
147	989.0	9.874208	1000.0	976.0	967.9	32.96195	1000.0	873.0	1000.0	1000.0	587999	116.08503	16.612022	140.7673	-35.66948	-116.43491	0.3418023	11432.336765050888
148	979.0	18.179659	1000.0	950.0	961.3	63.485508	995.0	776.0	1000.0	1000.0	591999	115.6256	16.50721	137.91853	-20.292421	-115.97172	0.31414348	11513.627188444138
149	981.75	17.767597	1000.0	963.0	780.9	389.3537	995.0	0.0	1000.0	1000.0	595999	115.23944	16.247927	136.7416	-46.13785	-115.582184	0.3083235	11594.860880374908
150	986.5	10.012492	1000.0	975.0	969.9	34.11876	1000.0	878.0	1000.0	1000.0	599999	114.92297	15.9261875	136.93996	-59.156395	-115.2552	0.2897152	11676.114505529404
151	900.75	134.52393	1000.0	669.0	979.4	15.837929	1000.0	945.0	1000.0	1000.0	603999	114.40493	16.076714	137.1821	-53.104836	-114.73433	0.2761901	11757.330940246582
152	860.5	174.6432	993.0	561.0	985.5	11.603878	1000.0	961.0	1000.0	1000.0	607999	113.98432	16.016716	136.44832	-44.576057	-114.30415	0.27529046	11838.681422710419
153	859.25	233.42384	998.0	455.0	983.9	12.731458	1000.0	960.0	1000.0	1000.0	611999	113.61976	15.994814	133.7738	-35.608665	-113.95518	0.29053724	11919.973149061203
154	984.25	12.193748	997.0	968.0	983.5	9.615092	1000.0	967.0	1000.0	1000.0	615999	113.49218	15.8555355	134.04378	-15.924444	-113.82472	0.27909374	12001.460201978683
155	977.75	8.642193	987.0	966.0	949.8	107.97296	999.0	628.0	1000.0	1000.0	619999	113.28313	15.719281	132.2332	-21.384348	-113.60967	0.26900616	12082.836466312408
156	981.25	4.145781	988.0	977.0	889.9	295.46487	999.0	4.0	1000.0	1000.0	623999	113.0318	15.567351	133.32758	-15.225087	-113.35008	0.27880898	12164.341536998749
157	985.5	9.708244	999.0	972.0	944.6	112.578156	997.0	608.0	1000.0	1000.0	627999	112.7633	15.465536	132.99554	-23.400944	-113.0806	0.26839274	12245.91970539093
158	982.75	10.377259	998.0	969.0	825.2	317.58395	988.0	5.0	1000.0	1000.0	631999	112.52593	15.299015	132.71904	-25.706337	-112.846565	0.2766737	12327.272022724152
159	978.75	12.00781	997.0	967.0	855.8	297.1558	1000.0	0.0	1000.0	1000.0	635999	112.56271	15.389202	133.96611	-24.756182	-112.89576	0.28698426	12408.63429927826
160	919.75	89.82866	993.0	766.0	984.6	8.639444	1000.0	970.0	1000.0	1000.0	639999	112.72958	15.546457	135.65584	-31.600433	-113.063324	0.2915267	12489.954113483429
161	869.0	143.69238	997.0	635.0	976.7	15.530937	1000.0	953.0	1000.0	1000.0	643999	112.81262	15.521508	136.44493	-28.672998	-113.13718	0.30695996	12571.312436580658
162	985.75	3.4186985	989.0	981.0	979.9	10.358089	1000.0	960.0	1000.0	1000.0	647999	112.91962	15.549076	137.4473	-17.37654	-113.25548	0.30047747	12652.793541193008
163	981.75	5.018715	988.0	974.0	987.6	10.091581	1000.0	969.0	1000.0	1000.0	651999	112.93232	15.546253	136.98245	-19.196903	-113.25122	0.30028328	12734.045471429825
164	975.25	12.577261	997.0	967.0	953.3	71.327484	998.0	754.0	1000.0	1000.0	655999	112.84118	15.445508	136.28938	-51.37448	-113.15947	0.31331196	12815.451036930084
165	979.0	8.062258	988.0	966.0	978.3	16.757387	1000.0	947.0	1000.0	1000.0	659999	112.80345	15.334867	135.0227	-31.337845	-113.13269	0.30210355	12896.721626996994
166	985.5	9.75961	994.0	969.0	973.1	16.54358	1000.0	938.0	1000.0	1000.0	663999	112.93071	14.998504	134.51167	-33.137955	-113.25197	0.28267744	12978.081809043884
167	968.0	36.297382	995.0	906.0	978.9	16.783623	1000.0	937.0	1000.0	1000.0	667999	112.62654	14.880078	132.08466	-11.954758	-112.9253	0.27672547	13059.543637752533
168	966.0	18.506756	990.0	938.0	883.6	290.96158	993.0	11.0	1000.0	1000.0	671999	112.42129	14.738036	130.97345	-14.317347	-112.734764	0.2863445	13140.881222486496
169	974.25	11.277743	986.0	962.0	983.9	10.01449	997.0	960.0	1000.0	1000.0	675999	112.45661	14.531839	131.63786	-30.500288	-112.76696	0.28381744	13222.246981859207
170	991.75	5.7608595	1000.0	984.0	978.1	15.801582	997.0	956.0	1000.0	1000.0	679999	112.32518	14.656767	132.94188	-22.737799	-112.6292	0.28756672	13303.652858495712
171	978.25	10.638962	996.0	970.0	887.2	295.81473	1000.0	0.0	1000.0	1000.0	683999	112.25807	15.149748	133.2291	-22.279297	-112.56907	0.276176	13385.172548532486
172	944.0	53.24002	991.0	856.0	978.5	18.161774	1000.0	946.0	1000.0	1000.0	687999	112.31738	15.499647	134.75029	-23.824549	-112.621056	0.2869135	13466.615967035294
173	957.5	19.422924	982.0	937.0	788.9	324.15228	998.0	0.0	1000.0	1000.0	691999	112.3679	15.770422	136.45067	-39.258312	-112.68305	0.28503844	13548.302182912827
174	987.0	9.669539	996.0	972.0	880.4	287.5744	992.0	18.0	1000.0	1000.0	695999	112.65896	15.875646	139.61996	-33.116524	-112.992455	0.29567552	13629.760024547577
175	981.75	14.821858	996.0	957.0	880.2	293.7076	1000.0	0.0	1000.0	1000.0	699999	113.05797	15.807417	139.38103	-23.16665	-113.382	0.31434086	13711.201471328735
176	955.75	61.2551	999.0	850.0	974.5	8.040523	988.0	959.0	1000.0	1000.0	703999	113.22255	15.770946	138.82883	-24.626577	-113.53745	0.2873191	13792.749303102493
177	943.75	61.961178	988.0	837.0	891.1	215.06485	1000.0	280.0	1000.0	1000.0	707999	112.96647	15.426308	136.37802	-13.4113865	-113.258766	0.2758565	13874.129651784897
178	876.0	177.90869	985.0	568.0	885.2	294.46722	993.0	2.0	1000.0	1000.0	711999	112.60052	15.111728	132.82469	-16.28941	-112.894	0.28440797	13955.662322282791
179	920.25	121.68068	1000.0	710.0	981.8	8.623224	993.0	969.0	1000.0	1000.0	715999	112.55048	15.008278	135.62712	-15.403839	-112.856094	0.27758837	14037.172247171402
180	883.0	163.63832	992.0	600.0	986.2	12.097935	1000.0	965.0	1000.0	1000.0	719999	112.59879	14.664528	137.42412	-14.210105	-112.90362	0.29641938	14118.592048406601
181	959.25	31.219986	1000.0	926.0	979.3	9.48736	993.0	965.0	1000.0	1000.0	723999	112.47711	14.318472	135.95137	-14.535324	-112.78116	0.2782928	14200.190975904465
182	823.75	249.97438	998.0	392.0	847.1	295.74295	1000.0	0.0	1000.0	1000.0	727999	112.85473	13.992016	136.93271	-10.0338545	-113.18414	0.28469068	14281.71981716156
183	979.75	8.496323	992.0	970.0	986.5	9.211406	1000.0	974.0	1000.0	1000.0	731999	113.1133	13.816414	136.56714	-11.068884	-113.4206	0.28213048	14363.11188530922
184	986.75	10.940178	1000.0	972.0	985.9	10.568349	1000.0	962.0	1000.0	1000.0	735999	113.1758	13.591188	137.92339	-7.035731	-113.49108	0.30074954	14444.717567443848
185	984.25	10.848387	994.0	967.0	975.4	9.340236	993.0	957.0	1000.0	1000.0	739999	113.38859	13.40721	140.75256	-3.49152	-113.7152	0.30679792	14526.064934492111
186	980.0	9.110434	995.0	971.0	954.4	53.368904	984.0	796.0	1000.0	1000.0	743999	113.69916	13.394722	142.4313	-3.9075527	-114.01639	0.29588082	14607.429318666458
187	985.75	7.6607766	993.0	975.0	990.8	8.588364	1000.0	976.0	1000.0	1000.0	747999	113.8229	13.600628	143.56503	-8.28342	-114.14441	0.31908435	14689.010932445526
188	944.25	60.87436	985.0	839.0	977.2	13.40746	992.0	953.0	1000.0	1000.0	751999	114.00643	13.492448	145.09216	1.1572058	-114.32338	0.3094388	14770.558652877808
189	988.0	8.860023	997.0	974.0	902.8	156.46265	987.0	588.0	1000.0	1000.0	755999	114.077	13.740877	145.27536	1.6177034	-114.38831	0.3186715	14852.247179031372
190	779.0	265.4741	965.0	322.0	923.4	165.0795	1000.0	431.0	1000.0	1000.0	759999	114.0196	14.311778	143.82149	-1.122664	-114.32104	0.31722614	14933.875259876251
191	978.75	10.615437	995.0	966.0	887.3	290.25095	997.0	17.0	1000.0	1000.0	763999	113.77873	14.676161	143.07838	-3.6368442	-114.073074	0.31040058	15015.368934631348
192	907.5	137.2598	994.0	670.0	788.4	389.07718	1000.0	8.0	1000.0	1000.0	767999	113.44244	14.764922	144.49176	-2.7368298	-113.73156	0.29916772	15096.883734464645
193	771.25	343.67526	972.0	176.0	984.0	11.287161	1000.0	960.0	1000.0	1000.0	771999	113.22787	14.642163	148.00862	1.9866903	-113.52673	0.30054414	15178.464393615723
194	936.75	61.181595	978.0	831.0	886.1	292.59885	1000.0	9.0	1000.0	1000.0	775999	113.39932	14.817966	148.43307	-1.7650943	-113.716095	0.29963732	15259.85691022873
195	964.5	43.712128	1000.0	890.0	953.9	95.07623	1000.0	670.0	1000.0	1000.0	779999	113.71161	15.134087	146.0049	-28.791904	-114.03334	0.35206595	15341.316735982895
196	653.75	397.00528	982.0	0.0	983.8	14.400001	1000.0	950.0	1000.0	1000.0	783999	114.13696	15.494859	144.56653	-2.0118947	-114.47472	0.32250696	15422.909673690796
197	889.25	167.6475	990.0	599.0	494.1	486.15027	999.0	5.0	1000.0	1000.0	787999	115.32395	15.838927	143.21889	-1.892329	-115.71888	0.31713134	15504.476336717606
198	755.5	377.43906	990.0	102.0	779.2	323.48965	1000.0	7.0	1000.0	1000.0	791999	115.98896	15.911065	142.95398	-6.9692326	-116.32325	0.33831805	15586.082633018494
199	803.25	313.7749	999.0	260.0	934.6	92.9572	1000.0	718.0	1000.0	1000.0	795999	116.37813	15.930897	141.63838	-19.792824	-116.73108	0.3447317	15667.863115310669
200	917.0	92.50135	985.0	758.0	981.9	11.56244	997.0	963.0	1000.0	1000.0	799999	116.56519	15.699278	140.50957	-21.108343	-116.89037	0.30459878	15749.382821321487
201	974.75	21.087614	992.0	939.0	975.2	30.475563	996.0	885.0	1000.0	1000.0	803999	116.42746	15.518943	139.71022	-10.354712	-116.75801	0.30090123	15830.973069906235
202	988.75	8.166242	1000.0	980.0	881.4	291.02618	1000.0	9.0	1000.0	1000.0	807999	116.39201	15.253371	138.64984	-46.67197	-116.71689	0.3163859	15912.60404586792
203	986.75	8.814052	997.0	978.0	819.4	279.97757	989.0	149.0	1000.0	1000.0	811999	116.41429	14.950749	141.23553	-65.88861	-116.748405	0.28229365	15994.122499227524
204	958.0	22.97825	986.0	922.0	981.0	14.512064	999.0	952.0	1000.0	1000.0	815999	116.26327	14.570234	141.23154	-69.94922	-116.56921	0.29636294	16075.73606467247
205	982.0	3.535534	988.0	979.0	984.3	9.767804	1000.0	973.0	1000.0	1000.0	819999	115.79152	14.171325	141.34305	-69.883415	-116.087456	0.3041515	16157.279293060303
206	979.75	14.618053	997.0	957.0	982.4	12.257243	1000.0	965.0	1000.0	1000.0	823999	115.44897	14.254907	138.90956	-64.92744	-115.76601	0.31184205	16238.699555635452
207	822.75	281.228	999.0	336.0	981.6	14.122323	1000.0	959.0	1000.0	1000.0	827999	115.35445	14.089394	137.57362	-35.47737	-115.65633	0.29962128	16320.252316236496
208	781.5	344.54355	992.0	185.0	975.9	13.6194725	989.0	942.0	1000.0	1000.0	831999	115.10382	13.870414	136.02939	-3.1602898	-115.40257	0.29939073	16401.811293125153
209	962.25	23.794695	994.0	927.0	979.6	15.698408	1000.0	948.0	1000.0	1000.0	835999	114.87851	14.13058	136.84412	-1.7127485	-115.18846	0.28544337	16483.227424144745
210	950.75	50.36554	984.0	864.0	884.2	289.18567	993.0	17.0	1000.0	1000.0	839999	114.96747	13.834586	136.93355	1.38483	-115.285416	0.30133942	16564.814142227173
211	945.0	33.23402	980.0	903.0	984.4	10.3749695	1000.0	969.0	1000.0	1000.0	843999	114.94854	13.663761	136.26164	0.16433668	-115.25166	0.2825421	16646.438458681107
212	950.75	60.652184	992.0	846.0	796.9	313.85617	992.0	23.0	1000.0	1000.0	847999	114.73201	13.708344	135.92491	-2.344547	-115.029	0.27681488	16728.262929677963
213	958.75	19.942104	988.0	934.0	978.2	13.622041	1000.0	955.0	1000.0	1000.0	851999	114.51423	13.5796175	136.81328	-33.338657	-114.80667	0.31606618	16809.911912679672
214	923.0	93.874916	985.0	761.0	981.8	12.890306	999.0	959.0	1000.0	1000.0	855999	114.16538	13.488675	136.43918	-0.17663193	-114.451126	0.2829367	16891.43583369255
215	985.75	10.755813	997.0	969.0	981.6	11.324311	1000.0	962.0	1000.0	1000.0	859999	113.83913	13.351327	137.38553	-48.533386	-114.124825	0.29879537	16973.032156467438
216	982.75	4.918079	989.0	977.0	975.9	30.210758	1000.0	891.0	1000.0	1000.0	863999	113.73737	12.604488	136.58571	-23.239561	-114.02796	0.28927192	17054.7338347435
217	779.5	363.4725	995.0	150.0	978.9	12.461541	993.0	945.0	1000.0	1000.0	867999	113.56211	12.0180855	136.23398	6.0336866	-113.84377	0.28555396	17136.41633749008
218	993.5	6.344289	1000.0	983.0	979.2	10.543244	1000.0	963.0	1000.0	1000.0	871999	113.29214	12.202616	135.61797	-10.24518	-113.57501	0.29069185	17218.12184023857
219	972.25	11.5406885	987.0	960.0	978.7	9.859513	994.0	962.0	1000.0	1000.0	875999	113.27953	12.119852	136.11685	-15.189991	-113.56981	0.26807845	17299.615480184555
220	993.25	5.402546	1000.0	987.0	980.5	12.16758	995.0	951.0	1000.0	1000.0	879999	113.23399	11.906531	137.42903	-61.272327	-113.5186	0.28473634	17381.2574532032
221	970.75	3.9607449	974.0	964.0	962.1	45.067616	1000.0	840.0	1000.0	1000.0	883999	113.06273	12.116169	136.77571	-36.4508	-113.34092	0.27910718	17463.050397872925
222	897.25	131.01598	1000.0	675.0	992.3	8.331266	1000.0	971.0	1000.0	1000.0	887999	113.07371	12.342859	137.42746	-35.331696	-113.368706	0.27330714	17544.8808093071
223	985.0	12.688578	1000.0	966.0	968.8	36.509724	991.0	865.0	1000.0	1000.0	891999	113.10505	12.496617	136.51437	-60.654697	-113.38555	0.30294183	17626.64919400215
224	978.25	10.615437	991.0	965.0	984.6	10.603773	1000.0	970.0	1000.0	1000.0	895999	112.92758	12.25555	137.81503	-38.596714	-113.19206	0.26294115	17708.51647424698
225	967.5	27.554491	1000.0	935.0	746.3	366.94415	994.0	10.0	1000.0	1000.0	899999	112.57772	12.315718	141.26056	-45.27296	-112.84946	0.29215354	17790.29709815979
226	825.5	264.42816	995.0	368.0	782.4	328.21982	1000.0	14.0	1000.0	1000.0	903999	112.48413	12.309753	141.64493	-43.30202	-112.76	0.27197787	17872.110327243805
227	855.5	207.30956	991.0	497.0	962.5	55.740917	998.0	801.0	1000.0	1000.0	907999	112.43888	12.873559	135.08441	1.80341	-112.70856	0.29426745	17953.933524608612
228	942.75	58.887074	980.0	841.0	976.3	23.276812	1000.0	914.0	1000.0	1000.0	911999	112.45908	12.979579	135.82057	-18.862545	-112.73944	0.2892318	18036.574128627777
229	967.0	21.851774	990.0	934.0	965.4	50.803936	1000.0	819.0	1000.0	1000.0	915999	112.47099	13.035828	135.74127	-50.992508	-112.75261	0.28427815	18119.154919862747
230	976.75	13.497685	1000.0	967.0	982.5	11.672618	1000.0	965.0	1000.0	1000.0	919999	112.54386	13.173269	136.08508	-54.48996	-112.8191	0.27430528	18201.49358534813
231	977.25	10.133484	992.0	966.0	974.2	23.936583	1000.0	910.0	1000.0	1000.0	923999	112.42299	13.460986	134.23476	-63.272713	-112.68922	0.28460717	18283.945489883423
232	888.0	165.30577	994.0	602.0	986.5	7.4060783	999.0	977.0	1000.0	1000.0	927999	112.19741	13.561762	133.44618	-57.28976	-112.46369	0.2763974	18366.598397254944
233	971.5	11.368817	983.0	954.0	954.7	69.52992	994.0	750.0	1000.0	1000.0	931999	112.19174	13.372284	132.67403	-29.447905	-112.4689	0.26718193	18449.202924489975
234	980.75	11.519006	997.0	968.0	987.2	5.473573	996.0	979.0	1000.0	1000.0	935999	112.17234	13.456758	133.21745	-28.184113	-112.43845	0.2677462	18531.52870130539
235	961.25	7.6933413	973.0	953.0	987.2	12.270289	1000.0	959.0	1000.0	1000.0	939999	112.09147	13.105856	133.53793	-31.942038	-112.352165	0.24607113	18613.859043121338
236	979.75	7.3950996	989.0	972.0	985.7	7.1421285	1000.0	974.0	1000.0	1000.0	943999	111.90918	13.291355	133.82237	-28.879463	-112.17395	0.2519471	18696.437010526657
237	986.25	11.277743	997.0	968.0	981.7	13.371985	997.0	956.0	1000.0	1000.0	947999	111.88016	13.122577	135.14551	-33.57997	-112.14152	0.23636308	18779.099749326706
238	966.0	7.7136245	973.0	953.0	976.5	15.180579	998.0	951.0	1000.0	1000.0	951999	111.7416	12.900232	134.70518	-25.988804	-112.00154	0.24916571	18861.72096300125
239	986.25	5.0682836	993.0	980.0	890.4	293.87283	1000.0	9.0	1000.0	1000.0	955999	111.63064	12.643007	133.30968	-13.292884	-111.89053	0.23010874	18944.27785730362
240	925.25	70.74381	997.0	818.0	950.4	70.516945	986.0	740.0	1000.0	1000.0	959999	111.62555	12.705651	133.3727	-21.375563	-111.88735	0.23370929	19026.881841421127
241	977.5	14.115594	990.0	955.0	960.3	65.928825	995.0	765.0	1000.0	1000.0	963999	111.67497	12.908712	131.99907	-7.50607	-111.939186	0.23494563	19109.451958417892
242	981.75	16.60384	1000.0	955.0	978.0	12.774976	1000.0	958.0	1000.0	1000.0	967999	111.64508	12.805957	131.69803	-3.045584	-111.90598	0.22604644	19192.21953034401
243	980.0	2.738613	984.0	977.0	979.1	8.41962	993.0	962.0	1000.0	1000.0	971999	111.66808	12.932138	131.97353	-3.612626	-111.9251	0.23133178	19275.09894013405
244	971.0	21.598612	1000.0	946.0	971.3	27.011293	992.0	895.0	1000.0	1000.0	975999	111.63312	13.237529	133.5757	-7.953557	-111.90035	0.22715732	19357.930315732956
245	979.5	15.074814	997.0	960.0	839.7	300.75708	991.0	0.0	1000.0	1000.0	979999	111.83578	13.369294	134.28172	-8.058596	-112.10549	0.22931202	19440.653443336487
246	814.5	200.1618	997.0	495.0	917.1	176.62473	1000.0	398.0	1000.0	1000.0	983999	111.93641	13.224455	135.46866	-4.6399755	-112.20177	0.2279924	19523.412330150604
247	871.0	167.28569	996.0	583.0	884.4	294.92038	997.0	0.0	1000.0	1000.0	987999	111.94196	13.080353	135.14276	-7.4956565	-112.200066	0.22943334	19605.913311958313
248	970.25	15.722198	996.0	957.0	978.2	11.608618	991.0	953.0	1000.0	1000.0	991999	111.8401	13.120719	135.51831	-11.724235	-112.10495	0.24033906	19688.48343515396
249	984.75	13.026416	1000.0	964.0	986.9	12.988072	1000.0	952.0	1000.0	1000.0	995999	112.01543	13.232325	138.76913	-12.516908	-112.28189	0.25629157	19771.064270734787
250	762.25	400.83875	999.0	68.0	976.7	14.539945	1000.0	953.0	1000.0	1000.0	999999	112.07875	13.242711	140.4945	-12.818248	-112.34119	0.25507954	19853.15850520134
251	963.75	16.72386	975.0	935.0	958.3	66.32202	995.0	762.0	1000.0	1000.0	1003999	112.06972	13.262641	140.97343	-11.08276	-112.329445	0.2534409	19935.055780887604
252	987.25	11.121489	1000.0	973.0	960.6	34.047615	989.0	868.0	1000.0	1000.0	1007999	112.01857	13.260785	140.66508	-15.576061	-112.2746	0.2483793	20016.828619241714
253	977.25	17.85182	996.0	950.0	981.9	13.3450365	1000.0	957.0	1000.0	1000.0	1011999	112.11927	13.342829	140.42447	-13.160348	-112.37201	0.25186488	20098.78410768509
254	969.5	8.760708	978.0	958.0	932.2	145.91971	1000.0	498.0	1000.0	1000.0	1015999	112.47529	12.966982	138.89337	-12.272557	-112.75288	0.24936558	20180.681422948837
255	810.0	193.28218	978.0	504.0	927.2	154.97987	992.0	463.0	1000.0	1000.0	1019999	113.36057	12.44367	139.34158	-7.6952677	-113.666794	0.26236138	20262.453524827957
256	984.25	9.781999	998.0	975.0	976.3	14.663219	999.0	953.0	1000.0	1000.0	1023999	114.20154	12.838177	141.40446	-8.952611	-114.490814	0.26708582	20344.260519742966
257	885.25	102.106255	983.0	744.0	885.2	238.12888	992.0	181.0	1000.0	1000.0	1027999	114.64625	12.817473	140.12054	-14.736078	-114.92146	0.2598495	20426.04306936264
258	973.5	7.4330344	981.0	963.0	984.5	14.249561	1000.0	953.0	1000.0	1000.0	1031999	114.63616	12.815854	140.86026	-13.394733	-114.88544	0.25399455	20508.04585123062
259	981.0	9.027735	992.0	969.0	973.8	13.059862	998.0	949.0	1000.0	1000.0	1035999	114.77244	12.350873	141.64658	-12.619437	-115.03363	0.25904208	20589.930468082428
260	948.75	63.946754	987.0	838.0	884.2	294.81378	998.0	0.0	1000.0	1000.0	1039999	115.03163	11.814786	141.86288	-17.609877	-115.29361	0.25515583	20671.96244955063
261	914.75	106.66859	977.0	730.0	978.7	14.057383	995.0	949.0	1000.0	1000.0	1043999	115.04951	10.948765	140.96176	-19.518394	-115.29109	0.2459064	20753.789349794388
262	949.5	54.22407	989.0	856.0	979.7	14.099999	1000.0	957.0	1000.0	1000.0	1047999	115.02963	9.3447275	135.7656	-14.406871	-115.26819	0.23421085	20835.602205514908
263	974.5	11.842719	993.0	960.0	981.9	17.346182	1000.0	953.0	1000.0	1000.0	1051999	114.90718	8.26766	133.22443	-11.110717	-115.13948	0.21704924	20917.426441907883
264	977.75	8.785642	992.0	968.0	979.4	10.947145	992.0	965.0	1000.0	1000.0	1055999	114.7049	7.6480107	136.4827	-8.26455	-114.93517	0.20292796	20999.31096148491
265	973.75	13.00721	990.0	960.0	985.2	10.731263	996.0	970.0	1000.0	1000.0	1059999	114.44601	7.5981765	136.0286	-5.537462	-114.65831	0.1960598	21081.09473991394
266	985.5	4.924429	994.0	982.0	980.3	13.623876	1000.0	957.0	1000.0	1000.0	1063999	114.19384	7.5283556	133.3437	-3.1839085	-114.41594	0.19282462	21162.90417456627
267	982.25	5.402546	989.0	974.0	937.5	117.53489	995.0	587.0	1000.0	1000.0	1067999	114.18856	7.520274	132.62596	2.7255542	-114.41667	0.18553841	21244.71471810341
268	978.0	15.215124	996.0	961.0	974.5	10.461835	987.0	957.0	1000.0	1000.0	1071999	114.33868	7.0745554	134.48956	2.7350266	-114.56119	0.17520235	21326.60293674469
269	978.25	12.33643	998.0	966.0	974.4	14.534099	998.0	955.0	1000.0	1000.0	1075999	114.34368	6.915299	134.49033	2.7446542	-114.55939	0.1763692	21408.411983966827
270	967.25	23.155724	989.0	933.0	978.3	5.7801385	989.0	969.0	1000.0	1000.0	1079999	114.36466	6.3112025	133.47461	2.7507505	-114.58321	0.16774999	21490.233821868896
271	952.0	47.78075	987.0	871.0	788.5	362.49945	991.0	12.0	1000.0	1000.0	1083999	114.27337	5.750989	136.20566	46.499672	-114.472626	0.16155598	21572.10652756691
272	982.25	2.8613808	986.0	978.0	786.3	331.23376	994.0	43.0	1000.0	1000.0	1087999	113.86263	5.6131406	136.13628	46.601788	-114.06094	0.15964861	21653.883650302887
273	956.5	34.44198	998.0	915.0	911.2	154.29764	999.0	498.0	1000.0	1000.0	1091999	113.59648	5.458164	131.33388	47.895863	-113.78115	0.16578232	21735.877521276474
274	973.25	36.078907	1000.0	912.0	882.5	294.33902	995.0	0.0	1000.0	1000.0	1095999	113.32788	5.4350414	129.3211	51.26678	-113.51704	0.16008824	21817.78665494919
275	965.25	24.752525	988.0	924.0	973.7	42.743538	996.0	847.0	1000.0	1000.0	1099999	113.21697	5.281443	130.39731	57.529095	-113.41609	0.15133324	21899.596104860306
276	970.25	6.8693156	980.0	961.0	977.7	9.241753	992.0	965.0	1000.0	1000.0	1103999	113.11096	5.207036	130.71567	56.38287	-113.29237	0.14299963	21981.493776082993
277	982.0	5.7445626	991.0	975.0	965.9	46.930695	1000.0	832.0	1000.0	1000.0	1107999	112.68678	5.063446	131.2624	56.491074	-112.85283	0.1329054	22063.457215309143
278	948.5	58.94277	988.0	847.0	882.0	293.48187	994.0	2.0	1000.0	1000.0	1111999	112.31655	4.895975	130.13272	57.44562	-112.49021	0.12999162	22145.639263391495
279	978.25	17.781662	999.0	956.0	904.5	177.32864	998.0	452.0	1000.0	1000.0	1115999	112.24282	4.9663835	130.37115	57.26608	-112.427925	0.13393705	22227.754180192947
280	918.5	97.7484	1000.0	752.0	980.4	14.867414	1000.0	955.0	1000.0	1000.0	1119999	112.35223	5.0068874	129.26909	56.527813	-112.54109	0.13064188	22310.150734186172
281	914.75	46.644264	990.0	869.0	988.5	6.3126855	997.0	977.0	1000.0	1000.0	1123999	112.48684	4.9562545	129.45952	54.46164	-112.68121	0.13550143	22392.45440888405
282	971.5	11.191515	987.0	957.0	972.0	24.425396	1000.0	914.0	1000.0	1000.0	1127999	112.65657	4.824025	129.56902	54.473343	-112.84989	0.13897511	22474.795456409454
283	985.5	9.708244	993.0	969.0	983.4	14.657421	1000.0	956.0	1000.0	1000.0	1131999	112.86729	4.588481	128.09547	56.531708	-113.05545	0.13169089	22557.139093875885
284	976.75	16.768646	995.0	955.0	959.0	70.669655	1000.0	750.0	1000.0	1000.0	1135999	112.7749	4.5333214	128.76483	54.501812	-112.948074	0.13211267	22639.529592990875
285	963.75	24.681725	996.0	933.0	975.1	8.780091	989.0	960.0	1000.0	1000.0	1139999	112.57991	4.318395	127.677216	54.389378	-112.74802	0.12576778	22722.044971227646
286	981.75	4.656984	988.0	975.0	982.1	13.938795	998.0	947.0	1000.0	1000.0	1143999	112.51535	4.3007946	129.26031	55.754852	-112.69161	0.12730183	22804.61415195465
287	977.25	5.1173725	985.0	971.0	988.5	11.868025	1000.0	972.0	1000.0	1000.0	1147999	112.52122	4.2451906	130.27007	58.720837	-112.69433	0.12694253	22886.984184503555
288	823.0	237.73305	996.0	418.0	881.2	293.8662	1000.0	0.0	1000.0	1000.0	1151999	112.47811	4.18858	146.56091	60.922543	-112.6483	0.1280828	22969.36768555641
289	971.75	17.268106	984.0	942.0	926.0	148.52408	994.0	482.0	1000.0	1000.0	1155999	112.44064	4.2978296	148.60664	60.821617	-112.606705	0.1304446	23051.954739570618
290	984.5	12.776933	1000.0	965.0	978.1	22.35822	1000.0	916.0	1000.0	1000.0	1159999	112.34612	4.52837	162.17662	55.674973	-112.51627	0.13085388	23134.248960256577
291	610.75	399.2896	995.0	14.0	526.7	405.82288	1000.0	15.0	1000.0	1000.0	1163999	112.26358	4.61591	178.1173	54.671825	-112.43468	0.13903943	23216.718742132187
292	659.25	269.33844	990.0	265.0	838.0	289.911	998.0	13.0	1000.0	1000.0	1167999	112.52549	5.0616007	181.78946	55.260933	-112.71494	0.15472758	23298.836469888687
293	875.25	150.83994	983.0	618.0	671.2	384.28604	1000.0	0.0	1000.0	1000.0	1171999	112.77552	5.703908	183.47368	55.54996	-112.96441	0.16402225	23381.284415721893
294	706.25	341.22162	996.0	154.0	761.6	376.82654	987.0	7.0	1000.0	1000.0	1175999	113.04024	5.594369	153.91003	63.578114	-113.22613	0.16120133	23463.767858028412
295	986.5	12.757351	997.0	965.0	984.7	10.789347	1000.0	968.0	1000.0	1000.0	1179999	113.07744	5.2532487	138.0644	56.021065	-113.25664	0.1688397	23546.28760123253
296	750.0	388.96466	1000.0	78.0	925.6	149.21205	1000.0	488.0	1000.0	1000.0	1183999	113.33352	5.175808	137.28455	53.016056	-113.53015	0.16638757	23628.673664569855
297	979.25	8.584143	993.0	972.0	779.0	389.7779	993.0	0.0	1000.0	1000.0	1187999	113.56303	5.4023056	138.2396	45.832493	-113.75291	0.1586224	23710.91848063469
298	971.5	10.781929	987.0	958.0	958.0	66.42289	996.0	762.0	1000.0	1000.0	1191999	113.65689	5.52467	149.58842	42.8933	-113.835686	0.1493284	23793.222201108932
299	972.0	18.748333	998.0	945.0	861.7	292.29886	995.0	5.0	1000.0	1000.0	1195999	113.83335	6.280037	162.6834	59.732014	-114.043564	0.15525602	23875.48368883133
300	978.5	3.2015622	983.0	974.0	984.0	8.637129	995.0	969.0	1000.0	1000.0	1199999	114.86915	8.280552	184.93575	62.96801	-115.12325	0.16709152	23957.562792539597
301	519.0	470.37378	997.0	0.0	786.2	387.89993	1000.0	9.0	1000.0	1000.0	1203999	116.06805	10.930355	214.05247	64.81087	-116.338066	0.1887283	24039.765965938568
302	256.75	422.79095	989.0	5.0	539.9	458.11493	990.0	0.0	1000.0	1000.0	1207999	118.1213	15.926593	263.2815	64.99891	-118.47472	0.23646182	24122.008252859116
303	450.5	423.31873	992.0	0.0	762.5	379.7305	996.0	12.0	1000.0	1000.0	1211999	121.66807	20.959457	264.4903	62.592182	-122.17281	0.31429383	24204.440685749054
304	331.25	370.3089	906.0	0.0	347.2	439.90927	1000.0	0.0	1000.0	1000.0	1215999	126.78488	23.305689	266.5624	63.249104	-127.36142	0.36081162	24286.779784202576
305	734.25	413.83414	987.0	18.0	208.8	386.10123	997.0	0.0	1000.0	1000.0	1219999	130.53041	23.424902	255.89224	64.06167	-130.95499	0.42311767	24369.27322435379
306	197.0	341.21402	788.0	0.0	520.4	455.67624	977.0	0.0	1000.0	1000.0	1223999	130.46678	19.424543	225.8236	60.25988	-130.7946	0.407598	24451.454312324524
307	721.5	417.53473	995.0	0.0	730.4	398.18317	995.0	0.0	1000.0	1000.0	1227999	130.22942	16.665808	206.5287	64.7253	-130.54698	0.36058253	24533.764763832092
308	686.75	399.77454	977.0	0.0	517.3	467.6948	994.0	0.0	1000.0	1000.0	1231999	128.60838	14.642013	184.74838	65.091934	-128.84166	0.3246598	24615.994155168533
309	700.5	345.89774	988.0	111.0	795.2	378.12082	1000.0	0.0	1000.0	1000.0	1235999	126.5148	12.880044	171.96072	42.380466	-126.735596	0.299126	24698.339559793472
310	868.5	193.76468	1000.0	534.0	725.4	389.6653	998.0	0.0	1000.0	1000.0	1239999	124.67033	11.500151	158.55603	25.335798	-124.888084	0.2812558	24780.94287753105
311	906.25	45.41682	971.0	854.0	972.7	18.406792	998.0	925.0	1000.0	1000.0	1243999	123.4093	10.487691	151.07101	20.068142	-123.65052	0.2542471	24863.512240171432
312	971.0	20.506096	997.0	941.0	923.8	145.52786	996.0	496.0	1000.0	1000.0	1247999	122.69148	9.984224	146.36345	-0.052249193	-122.935776	0.24527225	24946.12271142006
313	590.75	402.74518	969.0	10.0	720.4	395.47012	984.0	12.0	1000.0	1000.0	1251999	122.10024	9.88475	146.4306	-4.5737906	-122.34157	0.26380798	25028.909094810486
314	901.5	52.889034	980.0	843.0	706.0	414.73727	994.0	0.0	1000.0	1000.0	1255999	121.22215	9.310508	147.88493	-3.4454885	-121.4483	0.23428065	25111.723799943924
315	724.75	418.5746	978.0	0.0	883.0	243.86143	991.0	154.0	1000.0	1000.0	1259999	120.72637	8.493186	145.0155	7.3455343	-120.97448	0.22159253	25194.652986049652
316	804.75	201.54451	991.0	505.0	771.5	361.83676	986.0	0.0	1000.0	1000.0	1263999	120.63638	8.096267	144.15785	24.220293	-120.8989	0.22424309	25277.368059635162
317	725.0	418.84244	988.0	0.0	864.4	223.80312	995.0	262.0	1000.0	1000.0	1267999	120.35264	7.411786	143.64787	44.15318	-120.58563	0.2146953	25360.129804372787
318	975.5	12.093387	995.0	964.0	869.8	291.2366	994.0	0.0	1000.0	1000.0	1271999	119.84946	6.615338	142.79602	55.513885	-120.07676	0.20938236	25443.070400476456
319	917.25	59.115883	998.0	832.0	828.1	223.94394	992.0	289.0	1000.0	1000.0	1275999	119.34065	6.088107	149.83609	57.454247	-119.567474	0.2032487	25526.12643456459
320	624.75	397.7734	988.0	0.0	762.3	385.05817	1000.0	0.0	1000.0	1000.0	1279999	118.75625	6.097237	150.31833	55.57305	-118.985634	0.20405361	25609.06145119667
321	644.25	401.74704	993.0	12.0	758.8	385.0524	998.0	8.0	1000.0	1000.0	1283999	118.76099	6.612967	157.60683	51.53279	-119.02082	0.21105978	25691.874545812607
322	503.5	480.21063	1000.0	12.0	637.5	425.78262	988.0	0.0	1000.0	1000.0	1287999	118.67883	6.981061	157.39847	54.750706	-118.91041	0.22381222	25774.556656360626
323	810.0	226.46191	957.0	419.0	880.1	245.57094	1000.0	166.0	1000.0	1000.0	1291999	118.45565	7.352929	155.99275	65.897026	-118.69309	0.2086081	25857.359803438187
324	975.75	16.437382	998.0	954.0	650.9	429.07376	991.0	0.0	1000.0	1000.0	1295999	118.29975	8.225092	163.7311	64.831696	-118.537674	0.22412723	25940.08354330063
325	636.0	386.2946	981.0	10.0	882.8	288.08325	994.0	19.0	1000.0	1000.0	1299999	117.96657	8.554202	164.67311	43.55539	-118.17503	0.2293175	26022.75654220581
326	954.25	24.43742	977.0	916.0	874.2	278.59677	996.0	42.0	1000.0	1000.0	1303999	117.2288	8.549387	158.81573	22.83024	-117.43803	0.22318976	26105.743982553482
327	725.0	414.43878	985.0	8.0	969.5	53.97268	997.0	809.0	1000.0	1000.0	1307999	116.89763	8.626796	155.42319	23.26758	-117.11509	0.2121461	26188.429450511932
328	973.25	16.437382	993.0	957.0	978.5	8.381527	998.0	966.0	1000.0	1000.0	1311999	116.80314	8.587459	152.34032	44.157764	-117.043175	0.21790567	26270.97977232933
329	940.5	46.306046	993.0	874.0	773.8	387.37677	998.0	0.0	1000.0	1000.0	1315999	117.18526	8.516848	150.39726	45.61282	-117.44589	0.20688535	26353.73906135559
330	292.0	401.674	982.0	0.0	784.0	346.7417	995.0	33.0	1000.0	1000.0	1319999	117.46021	8.147575	149.48424	58.95175	-117.702354	0.20916322	26436.67343187332
331	796.75	339.36807	1000.0	209.0	788.9	385.90527	1000.0	12.0	1000.0	1000.0	1323999	117.34953	7.691246	150.56546	66.05764	-117.59061	0.22105026	26519.50333547592
332	909.25	126.77613	989.0	690.0	849.7	298.5177	997.0	0.0	1000.0	1000.0	1327999	117.40381	7.741489	150.87233	63.67151	-117.652565	0.22678754	26602.330671072006
333	986.0	10.319883	1000.0	971.0	858.7	246.15445	1000.0	247.0	1000.0	1000.0	1331999	117.52047	7.958428	149.4949	67.787834	-117.763435	0.22393844	26685.0768597126
334	936.5	41.167343	980.0	870.0	979.0	8.763561	989.0	957.0	1000.0	1000.0	1335999	117.46919	8.069516	149.2052	65.60617	-117.70972	0.22146519	26767.757299900055
335	981.0	2.738613	984.0	977.0	878.5	293.48672	1000.0	0.0	1000.0	1000.0	1339999	117.40686	8.1479645	157.61288	64.33213	-117.64331	0.20889938	26850.420679330826
336	885.5	182.24915	1000.0	570.0	805.5	306.07916	997.0	0.0	1000.0	1000.0	1343999	117.30143	7.809549	178.57207	66.569885	-117.53652	0.20714769	26933.0321495533
337	980.25	15.9902315	997.0	957.0	767.9	324.15195	996.0	0.0	1000.0	1000.0	1347999	117.2	7.365695	170.74536	53.324978	-117.43759	0.20022434	27015.946528434753
338	892.75	135.10806	979.0	659.0	796.4	247.81049	993.0	288.0	1000.0	1000.0	1351999	117.23143	7.0447855	168.63591	48.21715	-117.46478	0.20253819	27098.982411623
339	653.75	384.65527	961.0	3.0	497.7	486.80634	996.0	0.0	1000.0	1000.0	1355999	116.87765	6.7026834	169.14075	41.349262	-117.0946	0.20652059	27181.842724323273
340	473.5	387.39484	977.0	27.0	763.9	377.18918	993.0	7.0	1000.0	1000.0	1359999	116.46787	6.5851455	192.67807	46.38253	-116.68243	0.21935809	27264.80716562271
341	966.25	16.223055	984.0	940.0	857.5	294.2313	998.0	0.0	1000.0	1000.0	1363999	116.12568	6.545675	194.35274	57.73024	-116.34089	0.22924957	27347.81938648224
342	974.0	15.984367	1000.0	959.0	980.0	15.446683	1000.0	952.0	1000.0	1000.0	1367999	115.79051	6.6258364	193.89836	60.427414	-116.00972	0.22243841	27430.715418100357
343	924.5	84.470406	986.0	779.0	712.8	376.89038	998.0	0.0	1000.0	1000.0	1371999	115.67543	6.7192273	185.53674	63.01643	-115.89377	0.23647666	27513.632601499557
344	859.25	191.26732	985.0	529.0	924.6	155.68121	1000.0	461.0	1000.0	1000.0	1375999	115.49244	6.4475894	166.94608	57.344868	-115.70539	0.22381246	27596.615277290344
345	973.75	15.270478	1000.0	962.0	639.0	447.8667	1000.0	0.0	1000.0	1000.0	1379999	115.22907	6.2607183	160.38518	51.85734	-115.44551	0.20751788	27679.58060026169
346	987.0	6.041523	993.0	980.0	768.9	389.26303	1000.0	0.0	1000.0	1000.0	1383999	115.11561	6.15297	141.53099	45.27693	-115.340225	0.21986805	27762.426313877106
347	986.25	11.388042	996.0	967.0	813.6	289.17993	996.0	28.0	1000.0	1000.0	1387999	115.41555	6.2934155	139.62613	28.798584	-115.66206	0.24087143	27845.317278385162
348	831.25	286.53915	1000.0	335.0	874.2	291.92184	1000.0	0.0	1000.0	1000.0	1391999	115.61727	6.974929	140.98073	21.328186	-115.838455	0.2341747	27928.371210575104
349	986.75	8.75714	1000.0	976.0	925.3	169.60545	1000.0	418.0	1000.0	1000.0	1395999	115.33033	7.1208186	138.43228	19.97802	-115.53811	0.2260146	28011.268450021744
350	979.5	13.756817	991.0	956.0	983.5	11.884864	1000.0	963.0	1000.0	1000.0	1399999	115.12493	6.68296	134.67755	13.101359	-115.34369	0.20673208	28094.20897960663
351	741.0	417.42844	985.0	18.0	644.9	432.22064	995.0	0.0	1000.0	1000.0	1403999	115.00038	6.519674	133.48079	10.378823	-115.21593	0.20219305	28177.179364204407
352	985.0	4.9497476	990.0	977.0	890.5	294.3074	1000.0	8.0	1000.0	1000.0	1407999	114.77894	6.7325444	134.03844	12.584962	-114.98566	0.20422928	28259.97652053833
353	715.25	411.806	997.0	7.0	690.7	446.54855	1000.0	0.0	1000.0	1000.0	1411999	114.82255	6.580843	133.7957	11.016843	-115.059845	0.20703222	28342.79333138466
354	811.5	244.1777	973.0	391.0	885.2	291.61578	999.0	11.0	1000.0	1000.0	1415999	115.05422	6.844153	136.25832	8.597048	-115.28469	0.2117905	28425.558681488037
355	796.0	309.8548	998.0	260.0	755.4	382.93216	991.0	0.0	1000.0	1000.0	1419999	115.13503	7.2921467	137.44482	4.0202994	-115.364624	0.20470783	28508.69228887558
356	935.25	80.657845	1000.0	798.0	888.8	296.4243	1000.0	0.0	1000.0	1000.0	1423999	115.51064	7.842267	136.81778	-7.335641	-115.7519	0.23222324	28591.785111665726
357	727.25	386.7198	975.0	59.0	910.3	98.303665	992.0	717.0	1000.0	1000.0	1427999	115.46979	8.052586	137.21498	-4.9792905	-115.70945	0.24662995	28674.65542626381
358	617.0	406.55936	996.0	1.0	902.9	214.96114	1000.0	261.0	1000.0	1000.0	1431999	115.64156	7.9997754	144.56844	5.071165	-115.87013	0.24133915	28757.744557142258
359	567.5	394.03647	952.0	20.0	874.4	292.6121	994.0	0.0	1000.0	1000.0	1435999	115.58133	7.941662	142.25925	16.704258	-115.813	0.257367	28840.683150291443
360	822.75	228.07057	975.0	429.0	885.7	290.38666	998.0	15.0	1000.0	1000.0	1439999	115.70899	7.802632	144.05835	14.63497	-115.95702	0.26035666	28923.66869544983
361	977.25	13.845125	994.0	956.0	758.7	357.27188	1000.0	10.0	1000.0	1000.0	1443999	116.02208	7.96744	145.8677	7.6867895	-116.273735	0.26318523	29006.661550998688
362	732.25	316.75098	991.0	210.0	978.1	9.481033	991.0	959.0	1000.0	1000.0	1447999	116.14401	8.242905	146.71744	3.4895794	-116.387115	0.24171887	29089.637161016464
363	936.25	68.73636	987.0	819.0	869.0	192.03073	998.0	403.0	1000.0	1000.0	1451999	116.16329	8.15275	146.94975	5.248558	-116.404526	0.25087026	29172.775405168533
364	889.0	168.63126	992.0	597.0	980.3	13.9	1000.0	962.0	1000.0	1000.0	1455999	116.37184	7.7688107	146.01022	23.40181	-116.631805	0.25783575	29255.98606610298
365	972.75	8.257572	981.0	960.0	987.1	9.180959	1000.0	969.0	1000.0	1000.0	1459999	116.81471	7.979771	145.99901	22.948614	-117.09442	0.25192112	29338.995054006577
366	981.0	11.445523	1000.0	972.0	885.7	275.90872	1000.0	59.0	1000.0	1000.0	1463999	117.3278	8.411715	145.64546	18.566889	-117.5953	0.25149783	29421.981384515762
367	986.0	8.774964	995.0	973.0	944.0	98.33311	1000.0	663.0	1000.0	1000.0	1467999	117.48366	8.727309	147.83351	14.3610735	-117.74508	0.24585587	29504.834149837494
368	976.0	17.67767	991.0	946.0	833.6	303.03503	998.0	0.0	1000.0	1000.0	1471999	117.82679	8.67796	148.95483	15.449055	-118.097626	0.25942907	29587.800149440765
369	908.25	141.07156	995.0	664.0	677.5	443.32568	991.0	0.0	1000.0	1000.0	1475999	118.13103	8.405832	146.74292	21.518654	-118.41268	0.2659406	29670.758548498154
370	975.5	13.388428	989.0	954.0	882.6	290.74738	997.0	11.0	1000.0	1000.0	1479999	118.36058	8.592006	151.04807	22.5803	-118.61602	0.27131915	29753.98169350624
371	933.25	45.10751	968.0	856.0	862.0	289.56863	1000.0	8.0	1000.0	1000.0	1483999	118.26952	8.946513	151.23323	14.62985	-118.52508	0.27278796	29837.104370355606
372	977.25	17.383541	995.0	957.0	677.0	443.47784	988.0	0.0	1000.0	1000.0	1487999	118.20522	8.937163	151.95164	12.548947	-118.45314	0.27194282	29920.21024465561
373	957.25	51.63514	994.0	869.0	884.0	293.06995	991.0	5.0	1000.0	1000.0	1491999	117.98321	8.840648	150.03772	18.95006	-118.221954	0.26294407	30003.100820302963
374	980.0	14.949917	1000.0	958.0	904.2	153.90178	993.0	481.0	1000.0	1000.0	1495999	117.42687	8.579537	154.67502	21.308693	-117.63758	0.24863453	30086.149059534073
375	985.0	16.20185	999.0	958.0	887.7	290.15515	999.0	18.0	1000.0	1000.0	1499999	116.52761	8.260656	156.2316	27.195759	-116.73169	0.23761359	30169.266825914383
376	703.0	311.02008	1000.0	215.0	958.8	43.00651	994.0	844.0	1000.0	1000.0	1503999	115.79355	7.9650903	157.11205	29.049282	-115.98875	0.23854251	30252.482830286026
377	826.25	237.68716	990.0	416.0	920.6	110.55152	994.0	684.0	1000.0	1000.0	1507999	114.93039	7.586805	154.69945	37.87692	-115.120445	0.23227923	30335.36127305031
378	983.25	16.976086	997.0	955.0	900.5	140.07373	987.0	520.0	1000.0	1000.0	1511999	114.40242	7.4059634	149.58015	25.78718	-114.61321	0.23440064	30418.22999238968
379	886.75	156.14796	990.0	617.0	953.9	67.77677	993.0	753.0	1000.0	1000.0	1515999	114.10769	7.299545	147.62704	14.22945	-114.30759	0.24259776	30501.250359535217
380	979.75	10.662434	995.0	965.0	768.9	386.49512	999.0	0.0	1000.0	1000.0	1519999	113.70138	7.072918	148.31647	17.505507	-113.90754	0.2342283	30584.228064775467
381	827.75	283.9845	1000.0	336.0	988.5	8.581958	1000.0	975.0	1000.0	1000.0	1523999	113.46055	6.565457	147.5862	42.19962	-113.66199	0.22703914	30667.28512263298
382	777.0	216.64833	993.0	452.0	871.3	290.629	991.0	0.0	1000.0	1000.0	1527999	113.22811	6.420404	148.00488	45.820435	-113.43253	0.2229108	30750.390090465546
383	938.5	70.53545	986.0	817.0	776.0	378.7733	987.0	0.0	1000.0	1000.0	1531999	113.20065	6.878253	150.83995	43.254967	-113.423256	0.21655704	30833.350298166275
384	830.75	258.5202	984.0	383.0	985.8	10.332474	1000.0	969.0	1000.0	1000.0	1535999	113.51869	7.4501877	149.88498	42.586605	-113.74994	0.22890064	30916.27226638794
385	963.0	44.56456	999.0	887.0	834.1	310.89243	992.0	5.0	1000.0	1000.0	1539999	113.56692	8.006575	149.51955	29.55736	-113.77164	0.23083293	30999.29724574089
386	982.5	4.031129	987.0	978.0	975.5	15.305228	995.0	939.0	1000.0	1000.0	1543999	113.23244	7.796933	147.25002	25.466208	-113.43071	0.2186232	31082.57537674904
387	961.25	46.71389	999.0	882.0	981.7	8.8775	997.0	965.0	1000.0	1000.0	1547999	112.92236	7.421035	141.17621	10.436131	-113.11816	0.20631804	31165.53984260559
388	979.5	14.991664	995.0	955.0	980.7	21.330963	1000.0	939.0	1000.0	1000.0	1551999	112.72538	6.8857465	138.65137	10.83275	-112.929535	0.20451519	31248.619109869003
389	982.0	11.224972	996.0	970.0	985.9	8.653901	1000.0	973.0	1000.0	1000.0	1555999	112.78935	6.625758	136.4525	16.478727	-113.00944	0.21566598	31331.69723200798
390	987.75	13.273564	999.0	966.0	799.4	380.46793	1000.0	11.0	1000.0	1000.0	1559999	113.13434	6.515925	143.62839	33.09978	-113.373436	0.2331402	31414.598917007446
391	879.75	137.41975	974.0	643.0	956.3	49.928047	1000.0	848.0	1000.0	1000.0	1563999	113.55212	6.3458257	154.33557	34.968376	-113.78985	0.2335184	31497.633482933044
392	908.25	110.24377	990.0	719.0	760.9	334.98163	993.0	137.0	1000.0	1000.0	1567999	113.82966	6.1087837	166.06656	32.90231	-114.048904	0.22349414	31580.74958205223
393	917.25	70.5421	987.0	829.0	869.6	291.99802	992.0	0.0	1000.0	1000.0	1571999	113.85703	6.008629	175.3887	29.446466	-114.08175	0.22247602	31663.988054037094
394	948.5	67.359116	993.0	832.0	971.3	26.992777	1000.0	901.0	1000.0	1000.0	1575999	113.83624	5.902164	178.6009	30.18052	-114.048546	0.2215451	31747.059309720993
395	938.25	56.724663	988.0	843.0	983.8	9.6312	995.0	962.0	1000.0	1000.0	1579999	113.56414	6.127747	170.42601	25.394236	-113.766716	0.21387264	31830.114183187485
396	713.25	414.2906	992.0	0.0	885.1	295.1357	996.0	0.0	1000.0	1000.0	1583999	113.35825	6.6901064	170.11455	6.867248	-113.57375	0.22061406	31913.0997338295
397	519.5	471.11066	1000.0	5.0	924.4	166.31548	993.0	427.0	1000.0	1000.0	1587999	113.1949	6.8715835	173.42215	2.7374299	-113.40489	0.23408781	31996.125999689102
398	966.0	11.895377	981.0	949.0	885.2	295.20154	997.0	0.0	1000.0	1000.0	1591999	113.19501	7.002805	171.05661	3.3995357	-113.41669	0.2330962	32079.170895576477
399	956.5	40.090523	1000.0	894.0	791.9	383.39914	997.0	0.0	1000.0	1000.0	1595999	113.32539	7.114512	169.05328	3.4026513	-113.55036	0.23940738	32162.179602861404
400	892.5	150.66934	994.0	632.0	884.8	295.0328	999.0	0.0	1000.0	1000.0	1599999	113.38866	6.7912602	166.88103	4.9745502	-113.60262	0.24685575	32245.367577314377
401	914.25	98.53521	982.0	745.0	961.0	24.617067	992.0	909.0	1000.0	1000.0	1603999	113.33532	6.678204	165.75186	10.585313	-113.55681	0.24016993	32328.352053165436
402	974.25	22.62051	1000.0	943.0	967.6	49.384613	993.0	822.0	1000.0	1000.0	1607999	113.37508	6.525909	166.98064	15.712635	-113.587326	0.24826103	32411.50941133499
403	941.5	38.72015	978.0	877.0	952.7	82.10244	990.0	708.0	1000.0	1000.0	1611999	113.20765	6.6226797	161.04933	-7.7370863	-113.417854	0.24793507	32494.59999895096
404	939.0	60.41109	984.0	837.0	974.2	22.780695	994.0	913.0	1000.0	1000.0	1615999	113.0418	6.7467184	197.3944	21.016459	-113.25192	0.2388833	32577.636404275894
405	719.75	403.66904	991.0	24.0	978.4	20.190096	995.0	934.0	1000.0	1000.0	1619999	112.90938	6.910537	207.6041	32.205196	-113.11856	0.23953158	32660.818583488464
406	978.0	22.394196	1000.0	941.0	968.3	50.931427	1000.0	819.0	1000.0	1000.0	1623999	113.09739	6.8027267	207.65413	30.342817	-113.33611	0.23737147	32743.584989070892
407	603.75	259.74255	972.0	279.0	975.5	21.597454	996.0	918.0	1000.0	1000.0	1627999	113.60126	7.2383347	233.4637	39.44504	-113.843346	0.24131969	32826.64059519768
408	773.75	363.2708	997.0	145.0	968.8	38.75771	999.0	856.0	1000.0	1000.0	1631999	113.91575	7.5452337	260.23114	40.892914	-114.14935	0.23797727	32909.754133701324
409	986.0	12.629331	998.0	965.0	979.6	7.8638415	994.0	967.0	1000.0	1000.0	1635999	113.69286	7.6281805	286.7341	28.87769	-113.89939	0.23337072	32992.87467598915
410	983.5	9.604687	991.0	967.0	880.6	293.67743	995.0	0.0	1000.0	1000.0	1639999	113.58109	8.14047	318.93185	23.873579	-113.806595	0.2415554	33076.023997306824
411	979.25	9.627435	988.0	964.0	976.0	9.486833	990.0	960.0	1000.0	1000.0	1643999	113.6332	8.848667	333.97705	9.85962	-113.8517	0.2463127	33159.20039176941
412	985.75	7.361216	994.0	974.0	824.3	318.81	985.0	0.0	1000.0	1000.0	1647999	113.43396	9.448338	341.4561	-19.306849	-113.650375	0.23227766	33242.12105035782
413	982.5	10.210289	1000.0	975.0	855.7	296.61392	1000.0	0.0	1000.0	1000.0	1651999	113.33115	9.78135	349.18124	-22.670647	-113.53872	0.23171285	33325.08842539787
414	982.0	3.1622777	986.0	978.0	967.5	46.643864	1000.0	831.0	1000.0	1000.0	1655999	113.06712	10.05892	362.48538	-20.965149	-113.27942	0.23725443	33408.26236510277
415	986.25	8.954747	1000.0	975.0	969.6	35.34459	1000.0	880.0	1000.0	1000.0	1659999	113.07917	10.579552	372.2626	-26.597265	-113.31647	0.2507586	33491.38866996765
416	696.25	407.04446	986.0	0.0	914.5	193.84904	997.0	336.0	1000.0	1000.0	1663999	113.99153	21.890587	1937.5563	-36.411564	-114.271935	0.5580632	33574.60048985481
417	579.0	416.26614	981.0	0.0	692.8	451.211	1000.0	0.0	1000.0	1000.0	1667999	115.63737	31.692032	2370.8564	-48.99584	-115.94266	1.2954373	33657.73594045639
418	984.5	18.445868	998.0	953.0	578.0	472.35663	991.0	0.0	1000.0	1000.0	1671999	117.74775	41.04067	2291.56	-27.598572	-118.10767	0.51428664	33740.67640018463
419	488.75	486.25528	977.0	0.0	487.7	454.24246	993.0	0.0	1000.0	1000.0	1675999	120.44871	44.749565	1920.2773	-6.782711	-120.843704	1.0729134	33823.912189245224
420	886.75	129.29497	981.0	665.0	461.9	429.22427	986.0	0.0	1000.0	1000.0	1679999	124.01798	48.728134	1667.9094	5.0597463	-124.516716	0.98020643	33906.946789979935
421	587.25	372.37573	960.0	150.0	315.0	363.19748	998.0	0.0	1000.0	1000.0	1683999	130.85062	43.596855	1381.2635	9.473795	-131.84265	0.84484243	33990.0957262516
422	506.25	364.9112	959.0	0.0	132.1	199.40634	478.0	0.0	1000.0	1000.0	1687999	144.37445	48.64524	1108.1266	-4.9063816	-145.36899	0.63821036	34073.103733062744
423	184.0	196.7384	474.0	0.0	65.7	106.26857	302.0	0.0	1000.0	1000.0	1691999	150.70512	44.846016	942.3591	-3.8212419	-151.64322	0.81519645	34156.15777802467
424	44.5	70.867836	167.0	0.0	41.8	78.56946	208.0	0.0	1000.0	1000.0	1695999	155.99054	38.315273	794.49316	-0.6909485	-156.58131	0.7556372	34239.48794913292
425	80.75	138.13647	320.0	0.0	134.7	300.67624	982.0	0.0	1000.0	1000.0	1699999	149.9768	34.735023	669.4777	-6.349634	-150.01463	0.90341663	34322.610805273056
426	329.0	399.70175	979.0	0.0	347.1	443.84625	1000.0	0.0	1000.0	1000.0	1703999	142.19601	29.776731	560.47516	-8.708475	-142.54666	1.034043	34405.569464445114
427	495.75	491.81418	998.0	0.0	576.2	465.717	984.0	0.0	1000.0	1000.0	1707999	139.21504	23.467344	471.43796	-5.4044	-139.46104	0.66547084	34488.46155810356
428	880.25	134.94698	988.0	653.0	680.1	437.40997	1000.0	0.0	1000.0	1000.0	1711999	134.07655	19.61371	402.34064	-2.3948216	-134.26242	0.5374326	34571.35667991638
429	980.0	5.147815	988.0	975.0	737.3	398.57422	1000.0	5.0	1000.0	1000.0	1715999	129.65158	16.308702	334.7472	-0.8448999	-129.85628	0.49911273	34654.25262904167
430	614.5	405.89438	989.0	14.0	764.9	383.56134	997.0	0.0	1000.0	1000.0	1719999	126.32281	13.837214	278.05267	7.033747	-126.521126	0.430714	34737.334007024765
431	525.25	450.14352	981.0	1.0	787.2	378.24353	991.0	20.0	1000.0	1000.0	1723999	122.81782	13.237067	229.83966	23.507534	-123.01397	0.43423918	34820.14770412445
432	661.75	394.50244	969.0	0.0	882.4	290.8925	999.0	11.0	1000.0	1000.0	1727999	121.43718	11.961234	197.90305	29.131401	-121.73036	0.4175674	34902.94427275658
433	969.5	22.410934	998.0	939.0	879.1	290.77808	994.0	9.0	1000.0	1000.0	1731999	120.73669	10.277996	173.98901	19.957918	-121.00601	0.4059091	34985.70731806755
434	872.25	190.10835	984.0	543.0	613.7	424.55603	991.0	0.0	1000.0	1000.0	1735999	119.29522	10.232465	148.17386	19.521957	-119.52379	0.39045548	35068.6321709156
435	980.0	8.860023	990.0	967.0	878.8	290.80054	989.0	7.0	1000.0	1000.0	1739999	118.04553	10.374746	140.36359	24.690874	-118.28647	0.35456866	35151.615540504456
436	978.25	15.769829	995.0	962.0	953.2	60.50256	1000.0	833.0	1000.0	1000.0	1743999	117.08684	10.384993	137.02692	16.411903	-117.32881	0.32756665	35234.47223854065
437	951.25	29.67638	983.0	904.0	626.8	430.68616	983.0	0.0	1000.0	1000.0	1747999	116.39563	10.277718	142.55927	23.17768	-116.64134	0.34529877	35317.24633479118
438	969.75	24.252577	988.0	928.0	734.4	394.37476	995.0	0.0	1000.0	1000.0	1751999	115.70051	10.396156	146.83655	21.109203	-115.94596	0.34127003	35400.16183924675
439	962.5	13.683932	984.0	946.0	786.0	388.1868	999.0	5.0	1000.0	1000.0	1755999	115.63864	11.006375	145.25008	9.548649	-115.92089	0.32405463	35483.06629037857
440	971.25	18.64638	989.0	944.0	683.5	440.99893	985.0	0.0	1000.0	1000.0	1759999	115.82658	11.195838	143.11302	9.804339	-116.10072	0.3214685	35565.7196393013
441	838.25	207.81046	980.0	481.0	987.3	8.025584	996.0	971.0	1000.0	1000.0	1763999	115.58772	11.281253	142.37482	9.483813	-115.82839	0.31289145	35648.75705695152
442	949.0	27.3313	984.0	912.0	973.7	15.349593	996.0	949.0	1000.0	1000.0	1767999	115.03408	11.594935	137.81631	5.179491	-115.270905	0.29999658	35731.67704176903
443	867.75	201.73915	1000.0	519.0	955.1	56.14348	991.0	796.0	1000.0	1000.0	1771999	114.39108	11.803794	135.1756	4.1387615	-114.620316	0.30313122	35814.63734006882
444	880.0	186.10078	999.0	558.0	949.1	93.02844	1000.0	674.0	1000.0	1000.0	1775999	114.07034	11.528913	132.89691	5.5357513	-114.315796	0.2951742	35897.467029333115
445	957.0	51.541245	993.0	868.0	984.6	11.473448	998.0	958.0	1000.0	1000.0	1779999	113.79665	11.691969	130.58478	13.39169	-114.0322	0.28727576	35980.42796635628
446	707.25	408.72446	961.0	0.0	886.4	199.66783	998.0	373.0	1000.0	1000.0	1783999	113.49535	11.397167	130.08379	14.406222	-113.73531	0.2739028	36063.30406832695
447	688.25	391.52673	992.0	31.0	982.6	15.376605	1000.0	956.0	1000.0	1000.0	1787999	113.64852	11.023822	130.45885	16.094524	-113.913666	0.28224456	36146.18997311592
448	984.0	19.595919	1000.0	952.0	958.0	43.90672	997.0	839.0	1000.0	1000.0	1791999	113.91744	10.5595255	128.03624	17.230587	-114.17297	0.2855357	36228.87021565437
449	974.25	15.497984	998.0	959.0	977.5	11.834272	993.0	948.0	1000.0	1000.0	1795999	113.6627	10.4563875	126.124214	15.678343	-113.89352	0.27331683	36311.479226112366
450	974.75	17.921705	1000.0	955.0	979.4	8.345058	1000.0	969.0	1000.0	1000.0	1799999	113.50848	10.322884	128.3285	16.090992	-113.75353	0.2901593	36394.553048849106
451	958.75	14.652218	984.0	948.0	978.0	14.9733095	994.0	944.0	1000.0	1000.0	1803999	113.57155	10.651677	131.9455	21.66404	-113.8304	0.2925588	36477.40963602066
452	977.0	8.306623	990.0	968.0	981.7	8.7412815	1000.0	970.0	1000.0	1000.0	1807999	113.77564	11.2868185	133.50885	15.954643	-114.02839	0.30311772	36560.43917584419
453	940.0	30.757113	968.0	894.0	874.8	291.7632	988.0	0.0	1000.0	1000.0	1811999	113.66844	11.545857	134.234	11.963203	-113.914055	0.30254087	36643.26713824272
454	984.25	12.214233	1000.0	966.0	828.9	308.9833	1000.0	177.0	1000.0	1000.0	1815999	113.57164	11.844892	134.94423	11.016446	-113.81903	0.31315604	36726.116475343704
455	953.75	21.533403	977.0	928.0	947.4	96.91667	994.0	662.0	1000.0	1000.0	1819999	113.55645	11.90652	133.26152	8.542509	-113.7962	0.30779088	36809.191098213196
456	975.0	22.671568	995.0	937.0	928.0	118.384964	991.0	577.0	1000.0	1000.0	1823999	113.24631	12.438082	132.49718	4.1224527	-113.47192	0.3300373	36892.05089306831
457	981.0	10.977249	996.0	965.0	977.1	10.064293	993.0	961.0	1000.0	1000.0	1827999	112.83558	12.847044	131.52126	4.1274934	-113.06978	0.31911615	36974.88418483734
458	990.0	9.137834	1000.0	977.0	899.8	144.76588	995.0	561.0	1000.0	1000.0	1831999	112.67251	12.946476	132.06287	4.1334796	-112.90805	0.31091747	37057.66087293625
459	981.75	8.613216	996.0	973.0	973.9	13.479244	990.0	951.0	1000.0	1000.0	1835999	112.61477	13.096091	137.26378	4.140014	-112.85469	0.33868933	37140.58448600769
460	990.0	6.4420495	1000.0	983.0	708.3	410.31012	996.0	0.0	1000.0	1000.0	1839999	112.78696	13.988143	144.4859	4.1557894	-113.05087	0.30673072	37223.48383808136
461	966.75	11.903255	978.0	950.0	980.9	13.284955	996.0	952.0	1000.0	1000.0	1843999	113.19434	14.2347355	145.45355	4.1761494	-113.460846	0.31661364	37306.1871304512
462	977.75	7.3950996	985.0	966.0	931.3	149.40352	993.0	484.0	1000.0	1000.0	1847999	113.46548	14.568844	148.505	4.2017727	-113.73333	0.31553546	37389.02194857597
463	812.25	231.40265	984.0	415.0	938.1	144.33327	999.0	506.0	1000.0	1000.0	1851999	113.8709	14.669635	147.87381	4.231461	-114.143684	0.31903133	37471.95297122002
464	979.75	11.4537115	990.0	961.0	882.3	285.439	996.0	27.0	1000.0	1000.0	1855999	114.12693	14.847894	148.74715	4.2565756	-114.39151	0.31464142	37554.78158688545
465	798.0	311.23224	984.0	259.0	686.4	446.06058	1000.0	0.0	1000.0	1000.0	1859999	114.27244	14.875182	145.66757	4.2832336	-114.54431	0.3105177	37637.4293050766
466	988.5	7.29726	998.0	980.0	890.1	294.50925	1000.0	7.0	1000.0	1000.0	1863999	114.46722	14.469364	146.38481	4.311201	-114.732285	0.3108993	37720.27526283264
467	988.5	12.816006	1000.0	969.0	829.3	317.6621	992.0	14.0	1000.0	1000.0	1867999	114.46804	14.069795	151.97697	4.344878	-114.72163	0.30581605	37803.09254193306
468	804.0	302.6855	988.0	280.0	846.4	301.62698	1000.0	22.0	1000.0	1000.0	1871999	114.31736	13.722711	167.98778	4.376718	-114.57013	0.29483783	37885.84680914879
469	974.5	9.552486	985.0	959.0	983.4	11.7490425	1000.0	956.0	1000.0	1000.0	1875999	114.11952	13.699901	163.89452	4.407722	-114.366875	0.29606542	37968.705253601074
470	969.0	4.7434163	973.0	961.0	885.1	295.2861	1000.0	0.0	1000.0	1000.0	1879999	113.85057	13.700636	154.60068	4.440353	-114.09179	0.30623043	38051.55204510689
471	973.75	11.255554	987.0	959.0	980.4	9.254189	995.0	961.0	1000.0	1000.0	1883999	113.45013	13.945327	138.02835	4.4726486	-113.67121	0.26801863	38134.30880665779
472	977.0	12.206555	992.0	958.0	982.6	14.200001	1000.0	949.0	1000.0	1000.0	1887999	112.89385	14.063878	137.6432	4.4972286	-113.11956	0.26448476	38217.17858958244
473	967.5	10.234745	984.0	956.0	982.7	12.304877	1000.0	962.0	1000.0	1000.0	1891999	112.82586	14.182774	138.64334	4.527329	-113.069954	0.2705315	38299.9837949276
474	953.5	66.383354	1000.0	840.0	888.4	292.93488	997.0	10.0	1000.0	1000.0	1895999	112.79209	14.004679	138.90329	4.5534368	-113.03013	0.26632693	38382.711381196976
475	979.75	9.120718	992.0	970.0	878.9	293.14655	989.0	0.0	1000.0	1000.0	1899999	112.87545	14.258743	139.52028	1.2476902	-113.13338	0.26846936	38465.81821513176
476	982.75	8.437268	997.0	975.0	941.5	118.16112	993.0	588.0	1000.0	1000.0	1903999	113.23727	14.4749975	139.68181	4.6147046	-113.50555	0.27583843	38548.64408779144
477	923.0	100.05248	997.0	753.0	981.1	13.3	996.0	953.0	1000.0	1000.0	1907999	113.65437	14.352185	139.24776	4.647791	-113.92025	0.28263658	38631.40416121483
478	968.0	9.669539	980.0	958.0	983.2	13.592645	998.0	957.0	1000.0	1000.0	1911999	113.81115	14.377442	139.12315	4.681416	-114.06225	0.2902774	38714.33075761795
479	900.0	169.75865	1000.0	606.0	796.2	362.1756	1000.0	29.0	1000.0	1000.0	1915999	113.57233	14.482168	139.02776	4.7107334	-113.8179	0.30642548	38797.51814699173
480	901.75	132.1597	982.0	673.0	981.6	14.974645	998.0	943.0	1000.0	1000.0	1919999	113.32229	14.449505	138.0383	4.7387347	-113.54984	0.31281963	38880.31807780266
481	971.0	9.300538	984.0	958.0	989.2	8.506468	1000.0	976.0	1000.0	1000.0	1923999	113.09509	14.330428	136.6136	4.766751	-113.34024	0.29860288	38963.09325885773
482	955.5	46.56984	995.0	879.0	979.1	16.597893	1000.0	951.0	1000.0	1000.0	1927999	113.12003	14.117521	134.51808	4.7876863	-113.3719	0.3025434	39045.984193086624
483	960.25	28.33174	991.0	925.0	967.1	52.52323	994.0	811.0	1000.0	1000.0	1931999	113.13846	13.768927	133.6922	4.815627	-113.38016	0.28992125	39128.76863694191
484	911.0	111.02027	980.0	719.0	917.7	85.05886	991.0	755.0	1000.0	1000.0	1935999	113.02923	13.841595	132.7308	4.8331027	-113.27417	0.30612403	39211.68989419937
485	950.0	59.84981	1000.0	848.0	884.8	295.13547	1000.0	0.0	1000.0	1000.0	1939999	112.99062	13.820068	131.95227	4.8572583	-113.22842	0.31125373	39294.61196422577
486	946.75	66.90432	990.0	831.0	905.6	145.2365	989.0	534.0	1000.0	1000.0	1943999	112.71194	13.5434265	134.69809	4.8761396	-112.92906	0.29509124	39377.55108308792
487	742.5	413.2109	990.0	27.0	857.1	285.7154	989.0	13.0	1000.0	1000.0	1947999	112.28996	13.656495	135.60434	4.8936105	-112.52483	0.30439854	39460.529297828674
488	500.5	479.59644	991.0	13.0	776.5	382.96872	987.0	0.0	1000.0	1000.0	1951999	112.19199	13.803686	134.20091	4.911419	-112.42546	0.3305804	39543.37976694107
489	987.5	11.842719	1000.0	968.0	949.5	82.01738	1000.0	766.0	1000.0	1000.0	1955999	112.04581	13.822486	139.04729	4.929798	-112.27458	0.32216156	39625.99688363075
490	982.75	13.608361	1000.0	963.0	981.4	11.200001	1000.0	961.0	1000.0	1000.0	1959999	111.79534	13.699329	139.0734	4.9515796	-112.0198	0.31096375	39708.350611925125
491	918.0	117.25826	990.0	715.0	916.6	145.97823	1000.0	490.0	1000.0	1000.0	1963999	111.52132	13.575983	140.13658	4.9710813	-111.74258	0.31347582	39790.851215839386
492	965.5	16.255768	983.0	942.0	982.6	8.8	995.0	963.0	1000.0	1000.0	1967999	111.14812	12.729736	137.1678	4.9870677	-111.3584	0.31539363	39873.08464050293
493	985.5	15.370426	999.0	960.0	972.0	27.698376	1000.0	896.0	1000.0	1000.0	1971999	110.92057	12.263474	130.88919	4.9973803	-111.14492	0.3035489	39955.38986492157
494	984.75	10.034316	1000.0	972.0	796.6	395.3333	1000.0	1.0	1000.0	1000.0	1975999	110.87624	11.897473	127.88649	9.029655	-111.09857	0.30784795	40037.97573304176
495	976.75	8.166242	988.0	965.0	938.1	131.6286	1000.0	546.0	1000.0	1000.0	1979999	110.92089	11.658321	125.52947	8.844468	-111.157234	0.29969823	40120.45250082016
496	937.0	77.95191	983.0	802.0	977.5	12.298374	993.0	948.0	1000.0	1000.0	1983999	111.13604	11.644089	126.64853	13.810329	-111.37725	0.33435497	40203.057706832886
497	937.25	96.21688	1000.0	771.0	883.9	294.7404	997.0	0.0	1000.0	1000.0	1987999	111.38158	11.756297	127.80721	9.060226	-111.62225	0.34301636	40285.63174319267
498	722.25	418.77582	997.0	0.0	938.5	110.62301	990.0	608.0	1000.0	1000.0	1991999	111.48513	12.408191	128.33359	7.94469	-111.72009	0.31699663	40368.29756307602
499	923.5	100.470146	990.0	750.0	981.7	13.198863	999.0	947.0	1000.0	1000.0	1995999	111.6337	12.917081	128.8472	9.118106	-111.88584	0.31808746	40450.83765101433
500	946.5	74.40598	997.0	818.0	979.2	13.204545	997.0	956.0	1000.0	1000.0	1999999	112.00848	12.7577715	129.39914	5.8834925	-112.25967	0.32740346	40533.25248837471
