Epoch	AverageEpRet	StdEpRet	MaxEpRet	MinEpRet	AverageTestEpRet	StdTestEpRet	MaxTestEpRet	MinTestEpRet	EpLen	TestEpLen	TotalEnvInteracts	AverageQVals	StdQVals	MaxQVals	MinQVals	LossPi	LossQ	Time
1	138.59966	6.8391232	145.56538	130.2235	139.61263	18.711323	176.07329	104.67492	1000.0	1000.0	3999	2.4557736	1.1403486	12.54604	-0.5067067	-2.6323402	0.014430532	55.77026915550232
2	136.21103	6.3570986	144.33804	126.58536	247.92859	25.970695	265.3888	174.65735	1000.0	1000.0	7999	8.93263	3.1456683	23.313364	1.377831	-9.391436	0.05846474	130.12103819847107
3	108.85919	31.522358	141.52202	57.037617	157.85596	89.86833	249.98837	58.245808	1000.0	1000.0	11999	20.640478	4.8662663	38.234383	-1.4065791	-21.397625	0.19728331	200.48250675201416
4	102.6525	42.015118	170.87804	58.68895	103.335464	34.240643	180.768	80.11899	1000.0	1000.0	15999	25.235268	2.412295	40.863285	18.018656	-25.595997	0.12638131	276.4266405105591
5	192.10606	99.14705	363.81824	133.1581	116.05684	131.33047	364.47256	24.323824	1000.0	1000.0	19999	29.219616	3.511013	44.97318	18.577818	-29.629835	0.15451835	347.09167766571045
6	140.57271	137.98824	367.83093	27.416002	161.87247	139.75465	364.71643	26.001526	1000.0	1000.0	23999	30.626062	3.335031	45.45473	19.782084	-30.73652	0.08376244	419.1545753479004
7	112.31005	149.68091	371.5648	25.625818	143.7687	118.16367	265.32532	25.431953	1000.0	1000.0	27999	28.537367	2.7297955	41.868675	18.412594	-28.612564	0.06429505	489.2507131099701
8	177.01251	91.63213	267.05234	47.583473	206.41748	160.30948	364.74713	25.274834	1000.0	1000.0	31999	28.256992	2.9338665	43.084415	17.356266	-28.424662	0.060989656	568.303601026535
9	172.9863	98.94734	274.38498	28.436676	195.20154	114.367	365.51105	25.36826	1000.0	1000.0	35999	27.493397	4.608883	43.35035	17.71174	-27.565067	0.06541389	641.690761089325
10	196.1563	98.5265	257.83624	25.71868	172.56091	124.195274	365.86862	25.664722	1000.0	1000.0	39999	26.702673	5.8574977	49.81729	16.305267	-26.819561	0.0561927	716.0015285015106
11	77.95773	89.369705	232.75046	26.173895	197.17482	117.9183	341.3896	26.208628	1000.0	1000.0	43999	25.957003	6.904569	50.351845	14.400233	-26.046152	0.05773404	792.5155823230743
12	181.81638	134.6351	363.50793	51.56469	137.96815	103.9438	243.45409	32.73048	1000.0	1000.0	47999	25.079792	7.486521	47.014866	12.983426	-25.19144	0.05241168	862.6514089107513
13	138.29236	116.13695	256.0834	21.53659	216.129	100.57286	343.67334	22.079933	1000.0	1000.0	51999	24.806183	7.5423517	45.722248	13.031537	-24.917572	0.042772617	931.7619869709015
14	150.5195	96.19197	248.3989	46.31829	181.42291	114.05448	363.17282	44.055332	1000.0	1000.0	55999	23.921032	7.9137473	46.64519	12.236492	-23.987324	0.04200784	999.4741930961609
15	253.11603	9.413599	265.5131	239.10184	232.35995	99.24784	369.31042	56.99702	1000.0	1000.0	59999	23.424126	8.371523	48.665554	9.94781	-23.489336	0.03903871	1071.5333695411682
16	220.79378	26.240934	250.75461	183.92885	251.24875	54.12032	366.91647	134.73376	1000.0	1000.0	63999	23.777967	7.7725835	51.999207	10.143116	-23.91842	0.047897797	1142.9937431812286
17	189.17003	55.469856	253.57558	133.83253	270.65744	42.825535	396.07352	237.51482	1000.0	1000.0	67999	24.489138	6.938141	49.301197	12.565685	-24.58125	0.042435914	1216.2951068878174
18	140.26276	83.61279	261.11304	25.70601	150.64828	62.837875	211.11714	26.116056	1000.0	1000.0	71999	24.355478	6.77943	47.7453	11.922873	-24.466906	0.040081713	1294.974547624588
19	270.21518	37.484028	329.4186	225.46786	268.48782	93.61894	371.16068	26.210592	1000.0	1000.0	75999	25.346107	6.2188163	51.233433	11.394424	-25.50041	0.047844823	1368.1235320568085
20	225.45407	123.20791	363.2276	26.170387	267.1911	128.21672	365.43918	20.784035	1000.0	1000.0	79999	25.899963	6.1684656	49.494354	13.785776	-26.017988	0.057841342	1441.9688920974731
21	136.86403	114.05474	260.81833	20.940907	221.91069	108.03508	333.3895	22.226896	1000.0	1000.0	83999	26.411892	6.262687	48.21183	12.7199955	-26.555042	0.053407785	1517.810837507248
22	212.15259	84.408394	263.8505	66.03056	275.48303	29.06998	334.52267	247.88828	1000.0	1000.0	87999	27.108568	6.2088137	46.625275	16.107847	-27.249874	0.04111987	1596.9741570949554
23	278.1673	34.755344	338.2754	255.30234	250.2852	6.614596	257.6059	237.19061	1000.0	1000.0	91999	27.636108	6.128637	50.77633	14.518358	-27.77116	0.04883485	1672.7682280540466
24	263.0707	38.1508	327.6112	228.89868	246.25427	27.128101	325.3901	221.63031	1000.0	1000.0	95999	27.775042	6.214066	47.4095	16.213152	-27.888187	0.043754715	1748.7743513584137
25	242.26193	10.703981	254.08444	229.7679	214.81136	95.68126	327.54947	25.731941	1000.0	1000.0	99999	27.788647	5.7602825	46.710087	16.127811	-27.8967	0.039494347	1825.646095752716
26	215.48972	113.94868	330.8561	26.060871	216.90128	93.61805	271.13275	29.090282	1000.0	1000.0	103999	27.875788	5.184495	44.185104	15.499398	-27.988308	0.034402482	1909.1491565704346
27	264.5106	144.18132	420.3896	33.160297	253.96646	55.803062	330.8023	145.253	1000.0	1000.0	107999	27.948812	5.3734484	44.914757	14.732931	-28.070538	0.036761787	1995.6076653003693
28	273.2639	37.00167	333.84808	233.60197	140.66727	96.76856	332.35507	25.41152	1000.0	1000.0	111999	28.281805	4.979394	46.156246	17.514896	-28.401516	0.03567744	2073.6845457553864
29	186.97916	100.1049	323.7602	53.00712	280.58344	55.140682	399.2363	244.18094	1000.0	1000.0	115999	28.21948	4.895688	47.512573	18.026604	-28.303305	0.034646455	2147.8887326717377
30	308.9907	102.79402	486.4944	236.91408	279.08084	36.9696	358.90497	257.0054	1000.0	1000.0	119999	27.893444	5.1245384	48.8263	17.853605	-27.994282	0.04205317	2229.064707994461
31	285.73392	45.30504	363.9913	255.58397	259.9515	42.04797	370.84222	194.07239	1000.0	1000.0	123999	28.11823	5.5864887	54.15491	17.722067	-28.230875	0.04615644	2311.4599652290344
32	240.48625	12.138893	253.96466	222.52934	301.35394	66.21139	357.39093	207.82338	1000.0	1000.0	127999	28.523636	6.3126464	52.90607	16.891184	-28.637537	0.049774237	2396.4645619392395
33	202.26645	43.292835	258.21793	150.95999	280.63116	52.94911	343.464	161.93266	1000.0	1000.0	131999	28.675777	6.844287	54.866474	17.293188	-28.804337	0.06050731	2476.9060764312744
34	309.61325	54.628307	383.98904	252.58687	311.48734	93.55005	510.19244	258.70294	1000.0	1000.0	135999	29.386398	7.0308714	55.56484	16.945505	-29.509195	0.0681373	2559.332422733307
35	284.67993	48.562336	368.42773	252.54713	275.73096	24.497765	335.39066	253.48367	1000.0	1000.0	139999	29.52704	7.007422	56.10796	16.723396	-29.62724	0.06736438	2634.078123807907
36	210.1376	55.055187	257.3146	118.698006	283.60394	31.5028	338.36765	250.95758	1000.0	1000.0	143999	29.831455	6.802147	58.20108	17.479626	-29.983316	0.079909466	2710.148106098175
37	248.99255	127.37814	416.57288	57.840103	230.25154	59.45677	287.798	56.835377	1000.0	1000.0	147999	30.47687	6.404676	57.036053	19.583015	-30.62399	0.082765	2786.474099636078
38	201.35529	82.99892	257.00574	57.93073	196.26712	125.86014	365.8858	60.80799	1000.0	1000.0	151999	31.190817	6.653764	56.13818	20.124273	-31.34324	0.09596147	2863.0072231292725
39	370.35352	69.61662	416.27722	250.01176	94.60605	65.98801	282.1371	25.84835	1000.0	1000.0	155999	32.269386	6.747606	60.59951	20.640533	-32.524418	0.12608984	2939.8677866458893
40	238.32709	86.73914	356.63925	111.748566	218.14499	129.28897	401.40964	81.32131	1000.0	1000.0	159999	37.222034	6.0686903	58.4271	23.347603	-37.675922	0.1477149	3019.6605620384216
41	209.26288	76.77951	318.03455	133.84435	228.76424	82.846886	372.81982	135.68811	1000.0	1000.0	163999	40.032284	5.85249	58.15642	25.073578	-40.23718	0.10692192	3097.847683906555
42	170.17204	57.76616	269.3401	129.9361	191.36028	125.873085	459.1026	42.95847	1000.0	1000.0	167999	39.693336	4.796438	59.007477	27.428656	-39.899693	0.07594716	3173.9186112880707
43	301.35104	49.809166	363.16797	251.16373	249.11568	70.71513	363.91455	59.543953	1000.0	1000.0	171999	39.580536	4.3039618	56.65189	27.081062	-39.755745	0.06639383	3253.7240602970123
44	207.69595	86.92923	262.58582	57.305267	322.08356	138.64769	561.88184	59.566555	1000.0	1000.0	175999	39.01803	4.0578756	57.04457	28.156261	-39.179142	0.06549024	3332.482283115387
45	271.56628	42.06761	343.84363	242.96399	349.0994	164.72595	644.41016	59.000042	1000.0	1000.0	179999	38.47867	4.399994	58.289684	28.619839	-38.636852	0.06497591	3409.4971096515656
46	374.8482	120.69942	535.2567	258.00787	185.847	125.525085	431.4588	59.66866	1000.0	1000.0	183999	37.515457	4.819226	61.08203	28.265705	-37.642384	0.06647783	3486.2704434394836
47	287.852	133.93927	434.681	84.509895	282.30374	133.49449	425.58566	59.40368	1000.0	1000.0	187999	36.982536	5.69085	62.7291	27.448896	-37.126835	0.08293367	3564.3357021808624
48	346.5557	94.70941	444.80002	247.3045	344.63046	134.43814	597.701	232.38045	1000.0	1000.0	191999	36.54561	6.428531	62.553696	26.036047	-36.683548	0.080991656	3639.692295074463
49	426.72485	154.46756	583.2437	257.59924	226.48462	87.72904	342.7548	58.65568	1000.0	1000.0	195999	36.727386	7.0909014	65.40342	25.495115	-36.89743	0.09811384	3715.4486196041107
50	256.25354	4.9682527	263.1399	250.04341	262.0509	46.46879	365.21173	160.16135	1000.0	1000.0	199999	36.585815	7.59379	68.040405	23.916069	-36.738995	0.12476024	3794.0540113449097
51	243.25085	40.05902	282.70828	176.43462	176.97508	107.68038	338.55832	58.27128	1000.0	1000.0	203999	37.563984	8.0832405	70.05581	22.999573	-37.834152	0.14860466	3871.6839621067047
52	262.62183	127.33594	397.38306	57.977394	323.2331	97.0711	474.97714	246.17322	1000.0	1000.0	207999	39.27316	8.48994	67.51711	25.842823	-39.487717	0.15759009	3948.180835008621
53	245.32338	119.22614	392.81934	59.90276	249.49182	80.82842	403.19473	58.37175	1000.0	1000.0	211999	39.28666	8.953516	70.294914	27.130005	-39.490875	0.14932951	4037.8388543128967
54	360.6714	108.648445	465.309	178.94057	239.98291	62.579647	365.5246	100.25645	1000.0	1000.0	215999	39.918365	9.03509	69.688065	22.802166	-40.107018	0.15384112	4123.943403244019
55	293.859	67.61753	405.96478	229.67177	301.68378	81.89695	472.40784	239.65793	1000.0	1000.0	219999	39.681393	9.477988	70.84614	23.239546	-39.84004	0.1833208	4199.393743991852
56	260.1474	19.563751	288.11945	232.7962	369.18015	136.01819	588.61304	258.0536	1000.0	1000.0	223999	39.62004	9.387236	71.95794	25.213348	-39.80757	0.19332875	4276.643680810928
57	275.88336	41.928894	347.22415	242.66513	447.7727	175.72646	574.5775	56.28988	1000.0	1000.0	227999	39.594685	9.40935	75.35087	21.844719	-39.7859	0.18881245	4353.238996505737
58	331.63568	227.65935	558.7005	65.60523	374.62604	158.63927	625.20905	209.05832	1000.0	1000.0	231999	40.17847	9.731701	73.56575	28.373499	-40.422985	0.2384008	4435.1808524131775
59	475.3078	146.37753	629.2458	235.13785	429.94443	223.20279	634.724	81.55153	1000.0	1000.0	235999	41.524082	9.642087	74.462006	30.141314	-41.77979	0.2423813	4521.269343137741
60	369.20355	198.78075	635.85126	82.70656	188.35101	137.34354	559.6574	57.400635	1000.0	1000.0	239999	43.09386	9.356909	74.25604	30.760181	-43.357468	0.22150458	4610.68408370018
61	224.75507	148.97563	482.56924	128.95592	538.3739	68.36679	590.3649	403.4011	1000.0	1000.0	243999	43.2438	9.55015	73.78789	31.05224	-43.444786	0.2023003	4699.5841381549835
62	533.4512	42.510002	595.8585	483.00162	393.39545	129.33833	507.77737	196.88101	1000.0	1000.0	247999	43.00319	10.397769	74.47415	29.493786	-43.21138	0.2549672	4785.637127399445
63	529.88007	57.628235	624.4017	468.19647	483.29086	199.95435	595.2982	82.58064	1000.0	1000.0	251999	43.929523	10.760592	76.10845	27.290089	-44.20032	0.30234247	4866.757169485092
64	612.58966	32.215435	660.9689	572.85406	526.9763	57.89686	596.571	423.479	1000.0	1000.0	255999	45.291256	10.642865	75.51819	27.654829	-45.598797	0.3556676	4956.4226167202
65	485.53064	114.11559	617.79443	330.5243	500.68115	188.35501	647.97705	103.10579	1000.0	1000.0	259999	46.94194	10.140719	77.5184	31.161322	-47.160187	0.3619803	5037.1274564266205
66	605.6604	42.89538	652.3739	543.3643	531.09094	59.508858	606.6042	447.4186	1000.0	1000.0	263999	46.09571	11.309223	75.2008	31.36098	-46.302658	0.33697814	5116.162108421326
67	426.78107	58.084946	523.14	367.48438	482.67203	145.48665	688.72644	263.34378	1000.0	1000.0	267999	46.85714	11.81582	78.69856	31.439077	-47.121468	0.40749964	5200.275202989578
68	459.17746	187.58952	635.2154	152.16365	204.55501	161.54562	646.69196	105.695595	1000.0	1000.0	271999	47.53138	12.551187	79.71114	28.626125	-47.83223	0.4344422	5285.986824989319
69	510.13696	242.52382	708.3217	105.834274	357.19864	256.9385	677.2131	108.319176	1000.0	1000.0	275999	50.160755	11.636876	78.91654	32.562603	-50.512165	0.40060338	5371.337463617325
70	609.05255	91.02725	703.476	464.1987	581.2795	252.59268	790.4297	81.815315	1000.0	1000.0	279999	50.93744	12.37611	81.3811	34.843975	-51.20683	0.42159063	5452.078953027725
71	648.97876	61.512905	710.7956	565.9115	686.6523	38.113937	730.0523	598.4491	1000.0	1000.0	283999	53.75076	11.323097	80.46194	35.40783	-54.213303	0.48795685	5531.436580181122
72	733.4894	45.488144	784.8202	668.0803	761.6038	36.849747	822.6796	683.1692	1000.0	1000.0	287999	56.262665	10.557859	82.375916	35.752426	-56.641678	0.4272915	5610.48042845726
73	702.04004	46.959026	754.6963	645.13934	582.1475	148.68938	746.18036	289.43915	1000.0	1000.0	291999	58.54205	10.752597	84.84645	38.097023	-58.96476	0.47415057	5687.078310251236
74	632.6492	204.24799	815.5641	290.5314	697.3175	79.137764	772.08954	525.52734	1000.0	1000.0	295999	61.47571	10.598227	86.88422	41.249752	-61.95045	0.46461284	5764.706239700317
75	685.87744	84.42224	771.2479	548.1406	589.7953	121.64609	775.6409	339.50192	1000.0	1000.0	299999	63.684616	10.767248	88.12678	42.1738	-64.08921	0.43690225	5851.393699884415
76	748.3446	69.513885	818.1544	639.5106	757.19666	66.54331	807.1813	588.1024	1000.0	1000.0	303999	64.40131	11.303604	90.43471	42.938576	-64.75035	0.4574266	5938.533265590668
77	767.64026	11.730469	779.41266	748.2186	730.1163	19.729816	769.28284	700.37537	1000.0	1000.0	307999	64.44346	12.374977	91.64665	43.50566	-64.801414	0.4693201	6022.562362670898
78	788.8397	11.740857	803.2442	771.24316	456.21347	232.78629	651.11664	129.98207	1000.0	1000.0	311999	66.62992	11.687819	92.31596	43.406628	-67.14925	0.4625727	6108.424566268921
79	746.44495	39.896564	807.5838	696.4293	663.9904	223.50798	812.8751	221.17773	1000.0	1000.0	315999	70.0451	9.626652	91.708405	43.914898	-70.5147	0.4032082	6191.636790037155
80	780.97314	42.765514	819.0301	709.21	703.25275	153.87727	857.6399	268.52023	1000.0	1000.0	319999	69.384544	10.5486	92.23487	48.501015	-69.69099	0.40888953	6275.475152492523
81	757.81555	24.03167	790.0519	732.5309	623.96136	150.76883	804.79663	248.04352	1000.0	1000.0	323999	70.26831	10.596519	93.558395	47.875195	-70.7979	0.47647002	6353.129037857056
82	672.7276	218.60284	839.8914	298.9131	604.2265	252.28072	836.8828	238.45648	1000.0	1000.0	327999	71.90359	9.916064	95.54872	51.783474	-72.25195	0.40576747	6441.684157371521
83	625.2871	188.58653	756.1776	300.80276	757.0434	20.582756	789.1955	729.33923	1000.0	1000.0	331999	70.68357	11.838829	96.502205	51.753197	-70.98901	0.44464448	6524.770396709442
84	782.71375	56.501186	837.4849	694.44836	801.06256	51.896477	844.35944	663.9108	1000.0	1000.0	335999	71.0896	12.099576	95.50848	49.534504	-71.568184	0.5113992	6606.580968141556
85	800.19855	43.192684	844.4513	732.43225	800.5831	58.163166	860.35986	660.4076	1000.0	1000.0	339999	72.30724	11.688823	96.50854	52.15722	-72.70649	0.5143632	6695.380202054977
86	751.69525	38.477386	793.9999	693.0877	784.766	28.766237	825.8671	735.3928	1000.0	1000.0	343999	73.27782	11.484455	95.99183	53.012505	-73.692505	0.4886673	6784.788300991058
87	813.24335	18.356472	832.99164	784.6539	735.9719	71.84122	825.29126	567.7182	1000.0	1000.0	347999	73.60676	11.587276	97.1048	53.243484	-74.00708	0.45598996	6869.725747346878
88	802.9812	47.221504	852.29395	743.1818	741.2717	34.26093	771.4082	651.17065	1000.0	1000.0	351999	74.25698	11.281376	96.93089	53.678276	-74.6715	0.4734057	6953.143917798996
89	824.3299	13.428557	846.01337	809.2151	792.8727	41.435112	859.19305	733.42926	1000.0	1000.0	355999	74.48243	11.483189	97.06729	52.192593	-74.82631	0.4378869	7037.544132709503
90	780.2877	19.698341	807.7553	752.0508	836.4367	14.821021	853.11664	807.9767	1000.0	1000.0	359999	73.67827	12.70664	97.5027	53.20305	-74.042564	0.5026534	7122.693146705627
91	829.1937	11.753657	843.7622	811.3	862.0169	11.87357	880.40906	845.5948	1000.0	1000.0	363999	74.6974	12.229173	97.02346	53.774105	-75.16048	0.46588624	7207.873767852783
92	815.2539	78.00806	883.78455	684.00146	841.0495	25.994799	885.6816	809.22107	1000.0	1000.0	367999	76.259346	10.898302	96.95985	55.680817	-76.66853	0.40674108	7294.386873483658
93	855.77435	22.328579	889.41376	826.86975	853.11975	28.75426	890.929	800.151	1000.0	1000.0	371999	76.270966	11.2646265	99.122375	56.353096	-76.63786	0.39135417	7378.769876241684
94	834.40106	37.26133	881.93646	777.9207	788.9061	33.88993	822.5428	710.38544	1000.0	1000.0	375999	76.20289	11.768793	97.67698	54.438255	-76.57519	0.40824258	7465.2949278354645
95	841.47894	26.812973	860.9104	795.61285	814.7816	32.734074	870.3076	753.5753	1000.0	1000.0	379999	76.72191	11.646504	97.03451	55.352642	-77.14424	0.41042343	7544.523386001587
96	859.2391	5.5289607	864.29663	850.9036	860.44226	29.23785	904.203	811.6144	1000.0	1000.0	383999	77.550285	11.127522	102.893906	56.31812	-77.94744	0.39718446	7623.585141181946
97	841.15466	26.184248	881.5215	813.08636	823.78644	51.880566	876.2061	713.8059	1000.0	1000.0	387999	77.89935	11.302862	98.35434	57.660786	-78.27102	0.4325598	7708.544228076935
98	841.0279	30.413397	870.9649	792.7686	888.61505	18.920004	907.6592	844.73224	1000.0	1000.0	391999	77.84721	11.87999	98.95703	57.29436	-78.22361	0.41993317	7793.606603384018
99	844.5806	31.93699	892.12604	807.0236	853.77295	24.916859	875.2658	785.96295	1000.0	1000.0	395999	78.49036	11.746156	99.42755	57.9068	-78.89894	0.43813226	7882.405357599258
100	840.02057	24.75912	874.0092	816.34656	875.56934	15.13603	898.5444	841.0585	1000.0	1000.0	399999	78.8317	11.627865	98.49616	57.07592	-79.206955	0.41852412	7967.938997507095
101	858.59595	10.768107	876.58765	849.3745	874.6968	26.25582	908.4683	841.1466	1000.0	1000.0	403999	79.267624	11.397444	98.55497	56.6051	-79.67384	0.40520242	8050.655956506729
102	876.8462	27.097368	906.2296	842.28754	904.1387	16.468765	925.91437	876.83734	1000.0	1000.0	407999	79.83237	11.115027	100.26463	57.647243	-80.2006	0.39294764	8131.37667632103
103	806.8821	107.36176	895.00543	626.8209	859.3197	32.10584	897.96533	810.77496	1000.0	1000.0	411999	79.610695	11.58761	99.49144	56.060463	-79.96881	0.40741628	8212.052000284195
104	895.5787	6.1971126	905.6486	889.5699	878.0148	27.187336	905.9453	833.2576	1000.0	1000.0	415999	79.83547	11.504803	99.58174	60.4653	-80.20598	0.40365174	8294.197737932205
105	841.6754	44.55037	894.4227	788.46533	856.8747	42.89197	901.6705	757.89233	1000.0	1000.0	419999	79.4097	12.199435	100.56967	59.243786	-79.727516	0.39022392	8377.574364185333
106	878.8896	31.221312	909.60065	830.07385	883.96906	18.723246	908.9887	853.54224	1000.0	1000.0	423999	79.0298	12.964302	98.49194	57.055325	-79.37172	0.39827362	8463.215244054794
107	813.2775	80.02922	893.6189	708.5562	876.35205	26.990702	898.9496	820.6986	1000.0	1000.0	427999	79.26735	12.903597	98.626785	57.173	-79.62906	0.41553527	8547.353223085403
108	814.0739	57.241455	886.00653	726.91833	784.51886	54.89114	858.0594	657.0838	1000.0	1000.0	431999	80.240486	12.061106	99.61022	57.976357	-80.662254	0.44124645	8632.1936981678
109	852.02655	19.397537	867.82086	819.25433	871.6711	21.438578	905.6709	830.9527	1000.0	1000.0	435999	81.07378	11.388372	99.5077	58.949574	-81.4371	0.41565588	8713.822391986847
110	894.1825	28.594229	918.3586	847.68976	819.08984	44.37249	872.1954	741.9552	1000.0	1000.0	439999	81.03229	12.026417	99.63901	59.19864	-81.37784	0.43080625	8792.454627513885
111	812.4883	34.161903	868.06134	779.055	861.7637	35.947243	895.41174	787.6503	1000.0	1000.0	443999	81.13732	12.224761	105.34061	59.08843	-81.49174	0.41532844	8869.785522460938
112	849.7527	33.917313	900.8677	808.33844	873.6408	25.871372	902.4197	834.1562	1000.0	1000.0	447999	81.18921	12.478207	101.78374	57.65256	-81.52223	0.43801215	8954.513754844666
113	851.0316	40.74109	893.8513	784.4824	835.1908	38.666798	900.1589	769.9352	1000.0	1000.0	451999	80.91866	12.847212	101.99182	56.960957	-81.25219	0.4243271	9044.95677280426
114	799.06885	82.03187	879.9992	674.7374	784.7075	46.424774	859.1134	684.3557	1000.0	1000.0	455999	81.12168	12.91355	100.02994	55.569363	-81.46642	0.44441772	9128.396489143372
115	826.39075	57.718456	894.0203	746.76306	880.4188	35.59017	920.0978	812.56396	1000.0	1000.0	459999	81.15935	12.769616	99.33875	56.596806	-81.50612	0.44295928	9216.177893400192
116	886.18097	21.285557	911.92206	859.3209	874.49396	24.108616	913.77325	833.8483	1000.0	1000.0	463999	81.36021	12.538967	99.309166	56.705723	-81.69798	0.41461554	9300.40928196907
117	846.18066	29.01483	881.458	816.66125	850.36444	31.920582	901.9023	799.0741	1000.0	1000.0	467999	81.743706	12.266345	99.420425	54.172607	-82.09408	0.44336557	9383.766753673553
118	841.322	21.19698	872.74396	815.06976	753.7711	42.15018	830.22424	683.89026	1000.0	1000.0	471999	82.22736	11.8264475	98.62486	58.044674	-82.59616	0.42494807	9468.547783851624
119	894.5728	11.652807	912.98114	882.16644	854.4225	25.578426	903.57684	815.82874	1000.0	1000.0	475999	82.26335	11.8525095	101.83475	59.285828	-82.57775	0.4009107	9548.87659740448
120	883.162	16.37075	905.71857	864.5484	876.52576	31.577877	914.70264	805.79474	1000.0	1000.0	479999	81.84464	12.566808	99.06426	57.801216	-82.13859	0.4210801	9633.007056474686
121	874.17285	35.35149	901.29297	813.52106	897.9761	30.309023	933.15515	833.01025	1000.0	1000.0	483999	81.7875	12.748267	99.62728	58.793777	-82.13629	0.41543165	9719.272208929062
122	863.63885	43.645374	906.3273	807.0954	858.8654	36.290108	916.6268	805.7628	1000.0	1000.0	487999	82.06935	12.541871	104.22769	58.319065	-82.38865	0.405376	9798.46579694748
123	803.5455	52.220287	844.52466	714.2117	874.8797	25.19842	925.83673	843.1949	1000.0	1000.0	491999	81.98675	12.7899	103.78065	58.412746	-82.30018	0.4163145	9878.619491577148
124	878.59875	18.16823	903.32025	852.03864	804.558	42.73178	855.5633	699.8721	1000.0	1000.0	495999	82.09334	13.069599	99.48333	57.923668	-82.424706	0.4295061	9957.41402888298
125	836.39233	46.274345	875.38086	761.1647	874.96375	42.62126	923.0562	777.6258	1000.0	1000.0	499999	82.52638	12.755711	99.661194	57.30259	-82.85556	0.42644128	10036.403230428696
126	855.7966	54.62222	918.51495	768.12537	892.7907	20.18774	913.7272	857.91583	1000.0	1000.0	503999	82.48102	12.741547	100.576935	58.2827	-82.79272	0.423733	10113.288520097733
127	874.59	48.21286	920.3186	793.5372	738.91785	80.66177	842.32794	586.46844	1000.0	1000.0	507999	82.869606	12.398158	100.40218	57.104855	-83.2099	0.42345032	10191.187020778656
128	841.09485	60.60766	918.24963	748.5845	892.6252	21.916246	925.1701	858.27386	1000.0	1000.0	511999	83.02739	12.283088	99.49718	57.710266	-83.3377	0.4232492	10269.55457687378
129	895.78625	16.522495	919.7218	876.958	907.3756	20.228891	934.46045	880.5361	1000.0	1000.0	515999	83.07341	12.434633	101.71159	59.63961	-83.40689	0.42943776	10347.878431558609
130	894.9085	21.00859	928.40674	871.9405	884.3826	13.50809	908.17865	861.7628	1000.0	1000.0	519999	83.95427	11.526116	99.72409	59.55065	-84.293816	0.40331572	10427.599222898483
131	869.2958	17.190634	892.67676	844.38556	909.9216	19.859995	930.1181	871.7625	1000.0	1000.0	523999	83.49467	12.1785345	100.903015	58.39011	-83.76378	0.39577344	10509.47741651535
132	908.48047	12.257917	925.3399	890.90344	910.2282	12.56614	923.9335	887.13745	1000.0	1000.0	527999	83.094955	12.683349	99.38576	57.056263	-83.40026	0.3945076	10592.89003443718
133	886.28125	17.734505	914.7749	867.623	867.52234	33.98951	912.0534	795.6245	1000.0	1000.0	531999	83.15101	12.663105	100.416176	57.055798	-83.454796	0.41558832	10676.632642507553
134	896.08936	24.313967	927.754	868.044	820.0668	30.232695	862.94977	762.7775	1000.0	1000.0	535999	83.43455	12.291523	100.806526	58.406677	-83.749466	0.4123106	10754.696469068527
135	886.73535	30.717257	920.84235	837.4386	884.06836	24.881828	917.72754	839.8803	1000.0	1000.0	539999	83.64701	11.940882	99.3239	58.38623	-83.95647	0.39573163	10835.740190982819
136	891.46936	20.114405	915.10345	869.0294	888.44446	15.72121	918.7099	864.2571	1000.0	1000.0	543999	83.40684	12.357171	101.363785	57.620087	-83.67096	0.39872447	10915.419506311417
137	842.6654	76.922	927.28876	717.47906	890.63074	31.613878	923.5378	817.62506	1000.0	1000.0	547999	83.10452	12.826721	99.80898	57.63502	-83.4029	0.40413845	10995.332456350327
138	899.4072	13.240801	920.32196	885.4445	891.5482	13.920549	909.4608	860.689	1000.0	1000.0	551999	83.45416	12.427243	99.52415	56.66136	-83.75778	0.39735088	11076.320713043213
139	898.02515	16.266766	915.2786	873.7381	887.34607	25.072418	915.2601	836.38086	1000.0	1000.0	555999	83.30543	12.7018	105.186806	57.89505	-83.5725	0.39233112	11155.942717075348
140	893.40393	39.585968	928.6972	828.7057	907.617	17.16828	930.694	881.14246	1000.0	1000.0	559999	83.42846	12.764061	103.400406	56.8293	-83.73876	0.3937727	11234.42320227623
141	873.6312	32.911823	917.73285	828.1237	878.56384	30.437477	909.82623	798.56146	1000.0	1000.0	563999	83.82535	12.358471	99.4243	57.290657	-84.12323	0.37160736	11313.972713947296
142	870.15454	40.29963	913.6788	810.9521	886.6335	18.64578	918.5606	858.2013	1000.0	1000.0	567999	83.99973	12.237895	100.32083	57.977406	-84.294014	0.37975523	11393.760949134827
143	869.0197	20.45623	898.4508	840.61273	832.33466	39.892002	905.20325	763.0508	1000.0	1000.0	571999	84.24212	11.969356	104.71047	55.432137	-84.54482	0.38515955	11472.220819473267
144	847.117	30.629276	886.57184	800.9602	869.34064	23.569052	906.0012	829.0842	1000.0	1000.0	575999	84.27096	11.881672	102.33067	57.82764	-84.54902	0.37247285	11557.01288151741
145	866.3181	35.25988	901.4735	809.3794	871.38574	28.30485	907.0144	827.9672	1000.0	1000.0	579999	84.15035	11.972167	100.989365	58.968822	-84.43339	0.37756953	11635.36205458641
146	858.0209	24.237633	883.91425	824.60675	871.66394	29.283873	911.5655	815.1821	1000.0	1000.0	583999	84.08881	12.095419	99.47532	58.861588	-84.34934	0.36480942	11711.700704097748
147	898.2812	11.533877	916.8963	885.44415	912.70636	16.591223	931.64703	882.49164	1000.0	1000.0	587999	83.73348	12.472727	98.93796	58.544106	-84.00234	0.38160786	11789.985856294632
148	864.2062	12.079988	877.96576	850.7836	845.12976	36.274765	903.6831	785.38293	1000.0	1000.0	591999	84.04112	12.152713	104.84946	57.841167	-84.33147	0.38197273	11870.743386268616
149	906.2748	6.6370444	914.0704	895.7123	887.8415	21.450678	919.0105	845.99054	1000.0	1000.0	595999	84.00552	12.289937	99.4183	57.962467	-84.26817	0.37876984	11956.036582946777
150	858.93286	33.96284	893.5126	807.77075	872.187	31.965307	915.219	799.4904	1000.0	1000.0	599999	84.20104	12.044915	99.13628	57.634148	-84.48789	0.37163007	12041.90493965149
151	907.1296	14.788589	924.80524	883.7627	911.547	12.9957	929.39136	889.19745	1000.0	1000.0	603999	83.98402	12.301023	99.83841	57.638405	-84.24314	0.38685963	12126.11856007576
152	820.8829	150.93181	924.9476	560.1031	897.9193	11.8527565	915.2522	880.07983	1000.0	1000.0	607999	84.24329	12.097218	97.8889	56.16977	-84.52697	0.3896541	12215.148113489151
153	869.3091	41.44222	893.31946	797.5292	906.3092	21.15352	941.06177	882.1087	1000.0	1000.0	611999	84.35266	11.935345	99.06334	55.756897	-84.62021	0.37053046	12300.931614637375
154	895.07104	34.73189	928.206	839.8122	904.58167	19.33461	933.93536	872.1969	1000.0	1000.0	615999	84.4732	11.822701	98.94161	55.34996	-84.74106	0.3745658	12391.995735645294
155	897.95703	16.543749	914.82776	870.70856	897.5902	19.445854	918.65	863.1945	1000.0	1000.0	619999	84.55933	11.814965	101.65278	54.49859	-84.83114	0.3713369	12478.894166469574
156	884.5129	20.34495	901.6664	850.1309	901.65204	27.29281	923.17285	824.14374	1000.0	1000.0	623999	84.66233	11.80604	98.43663	56.24079	-84.921646	0.38116476	12561.491193056107
157	888.25635	24.074188	912.1664	851.32007	901.5521	18.888144	929.8043	869.3885	1000.0	1000.0	627999	84.58751	11.996186	99.10378	54.616726	-84.850655	0.38842925	12646.300364732742
158	903.1688	23.395283	926.35626	865.52673	909.5304	12.373611	937.22723	887.67194	1000.0	1000.0	631999	84.5983	12.147414	100.14734	56.803844	-84.85162	0.38894525	12728.37838435173
159	878.8104	23.72485	897.8745	839.5687	917.3036	17.757328	940.5118	887.9106	1000.0	1000.0	635999	84.76244	12.139824	103.348915	52.505707	-85.04455	0.37503746	12810.697335720062
160	910.10095	13.230292	923.13727	891.66016	908.03125	16.049006	932.7891	884.4535	1000.0	1000.0	639999	85.10322	11.802351	99.50608	56.310444	-85.37908	0.3467357	12895.992619276047
161	916.82007	14.146602	936.79095	898.2481	908.521	16.102747	932.27985	887.8523	1000.0	1000.0	643999	85.47876	11.156685	98.68972	56.74403	-85.75681	0.34326035	12983.46676325798
162	896.6916	22.630424	922.4638	860.69885	882.5125	24.53279	917.48206	843.9371	1000.0	1000.0	647999	85.27277	11.507273	98.23133	56.826126	-85.50558	0.33112738	13066.890048980713
163	896.2982	23.568726	918.3766	856.77795	924.75476	13.197975	941.5069	899.0467	1000.0	1000.0	651999	85.02573	11.935006	97.92578	56.346508	-85.280685	0.34595305	13152.328016519547
164	906.1983	18.499805	936.9816	887.5513	899.5868	12.240384	915.9535	873.5998	1000.0	1000.0	655999	85.26996	11.73679	98.15936	53.935898	-85.53389	0.34184408	13237.38580584526
165	877.25574	24.959286	906.49274	851.43176	899.47577	25.237484	946.0611	853.1332	1000.0	1000.0	659999	85.44891	11.636906	98.9382	56.457947	-85.71658	0.33521327	13322.545554876328
166	898.36084	25.185886	929.53534	862.3754	877.30334	26.583858	908.14465	823.9186	1000.0	1000.0	663999	85.44857	11.6085205	98.151115	56.188034	-85.689285	0.33463675	13413.986530303955
167	887.8413	30.05956	922.5658	840.1042	920.97766	13.471062	943.5052	894.61945	1000.0	1000.0	667999	85.42389	11.722616	98.322815	56.271835	-85.67731	0.34452143	13493.408547401428
168	912.0487	17.032696	927.37415	883.4416	891.00275	17.441748	909.0599	849.28204	1000.0	1000.0	671999	85.53403	11.556549	98.44762	55.49808	-85.786964	0.3414797	13570.473455190659
169	906.85724	14.927205	930.19635	888.84247	912.93066	18.517565	933.46747	880.57416	1000.0	1000.0	675999	85.65462	11.434544	100.399826	55.689648	-85.90675	0.33369434	13648.906688213348
170	872.69727	56.02056	917.7499	776.8177	879.9538	24.195076	911.2081	835.4858	1000.0	1000.0	679999	85.59819	11.427792	98.0744	54.93081	-85.83595	0.31927252	13728.02544093132
171	908.277	29.954952	933.0025	857.19495	844.73114	240.8755	945.43207	124.32027	1000.0	1000.0	683999	85.28495	11.920488	99.27676	54.510437	-85.51487	0.35154042	13807.404219150543
172	880.5038	17.966532	902.4891	857.8205	924.08856	17.369444	942.751	882.5287	1000.0	1000.0	687999	85.22242	11.885524	97.48253	54.56667	-85.45048	0.35750052	13886.852705955505
173	924.66925	16.77864	943.64386	905.96655	911.36426	15.839826	932.7224	875.388	1000.0	1000.0	691999	84.85006	12.406304	98.27391	54.5907	-85.081696	0.37354675	13971.785187005997
174	896.5477	15.477507	914.0524	880.47675	897.3215	18.608183	921.9213	862.6136	1000.0	1000.0	695999	85.3114	11.909549	97.87916	56.18743	-85.57249	0.36762723	14054.984897136688
175	891.959	13.231177	906.20514	870.37354	854.92395	43.18114	927.83386	804.4574	1000.0	1000.0	699999	85.48167	11.807512	98.47068	55.19872	-85.71469	0.34489587	14135.597074985504
176	889.94446	51.591373	929.6051	801.892	910.0703	22.382053	939.5104	875.4608	1000.0	1000.0	703999	85.83836	11.36448	98.51503	57.100525	-86.101685	0.34329244	14212.18209028244
177	896.9913	26.790653	931.56604	867.1538	894.7494	15.897431	919.01404	874.8896	1000.0	1000.0	707999	86.00134	11.265135	98.102554	55.511997	-86.23664	0.32497308	14294.38946056366
178	882.7539	32.375793	921.95215	842.3203	894.6979	22.88804	928.1211	862.0869	1000.0	1000.0	711999	85.9019	11.4085865	99.8038	55.02797	-86.13222	0.32742226	14379.82433104515
179	896.8728	35.026886	933.46014	860.36865	895.0164	11.143607	918.9491	879.34485	1000.0	1000.0	715999	85.90477	11.4801855	100.84224	55.672295	-86.1315	0.34410188	14459.989362955093
180	904.25183	14.358842	925.2022	886.2362	907.85803	15.188833	930.70557	876.1547	1000.0	1000.0	719999	85.74535	11.867956	98.40206	54.657234	-85.97456	0.3509491	14542.397510290146
181	854.6753	42.02431	905.2009	799.4084	837.6847	33.961834	887.5872	771.68365	1000.0	1000.0	723999	85.72369	11.986386	98.38436	54.609955	-85.93726	0.34265876	14625.598537683487
182	904.1878	11.809977	923.27985	892.44305	910.94855	13.08105	925.75903	882.9563	1000.0	1000.0	727999	85.43947	12.279893	100.11838	54.672318	-85.66076	0.36364484	14708.985826730728
183	906.72156	30.286543	936.1759	857.2931	905.90546	19.628193	930.9457	863.19684	1000.0	1000.0	731999	85.70125	11.930358	100.47642	55.932835	-85.94534	0.3616029	14795.393159866333
184	922.0415	16.862875	936.7031	893.54736	908.91797	21.192335	938.2826	871.8384	1000.0	1000.0	735999	86.05322	11.413085	98.58746	55.435883	-86.30912	0.34075713	14880.987566232681
185	901.7291	28.887226	938.9072	868.9593	909.83856	19.270529	941.27057	879.71735	1000.0	1000.0	739999	86.42988	10.902414	97.789505	57.500538	-86.6625	0.32705045	14964.331556081772
186	907.522	18.831818	930.5709	888.1765	902.5636	19.097298	933.5802	863.99274	1000.0	1000.0	743999	86.48015	10.943813	99.464935	56.50283	-86.716675	0.32688764	15045.831291437149
187	895.55115	24.992764	937.64435	876.28485	922.67645	22.37415	953.28076	876.5036	1000.0	1000.0	747999	86.35117	11.121206	98.01224	56.26658	-86.55992	0.32971042	15129.866819858551
188	917.8868	20.899723	940.12036	891.58075	900.283	25.449701	944.2865	861.6941	1000.0	1000.0	751999	86.22481	11.408426	98.17021	56.431797	-86.451706	0.33535787	15218.147356271744
189	919.73096	16.372637	942.44995	900.8197	913.4782	18.40019	937.4173	875.84955	1000.0	1000.0	755999	86.51511	11.105186	98.16568	56.251842	-86.76537	0.35148656	15302.847794532776
190	929.26013	12.516545	944.43286	913.3717	849.2958	39.458652	926.2269	800.6719	1000.0	1000.0	759999	86.81999	10.748657	98.074425	55.94428	-87.04048	0.3229317	15393.382821798325
191	913.899	11.222787	933.06366	904.6414	919.54626	19.756525	944.58057	890.59503	1000.0	1000.0	763999	86.63613	11.17762	99.70267	56.46751	-86.85859	0.3202655	15481.857470035553
192	912.9184	6.5993056	923.977	906.5732	912.71985	43.516155	948.251	787.57806	1000.0	1000.0	767999	86.78833	11.128133	98.61035	56.566185	-87.0122	0.3257859	15572.885136127472
193	924.54974	17.284153	939.3265	895.0857	928.3834	19.097692	948.2159	884.5403	1000.0	1000.0	771999	86.67912	11.388956	98.28515	57.551735	-86.90069	0.32912338	15655.048662662506
194	928.9907	4.335611	934.1654	923.67163	915.9071	14.013138	933.8024	895.16235	1000.0	1000.0	775999	86.81398	11.176397	97.7837	57.95222	-87.03046	0.3036064	15733.237315416336
195	909.91327	23.359957	939.8228	880.16296	910.0936	31.242838	952.7642	841.71814	1000.0	1000.0	779999	86.5578	11.700382	98.53291	57.688683	-86.76783	0.35676962	15811.512939214706
196	925.3036	14.144128	942.3181	905.8564	911.6084	23.448587	939.08044	864.86816	1000.0	1000.0	783999	86.97264	11.100259	98.75003	57.559795	-87.22519	0.33502576	15891.030754327774
197	921.68634	11.044619	933.74677	906.2888	913.2583	13.799969	937.25775	896.14734	1000.0	1000.0	787999	87.23079	10.783965	98.256935	57.365032	-87.43779	0.31824085	15971.672551393509
198	934.26587	11.752515	948.00757	917.4516	918.4868	13.770319	934.2992	890.4121	1000.0	1000.0	791999	86.83253	11.344061	98.39749	57.024044	-87.03512	0.3104441	16051.19098997116
199	899.66284	25.168432	928.5207	862.59485	905.78204	20.304184	945.0061	877.94415	1000.0	1000.0	795999	86.92307	11.320812	99.39906	56.521187	-87.15493	0.31929302	16133.801433563232
200	879.6274	21.9321	895.13434	841.8714	910.4388	17.172276	933.15094	874.75037	1000.0	1000.0	799999	87.36423	10.720571	101.137596	57.528572	-87.5946	0.29904905	16216.614187717438
201	920.10187	22.959913	947.2722	885.657	925.993	19.406164	945.0653	877.1263	1000.0	1000.0	803999	87.21071	10.940785	98.54247	57.57953	-87.40785	0.2918017	16300.785885810852
202	935.37225	9.936884	946.59814	921.73145	918.6582	30.771593	943.4659	834.9027	1000.0	1000.0	807999	87.13635	11.233772	98.52213	58.306557	-87.34845	0.31456468	16386.059160232544
203	911.136	15.386902	935.29724	894.6916	919.1157	20.408136	942.99207	883.3883	1000.0	1000.0	811999	86.98049	11.554364	98.43865	55.93509	-87.19012	0.3424978	16462.285719633102
204	909.66455	14.368189	924.6298	892.1552	912.50323	11.952086	929.0652	890.3771	1000.0	1000.0	815999	87.19893	11.120285	98.185936	55.748695	-87.430016	0.33521605	16541.624331474304
205	924.56647	15.302237	946.1359	904.8742	912.79266	22.590677	938.8455	874.4926	1000.0	1000.0	819999	87.2214	11.12191	97.92351	54.46381	-87.411354	0.31132385	16620.60579252243
206	908.24725	10.5252695	921.5705	892.3055	916.61017	13.63645	938.17847	895.8691	1000.0	1000.0	823999	86.9737	11.6067705	98.58208	56.91516	-87.18765	0.32531366	16696.67177414894
207	894.3977	18.327774	915.9398	865.5622	904.62244	17.992775	928.96423	863.7433	1000.0	1000.0	827999	87.24585	11.322187	99.65045	57.685814	-87.45229	0.32213575	16777.73518204689
208	919.9621	16.516357	943.6412	901.9437	933.24133	23.89245	948.89374	863.7148	1000.0	1000.0	831999	87.04793	11.588057	101.29271	55.636986	-87.25311	0.34304982	16859.29791021347
209	907.4666	17.599846	931.57684	883.6015	900.861	19.732307	927.6137	869.67847	1000.0	1000.0	835999	87.25324	11.2094345	98.040405	55.07279	-87.46101	0.32965925	16939.832984685898
210	908.25366	14.337542	928.6905	889.2002	921.5921	13.357637	936.7682	894.2877	1000.0	1000.0	839999	87.04755	11.571916	99.659874	56.26274	-87.243935	0.31705016	17019.98791050911
211	903.73566	8.2969	914.89825	892.08594	906.1437	28.675692	940.78735	853.6972	1000.0	1000.0	843999	87.44622	11.088446	98.818794	55.764793	-87.68508	0.3326901	17098.177265882492
212	898.70435	17.514492	920.3635	880.46814	914.47156	17.651787	941.3872	887.27985	1000.0	1000.0	847999	87.65578	10.808668	98.74906	56.24053	-87.8605	0.33422145	17176.33987760544
213	912.4174	18.77082	936.8382	885.343	914.6409	12.276687	935.8984	900.49304	1000.0	1000.0	851999	87.67174	10.772181	98.1445	56.376904	-87.87133	0.3281165	17256.169798851013
214	910.39404	25.88731	935.6003	867.7491	891.6688	26.820847	921.9911	825.2715	1000.0	1000.0	855999	87.79636	10.718445	98.2562	56.50734	-88.00744	0.29026908	17332.481359004974
215	904.73676	17.598425	935.02655	891.443	920.68146	15.72562	951.0228	889.0459	1000.0	1000.0	859999	87.75928	10.888563	98.21209	56.567978	-87.96178	0.29670438	17411.639091014862
216	923.4729	15.107778	949.16925	911.30194	887.54504	38.083176	941.4488	817.9438	1000.0	1000.0	863999	87.95927	10.655872	97.97715	56.52307	-88.17047	0.30335668	17490.384716510773
217	871.00287	60.03208	922.0356	774.25354	914.22864	16.629454	935.1943	886.825	1000.0	1000.0	867999	87.87491	10.911683	98.582466	56.699406	-88.07595	0.30516386	17578.04449725151
218	906.5713	10.401214	921.5054	892.1466	918.7352	25.927052	944.25183	848.75964	1000.0	1000.0	871999	87.81863	11.038191	99.10362	55.998005	-88.00859	0.3174255	17656.777098417282
219	930.3838	8.368289	942.7186	922.6342	890.5192	24.944796	938.8065	845.67035	1000.0	1000.0	875999	87.95618	10.939735	98.4015	56.714256	-88.17214	0.332099	17740.791450977325
220	928.1808	14.550727	947.3761	906.6599	911.6124	23.171528	940.0695	870.04474	1000.0	1000.0	879999	87.89365	11.056614	98.610695	55.70021	-88.09458	0.32670337	17818.640537261963
221	895.9848	31.321867	918.7754	842.01447	918.47736	24.20937	950.0788	870.33936	1000.0	1000.0	883999	88.47146	10.228612	98.56979	57.235184	-88.69017	0.32526243	17895.73041534424
222	919.4915	12.408326	935.57654	900.6932	915.8412	19.541037	933.95734	884.2161	1000.0	1000.0	887999	88.30352	10.579987	98.74673	56.86822	-88.49355	0.30896875	17973.320358276367
223	915.3325	5.615661	920.3755	906.11005	879.6398	19.71884	908.96576	849.73975	1000.0	1000.0	891999	88.21724	10.7352295	98.40676	57.818226	-88.41888	0.31164315	18051.45940232277
224	879.7278	31.5607	908.64026	830.3119	906.03253	30.572868	943.2386	832.12134	1000.0	1000.0	895999	88.18088	11.045252	98.84439	57.985672	-88.37883	0.33530217	18130.09942984581
225	923.84216	13.901869	940.0522	902.1266	903.2938	32.492783	939.5503	837.21893	1000.0	1000.0	899999	88.46981	10.730018	99.0236	57.79723	-88.67222	0.335042	18209.434294223785
226	908.0055	19.204248	934.56494	880.30835	922.2554	18.485075	939.98035	874.20483	1000.0	1000.0	903999	88.233	11.126537	98.78643	53.23778	-88.42	0.35753468	18292.070979118347
227	895.02905	22.836967	929.0023	865.9021	926.77734	13.100899	944.7281	903.63776	1000.0	1000.0	907999	88.2062	11.143853	99.28033	57.474525	-88.39302	0.36268592	18369.708236932755
228	882.0564	44.106018	939.3738	828.69226	916.8447	14.20004	941.91614	896.0567	1000.0	1000.0	911999	88.09806	11.417111	101.11791	57.19155	-88.2912	0.33506623	18448.19114303589
229	920.3243	17.45674	943.29987	896.15875	923.7946	23.212397	949.16644	874.30774	1000.0	1000.0	915999	88.42393	10.995093	100.86677	56.289917	-88.64479	0.3177844	18530.854796886444
230	885.2707	32.154007	927.9794	846.0621	921.3154	17.059032	947.3587	895.0641	1000.0	1000.0	919999	88.77157	10.617969	98.90204	56.82048	-88.9735	0.31199935	18612.734972000122
231	905.75055	4.520485	912.4018	899.6609	912.1559	23.829922	942.46204	863.4588	1000.0	1000.0	923999	88.66506	10.897005	99.26156	58.189148	-88.846924	0.31315047	18696.724858760834
232	919.6998	15.206178	937.8946	904.0285	898.43665	25.13653	944.5391	862.3942	1000.0	1000.0	927999	88.48037	11.192826	99.20595	57.107025	-88.67442	0.3402962	18776.620170116425
233	920.6242	13.377667	934.42804	899.45984	937.7952	8.651776	948.50507	921.3076	1000.0	1000.0	931999	88.52577	11.07504	101.04986	56.98626	-88.725235	0.3354851	18864.528232336044
234	924.8545	14.888343	948.03314	909.0431	899.9481	37.932487	938.4641	795.9493	1000.0	1000.0	935999	88.83221	10.362778	99.51462	58.278	-89.03347	0.31101832	18950.702614545822
235	906.65283	30.786182	940.78485	862.61786	913.7865	32.79051	949.88403	851.2188	1000.0	1000.0	939999	88.60138	10.646294	99.37529	58.595173	-88.76877	0.30131006	19035.954036474228
236	929.02686	21.724768	949.2408	892.3673	911.91895	17.884508	935.32117	874.6866	1000.0	1000.0	943999	88.37334	11.12904	99.660255	57.524002	-88.56178	0.30939472	19119.477034330368
237	901.417	8.625948	914.39453	892.15247	918.81866	13.70712	938.6202	896.2701	1000.0	1000.0	947999	88.49673	10.9564	98.660324	56.32846	-88.6912	0.30415717	19199.44203710556
238	901.24005	24.278349	931.53864	865.4727	884.01044	30.852062	934.1548	836.0061	1000.0	1000.0	951999	88.51118	11.147156	100.34254	55.670723	-88.699066	0.3164353	19276.549952745438
239	923.36053	13.21036	944.20026	909.1581	891.93005	33.823864	925.2421	812.94214	1000.0	1000.0	955999	88.49673	11.32783	99.13534	56.409363	-88.6732	0.31372303	19357.34285235405
240	931.2432	11.871341	943.187	912.84344	918.30975	20.728771	936.7188	863.99854	1000.0	1000.0	959999	88.4762	11.516918	98.55773	56.41876	-88.67536	0.3107623	19442.98129081726
241	906.38367	29.157387	940.7195	868.5922	903.8968	28.426527	935.3857	829.69934	1000.0	1000.0	963999	88.8801	10.80667	100.21022	56.5694	-89.08341	0.29726264	19529.022160053253
242	899.3276	17.785736	925.81805	876.01825	897.83527	23.027729	924.1879	848.2613	1000.0	1000.0	967999	88.85859	10.931882	99.23114	56.2551	-89.03896	0.31581149	19614.548820972443
243	891.6139	15.03402	904.8791	866.4439	900.5233	26.543945	928.0205	856.8036	1000.0	1000.0	971999	88.81118	11.085967	98.67326	57.31875	-88.992455	0.31337	19702.539582252502
244	910.60156	32.568058	935.54114	855.1893	930.9829	14.737736	951.0877	902.66583	1000.0	1000.0	975999	88.89844	11.104701	98.74565	56.833717	-89.09119	0.29255566	19787.543222904205
245	903.6297	11.144286	921.36725	890.793	881.7594	23.088188	928.7481	841.88306	1000.0	1000.0	979999	88.98452	11.009757	98.790596	57.555557	-89.18703	0.3112432	19872.89145231247
246	914.44293	17.59276	934.96313	886.5265	895.57117	27.898924	927.60565	849.1163	1000.0	1000.0	983999	89.43171	10.112046	98.99932	57.2952	-89.63211	0.28947228	19954.528544664383
247	929.46747	11.487313	941.1484	911.3439	899.79315	22.882385	938.0482	873.0175	1000.0	1000.0	987999	89.36213	10.282907	100.43747	57.814625	-89.545685	0.28336465	20035.186861515045
248	899.17944	17.423634	919.68634	878.627	909.6395	23.771524	939.9915	869.659	1000.0	1000.0	991999	89.32168	10.304043	99.094406	57.269787	-89.503395	0.27738342	20117.19703722
249	837.24365	26.524727	878.272	812.6466	849.50165	67.22166	925.28406	721.5593	1000.0	1000.0	995999	89.14009	10.62908	100.82775	56.121464	-89.31833	0.28994083	20202.688349962234
250	872.2967	26.373579	894.94714	830.158	798.256	33.215126	860.43085	744.9656	1000.0	1000.0	999999	89.34549	10.130044	99.92686	56.921375	-89.544815	0.30481058	20288.66828560829
251	915.11957	28.855104	949.7234	880.0335	862.5591	27.078285	903.36176	801.7081	1000.0	1000.0	1003999	89.23305	10.148582	98.908714	57.587303	-89.396935	0.3084419	20370.781440019608
252	921.15576	29.057047	947.867	876.3373	915.4598	10.623251	930.9695	902.469	1000.0	1000.0	1007999	89.3786	9.940447	98.64087	58.326977	-89.57425	0.2958003	20450.126394748688
253	906.0853	23.605156	936.66406	880.00085	917.11145	20.517801	944.0748	883.85565	1000.0	1000.0	1011999	89.44052	9.903326	100.205444	56.358532	-89.604904	0.2783191	20529.852090358734
254	908.3756	29.958254	934.3146	860.23376	857.72766	32.833004	906.108	812.378	1000.0	1000.0	1015999	89.38296	10.079296	98.51168	56.51366	-89.56506	0.26331085	20606.7212164402
255	917.0923	17.638416	941.82996	892.3633	923.72644	17.70622	939.28064	889.8314	1000.0	1000.0	1019999	89.79139	9.495468	98.852	54.92611	-89.97613	0.27893615	20692.89728665352
256	916.75916	22.057991	931.8626	878.67926	923.44934	13.776584	947.87634	907.4073	1000.0	1000.0	1023999	89.65864	9.793143	98.733376	54.28382	-89.81205	0.2779735	20774.144095420837
257	892.73303	10.585641	904.7471	879.43304	907.5495	20.360159	936.9534	880.2328	1000.0	1000.0	1027999	89.49319	10.133538	98.48834	57.419563	-89.66334	0.28237695	20856.4737637043
258	900.5775	20.870522	931.74817	876.62964	919.0366	12.708872	933.5738	887.1692	1000.0	1000.0	1031999	89.70966	9.746703	98.36598	58.01352	-89.87846	0.26650292	20938.52481198311
259	905.9251	28.899612	928.66425	857.13257	912.81836	24.752317	942.0091	847.4154	1000.0	1000.0	1035999	89.90124	9.374443	98.982315	56.933647	-90.07324	0.27470765	21021.349883556366
260	926.9398	16.111279	942.0596	900.37946	916.3755	23.07685	941.5404	860.1444	1000.0	1000.0	1039999	89.93805	9.515229	99.42756	55.96009	-90.09077	0.26945972	21106.65717625618
261	925.6105	19.330608	943.4165	896.83246	921.63965	23.140623	944.0562	871.4608	1000.0	1000.0	1043999	89.99534	9.535441	98.09341	55.855644	-90.15363	0.2566877	21191.264642715454
262	904.9606	22.277958	931.2056	870.72174	922.4044	11.045676	938.09436	894.6702	1000.0	1000.0	1047999	90.03901	9.423667	98.16269	55.74082	-90.192314	0.2740595	21276.472416877747
263	908.37775	17.670479	928.7606	885.5391	889.9595	35.816307	937.1959	816.7313	1000.0	1000.0	1051999	90.07478	9.444088	98.3925	55.56484	-90.22779	0.27558678	21360.629064798355
264	900.73444	7.363804	910.8327	890.1862	886.8506	50.333904	941.9582	754.35364	1000.0	1000.0	1055999	90.23486	9.267845	98.82225	56.104317	-90.393364	0.27542576	21443.18599653244
265	905.59033	16.89077	926.5813	886.8526	904.0423	20.078869	932.38763	871.92426	1000.0	1000.0	1059999	90.40162	9.139335	100.89805	57.10762	-90.54158	0.25607342	21520.22575521469
266	920.8691	7.438188	932.2548	911.53064	883.0581	39.023216	924.2929	781.06757	1000.0	1000.0	1063999	90.26406	9.692702	99.161606	56.185646	-90.403564	0.27369353	21599.430288553238
267	928.65265	9.858031	940.8881	917.74634	911.4051	25.432516	934.8959	843.1518	1000.0	1000.0	1067999	90.39201	9.510075	98.89642	55.65485	-90.53867	0.2833706	21677.40427184105
268	917.15	27.432827	948.66	878.77106	895.7833	21.727314	927.0615	854.08594	1000.0	1000.0	1071999	90.57681	9.278284	103.88713	57.213352	-90.72372	0.28031355	21764.546329975128
269	897.1655	29.345894	926.9482	857.0427	921.2576	18.800442	941.4298	886.9011	1000.0	1000.0	1075999	90.75721	8.967056	102.029434	53.18865	-90.900856	0.31265926	21852.08406805992
270	925.6881	10.345016	939.3749	910.52765	913.661	25.565462	942.5464	856.90576	1000.0	1000.0	1079999	90.7544	9.210971	98.90778	56.200447	-90.88772	0.29178014	21942.634557962418
271	910.8047	15.937435	937.10876	896.77545	923.09064	19.197567	949.38464	891.53925	1000.0	1000.0	1083999	90.78139	9.293697	107.94194	55.83258	-90.91411	0.28462768	22021.68475151062
272	901.7978	32.201458	937.96124	864.1772	911.18945	20.330826	935.63336	861.7336	1000.0	1000.0	1087999	90.96489	9.005205	100.039116	55.463932	-91.108215	0.27376544	22098.986416578293
273	927.301	14.105325	944.4286	905.44727	914.5405	37.046356	951.5445	817.3179	1000.0	1000.0	1091999	91.24107	8.41295	98.3313	56.841442	-91.38141	0.27664742	22177.312046289444
274	925.09656	18.778038	949.13745	900.0687	897.34656	23.779707	926.2902	832.94073	1000.0	1000.0	1095999	91.31744	8.5265465	99.98978	54.96948	-91.43923	0.28925288	22262.200481176376
275	917.2713	11.094218	929.8481	905.0523	914.5177	18.968355	946.23553	884.13446	1000.0	1000.0	1099999	91.1694	9.04277	99.38467	51.118256	-91.290344	0.30137894	22346.621475458145
276	905.17346	33.054745	940.3239	853.73236	928.03107	24.200226	944.14087	862.833	1000.0	1000.0	1103999	91.42245	8.785195	100.16431	54.144794	-91.56842	0.31004345	22429.458737134933
277	898.2298	15.096984	914.5901	874.4195	906.6984	28.062399	933.54175	831.3813	1000.0	1000.0	1107999	91.60833	8.318857	101.007286	49.752842	-91.72251	0.32262346	22509.989735603333
278	925.43695	11.464116	936.95337	907.02655	907.19824	23.346434	943.23694	863.2742	1000.0	1000.0	1111999	91.45845	8.603312	101.21552	52.629757	-91.58227	0.32240507	22589.59240436554
279	929.2078	10.723147	937.1525	910.7507	888.3535	23.451223	920.04266	847.6957	1000.0	1000.0	1115999	91.67039	8.171681	103.61668	57.088734	-91.7931	0.3044908	22675.576642751694
280	913.0518	24.677883	942.94403	874.64557	916.8797	17.063469	935.01337	879.96924	1000.0	1000.0	1119999	91.80913	8.022916	104.09729	57.967903	-91.93926	0.2769101	22762.164393663406
281	932.5819	6.2427216	942.0183	924.46686	919.60706	21.018663	943.1441	876.0028	1000.0	1000.0	1123999	92.01073	7.664837	98.64146	56.839874	-92.124626	0.2611678	22847.097648620605
282	892.5093	22.796608	916.57416	855.69086	897.0917	29.127468	932.1144	825.4863	1000.0	1000.0	1127999	91.92123	7.847806	99.41945	56.571354	-92.03099	0.25640234	22936.927969694138
283	905.1739	12.985224	924.8136	889.23895	907.68964	32.43602	948.3793	825.8023	1000.0	1000.0	1131999	91.92761	8.061077	99.38907	55.556576	-92.04128	0.26839575	23020.38089632988
284	901.1901	20.174387	928.21436	872.501	867.2759	17.297476	892.33356	836.40845	1000.0	1000.0	1135999	92.12508	7.77195	101.5553	55.16053	-92.2483	0.2594214	23104.700632572174
285	903.9176	31.418322	936.32764	853.8959	883.54803	23.918129	906.9864	832.4061	1000.0	1000.0	1139999	92.43055	7.256345	100.60056	55.226845	-92.55709	0.25694752	23187.237043619156
286	889.6174	22.998596	924.8856	863.1288	822.8519	30.687824	877.4525	760.8467	1000.0	1000.0	1143999	92.5475	7.072569	102.276596	56.63469	-92.65449	0.24378929	23269.68803834915
287	851.1169	61.54685	899.4748	746.6679	899.65515	17.149881	933.08307	875.0421	1000.0	1000.0	1147999	92.42876	7.1361823	98.693794	55.56656	-92.52381	0.25301227	23354.047506809235
288	917.58484	12.168874	938.4581	907.9272	922.8006	28.170214	947.2183	846.3015	1000.0	1000.0	1151999	92.34664	7.091628	99.34834	54.3631	-92.44984	0.26384073	23432.546727895737
289	910.823	28.958874	940.01294	867.42267	932.0715	13.365991	949.73193	912.87427	1000.0	1000.0	1155999	92.4574	6.927657	99.206764	56.082664	-92.56275	0.24029803	23508.997208356857
290	928.80444	13.629366	951.0252	916.2125	928.1294	18.064327	948.79205	884.0697	1000.0	1000.0	1159999	92.53798	7.0549946	100.64973	54.41205	-92.64016	0.250488	23594.113549232483
291	927.88525	22.275745	960.51117	898.0045	917.6022	30.379787	951.92175	867.4362	1000.0	1000.0	1163999	92.63436	6.954751	100.23177	57.380325	-92.738625	0.24722418	23674.961621284485
292	928.06055	21.903027	950.6744	895.36615	907.20984	29.52687	943.7377	847.04755	1000.0	1000.0	1167999	92.78675	6.8296266	102.25519	57.665657	-92.88549	0.24554376	23753.837460041046
293	914.80396	10.514769	931.15533	903.45917	929.2866	18.962694	949.51227	886.3192	1000.0	1000.0	1171999	92.92218	6.6931877	100.90904	56.299168	-93.02834	0.245262	23835.125783920288
294	911.48566	22.408783	931.7556	873.6351	920.2529	24.902464	941.13776	863.4158	1000.0	1000.0	1175999	93.08958	6.2968125	99.486374	57.588867	-93.17576	0.24343738	23917.15593266487
295	931.47253	13.53698	945.4996	910.10034	942.3949	13.493412	962.65106	922.56793	1000.0	1000.0	1179999	92.98486	6.786206	100.10289	57.38023	-93.07303	0.25496283	23997.517910003662
296	919.30066	25.101715	959.5626	895.04663	925.7428	18.461798	954.1561	886.488	1000.0	1000.0	1183999	93.13847	6.628657	100.08195	56.58761	-93.23674	0.2638254	24076.726640939713
297	890.08044	49.812447	939.12256	808.1932	932.41815	18.25857	954.13654	903.8157	1000.0	1000.0	1187999	93.19915	6.2465353	100.136795	56.635498	-93.28237	0.24238428	24154.68218231201
298	924.8861	29.832092	957.71625	878.5741	907.1053	26.293497	949.3429	857.3756	1000.0	1000.0	1191999	93.13441	6.4127016	100.2089	56.91124	-93.21792	0.24955249	24235.494576931
299	935.682	16.171587	956.89966	916.8722	931.68005	13.185455	946.1355	897.54706	1000.0	1000.0	1195999	93.21731	6.460075	100.52873	56.484184	-93.30619	0.24622071	24324.755659341812
300	926.12695	23.848354	955.0394	892.566	920.93964	15.110665	943.3952	900.79987	1000.0	1000.0	1199999	93.38171	6.1506886	99.9841	55.88123	-93.46663	0.24076858	24409.789700746536
301	922.3657	16.196648	947.72064	903.0676	914.65857	21.7031	944.33356	866.45795	1000.0	1000.0	1203999	93.51209	6.0662503	100.09183	56.67308	-93.595436	0.24235676	24495.094835281372
302	924.1641	6.913603	933.2302	915.46765	924.9752	14.836383	947.2234	894.131	1000.0	1000.0	1207999	93.64645	5.8309965	101.83834	53.452747	-93.729546	0.24485852	24578.064447164536
303	897.9649	46.057484	942.0652	822.16376	919.91614	36.95139	954.0763	826.4992	1000.0	1000.0	1211999	93.738	5.641775	101.54041	58.14862	-93.81734	0.2318912	24656.46358036995
304	915.81	19.06169	944.24176	897.54205	920.3263	15.852995	941.49066	886.67804	1000.0	1000.0	1215999	93.81247	5.4872165	99.94771	57.18425	-93.89165	0.24068707	24736.76561141014
305	931.53577	11.122511	942.9442	913.09827	928.3192	13.254582	946.2027	909.7445	1000.0	1000.0	1219999	93.85704	5.455995	102.63677	56.380867	-93.930466	0.2359292	24813.482284784317
306	904.7687	41.893215	945.9569	836.8676	927.167	15.080573	940.60645	900.814	1000.0	1000.0	1223999	93.92347	5.3656507	100.89873	57.36419	-93.99558	0.22657304	24893.328502178192
307	934.68713	16.161642	947.5457	907.29236	928.7163	14.5083685	952.7623	904.1863	1000.0	1000.0	1227999	93.97116	5.231652	98.74144	54.568115	-94.038155	0.23434635	24978.49794602394
308	937.9618	12.78458	954.0458	925.1527	927.34503	18.062618	949.6082	885.80273	1000.0	1000.0	1231999	94.02877	5.088291	99.52135	55.84056	-94.09786	0.24234043	25063.395009994507
309	932.02783	13.368105	941.5258	909.0321	933.0923	16.859934	953.50726	901.73334	1000.0	1000.0	1235999	94.07714	5.0462284	99.95388	51.98586	-94.14391	0.23888293	25141.862476587296
310	909.4154	8.738211	921.84503	899.29944	937.76886	15.925724	957.44	902.9085	1000.0	1000.0	1239999	94.12983	5.0418086	99.44134	55.538864	-94.195145	0.23647448	25220.483002901077
311	889.6326	48.395767	946.2042	817.394	886.3491	29.429344	924.9232	826.5993	1000.0	1000.0	1243999	94.19812	4.849934	100.265396	53.77203	-94.257416	0.25863314	25300.551699638367
312	926.7976	15.312291	942.91364	901.9759	921.12256	18.775642	939.5729	879.88885	1000.0	1000.0	1247999	94.22426	4.614661	98.60166	54.645798	-94.28361	0.23899256	25387.54299044609
313	914.555	11.398342	933.77966	904.0888	928.46106	19.17659	947.09485	897.69183	1000.0	1000.0	1251999	94.23884	4.6769514	99.24276	55.345924	-94.300514	0.23839061	25468.551370859146
314	935.5126	9.3618355	947.6554	921.33844	915.8541	25.528143	943.3624	865.7786	1000.0	1000.0	1255999	94.27173	4.5771656	101.09918	54.843178	-94.33144	0.22815448	25545.67778778076
315	915.4192	13.889881	933.3631	895.555	920.2378	14.008208	939.5012	896.53827	1000.0	1000.0	1259999	94.29183	4.600259	99.79237	54.348675	-94.34919	0.23603125	25622.644708633423
316	913.1026	16.30202	934.0412	892.10175	907.2578	17.558706	929.5039	871.072	1000.0	1000.0	1263999	94.35322	4.6801667	99.343994	52.011147	-94.413315	0.25581044	25700.818594932556
317	896.97076	7.520059	906.3445	887.3561	903.99805	13.497998	921.4546	880.1267	1000.0	1000.0	1267999	94.41006	4.541025	99.219284	53.2165	-94.462975	0.23147818	25780.10912489891
318	904.50385	26.067505	934.6255	868.9295	928.2907	23.179588	946.5374	864.92804	1000.0	1000.0	1271999	94.42566	4.426381	102.138084	53.3115	-94.48038	0.21281198	25863.393039941788
319	902.9079	16.565056	929.6519	884.2048	859.3053	35.120876	904.0945	784.2505	1000.0	1000.0	1275999	94.45812	4.2976146	99.93563	46.142952	-94.51286	0.21829048	25953.7180724144
320	903.5934	26.371374	938.0719	876.8188	906.0499	30.266193	945.3793	834.4733	1000.0	1000.0	1279999	94.53678	4.0793266	98.89041	53.75624	-94.58841	0.19793256	26037.636105060577
321	917.40845	12.4534	935.5037	900.45197	901.0667	25.661448	937.2407	852.6324	1000.0	1000.0	1283999	94.53001	4.0952463	98.841225	56.89751	-94.583206	0.1935115	26126.135472774506
322	931.375	9.237424	942.10004	917.8815	927.9274	17.887741	948.07404	887.5674	1000.0	1000.0	1287999	94.58813	4.1115713	98.279015	51.886265	-94.639465	0.19959667	26209.56689763069
323	932.9463	12.379888	949.2425	914.68823	926.09393	25.083986	953.0599	869.3574	1000.0	1000.0	1291999	94.5895	4.207289	100.72154	53.730843	-94.639015	0.19200571	26292.427709579468
324	921.7789	23.008228	952.40607	892.1734	915.9681	43.5892	953.51654	795.0672	1000.0	1000.0	1295999	94.63913	4.1217465	99.87876	55.306313	-94.68975	0.19786488	26379.11536502838
325	881.10895	45.315624	944.6746	818.4265	916.367	28.571203	944.88434	857.03937	1000.0	1000.0	1299999	94.62957	4.2193737	98.38352	47.372574	-94.67364	0.2150878	26470.72304725647
326	902.25653	11.364865	915.9604	884.44055	919.77637	28.684502	945.2698	849.3863	1000.0	1000.0	1303999	94.6022	4.2327304	98.65812	46.62582	-94.64458	0.22654876	26560.21666240692
327	940.75226	2.7138097	942.9285	936.15796	920.91437	13.81696	939.058	894.9767	1000.0	1000.0	1307999	94.56174	4.302728	99.34528	46.844265	-94.60558	0.21238098	26639.250242710114
328	923.72424	15.336062	944.33966	901.1133	911.9862	36.8219	942.10785	819.8015	1000.0	1000.0	1311999	94.5786	4.181876	99.19323	53.79608	-94.62336	0.21209507	26717.052434444427
329	912.76984	34.99717	941.38586	852.8541	916.508	25.583319	947.08014	870.3962	1000.0	1000.0	1315999	94.57866	4.1901093	97.89835	53.980667	-94.62278	0.20493922	26794.866455316544
330	710.50073	372.93332	951.1107	65.18193	832.9959	257.51154	939.9739	61.737194	1000.0	1000.0	1319999	94.56204	4.272022	98.46299	51.713615	-94.6055	0.21036889	26873.68177318573
331	920.72266	21.321962	945.27795	895.6818	845.81433	250.42104	946.6843	95.483536	1000.0	1000.0	1323999	94.50823	4.3551693	98.84005	51.42273	-94.54884	0.22233336	26955.31897163391
332	942.07324	7.9391704	948.539	928.8218	789.93555	278.28043	945.53546	83.250175	1000.0	1000.0	1327999	94.51911	4.3945312	98.57537	51.64656	-94.56388	0.22593255	27035.46901845932
333	918.2791	12.85556	927.36316	896.26276	914.1582	16.251257	931.8887	892.9642	1000.0	1000.0	1331999	94.60664	4.3483157	98.457794	51.61354	-94.6523	0.23713678	27117.793214797974
334	934.11786	14.135515	954.1443	914.5811	910.72815	33.23365	948.1232	845.2496	1000.0	1000.0	1335999	94.65569	4.2587867	98.625175	48.77327	-94.701096	0.22847351	27208.61707663536
335	906.479	28.197393	935.4305	866.4625	832.1483	233.41426	940.447	136.92348	1000.0	1000.0	1339999	94.74504	4.140793	99.4664	49.315685	-94.79181	0.21618104	27297.665656089783
336	919.0369	41.34923	945.1352	847.47906	866.12366	39.337658	923.6656	778.49396	1000.0	1000.0	1343999	94.82151	4.059053	99.336105	51.17534	-94.86713	0.20395884	27382.376550912857
337	934.8145	15.446577	958.157	914.7221	924.7081	19.89383	953.5531	898.5624	1000.0	1000.0	1347999	94.83487	4.084335	103.30511	52.93956	-94.87555	0.21410556	27460.352179288864
338	904.00305	37.995014	945.982	848.7964	946.44775	12.547778	960.5247	914.6223	1000.0	1000.0	1351999	94.82202	4.000927	98.51921	54.54948	-94.86334	0.19830018	27539.732747077942
339	917.2577	20.832499	933.11774	882.0595	913.5043	35.907314	951.87396	847.95026	1000.0	1000.0	1355999	94.79145	3.8935108	98.38962	54.598057	-94.829124	0.19273715	27618.548998117447
340	931.82007	8.852485	945.60657	920.92395	926.11914	13.862319	943.4656	904.5369	1000.0	1000.0	1359999	94.71899	3.9755347	98.947426	55.013866	-94.75638	0.21685423	27698.377383470535
341	744.90204	278.3777	936.23505	265.47794	916.9193	23.637281	951.1606	864.2402	1000.0	1000.0	1363999	94.67859	4.000039	100.29064	54.27522	-94.72128	0.20759612	27780.753370285034
342	925.3694	21.727571	946.6289	893.9806	904.75653	33.448143	939.4267	843.7243	1000.0	1000.0	1367999	94.71679	4.069378	98.192474	53.980503	-94.756195	0.20790097	27861.419028520584
343	917.575	43.25395	953.94354	843.8147	924.15125	23.90453	951.9442	878.5418	1000.0	1000.0	1371999	94.73049	4.064454	99.74339	56.041107	-94.76962	0.21263531	27947.926542282104
344	916.30347	34.22096	948.78674	861.65967	926.9665	13.43894	944.4375	899.12994	1000.0	1000.0	1375999	94.67574	4.037673	98.04766	56.307476	-94.70951	0.20582783	28035.551425218582
345	754.8534	292.30463	941.36926	249.49117	921.60645	14.430013	940.7151	889.01416	1000.0	1000.0	1379999	94.61935	4.0855627	98.22065	53.806396	-94.656075	0.21412763	28120.573554039
346	919.0912	11.589319	938.36395	908.5142	917.76917	19.40203	949.13605	891.82135	1000.0	1000.0	1383999	94.52043	4.2809954	99.9658	46.658463	-94.55592	0.24311066	28204.776495695114
347	935.3114	10.144301	949.668	920.981	934.41797	19.635927	952.6411	898.9683	1000.0	1000.0	1387999	94.54424	4.1561666	102.05098	50.903408	-94.582794	0.21799743	28293.519122362137
348	882.9189	103.50735	954.3806	704.085	933.8483	15.669364	953.4218	904.19775	1000.0	1000.0	1391999	94.53907	4.1016355	98.55005	51.736664	-94.57623	0.21603277	28381.39830327034
349	909.8747	28.295631	957.5691	887.53784	911.24866	27.778765	938.604	861.6759	1000.0	1000.0	1395999	94.54208	4.0428634	97.92287	54.662807	-94.579346	0.20102482	28460.91146326065
350	703.63184	330.8561	933.95447	133.3584	901.4979	24.592714	932.9684	855.98517	1000.0	1000.0	1399999	94.52842	4.0053616	97.86032	52.427635	-94.5651	0.19246674	28541.35216832161
351	918.4355	7.694018	929.15607	909.6923	883.3467	47.68224	925.77124	758.12195	1000.0	1000.0	1403999	94.52613	4.0676165	98.282104	54.870403	-94.564445	0.19051757	28619.609617710114
352	926.5108	21.784096	956.4646	896.19354	915.62744	44.515232	960.1911	798.38525	1000.0	1000.0	1407999	94.58497	4.1277404	98.17538	53.139633	-94.62579	0.19043691	28697.487018823624
353	920.48706	28.366217	947.28845	872.73047	922.8568	17.098852	942.0189	883.8266	1000.0	1000.0	1411999	94.62293	4.1490784	97.79968	55.17321	-94.660706	0.18706022	28775.920522928238
354	930.92285	9.334487	942.5694	917.4981	909.9818	45.82305	953.02826	802.01624	1000.0	1000.0	1415999	94.6158	4.130154	98.91908	54.677704	-94.654106	0.19246472	28852.722856998444
355	874.7429	61.27494	940.193	808.3428	914.96155	67.596725	949.9977	715.64154	1000.0	1000.0	1419999	94.65661	4.0953956	97.67688	54.837234	-94.69481	0.18777493	28932.34037876129
356	899.226	31.550272	931.1815	849.70056	919.2749	19.801836	960.93695	890.6966	1000.0	1000.0	1423999	94.62506	4.198937	97.70164	54.645878	-94.65945	0.19699663	29013.236203432083
357	815.23663	218.91905	945.9529	436.1113	922.0615	27.929987	953.13104	867.8975	1000.0	1000.0	1427999	94.61874	4.343585	97.7711	54.277454	-94.65288	0.19933042	29099.700417995453
358	931.702	11.703279	948.3847	919.93823	933.3695	21.793543	962.10266	883.7004	1000.0	1000.0	1431999	94.6106	4.4078703	97.84394	53.7325	-94.64674	0.19863716	29184.8434009552
359	873.576	49.598713	915.9945	789.05426	915.81366	29.740711	956.0826	862.9348	1000.0	1000.0	1435999	94.63592	4.375948	98.284294	53.801018	-94.67148	0.18661246	29270.690618753433
360	916.2194	20.645742	940.7073	895.068	885.3348	50.453915	936.0468	764.7892	1000.0	1000.0	1439999	94.64257	4.358978	97.69276	53.742546	-94.677986	0.20977893	29360.422340393066
361	853.0145	47.636166	929.9214	812.47144	932.3636	12.414943	945.58636	903.13947	1000.0	1000.0	1443999	94.65772	4.2695675	97.684875	56.154015	-94.6905	0.20673424	29442.45599770546
362	935.7928	5.837231	945.1572	929.24677	940.0962	10.775538	950.8893	919.2499	1000.0	1000.0	1447999	94.56964	4.4747	98.23445	52.440918	-94.60572	0.22524408	29526.877722978592
363	897.4077	44.246758	938.1525	827.82605	911.84717	39.672386	950.2369	814.00085	1000.0	1000.0	1451999	94.63693	4.2619185	98.85028	54.84688	-94.67651	0.21691261	29611.685183525085
364	876.1426	59.96172	945.5422	782.2748	914.41077	35.452377	952.8023	838.6145	1000.0	1000.0	1455999	94.65671	4.1941733	98.435036	56.89438	-94.69206	0.19315208	29692.49471259117
365	884.427	33.368793	936.37006	854.9097	919.5116	25.605333	949.7556	858.3738	1000.0	1000.0	1459999	94.65178	4.2750335	98.29283	57.28912	-94.68483	0.19227785	29770.3895881176
366	925.92535	14.68058	941.4129	910.33496	906.3749	35.289875	952.546	830.40625	1000.0	1000.0	1463999	94.64613	4.2208166	98.607155	55.668766	-94.68001	0.19484052	29848.558339834213
367	924.0464	26.36834	949.81165	882.9094	902.3241	38.27701	953.6626	829.25366	1000.0	1000.0	1467999	94.64313	4.1847672	98.18332	55.860245	-94.6782	0.20249428	29927.730710744858
368	920.0151	13.810894	934.5109	897.24286	922.87305	15.273987	949.065	899.37067	1000.0	1000.0	1471999	94.67557	4.2585325	98.71205	54.699474	-94.71093	0.1948438	30006.73223567009
369	936.4491	14.198472	959.8141	921.6321	938.24805	13.548832	953.82666	916.4316	1000.0	1000.0	1475999	94.71532	4.2226095	98.223236	55.52204	-94.75408	0.18671282	30086.158237934113
370	931.99927	13.785612	945.7839	909.5923	910.90546	20.130154	945.40015	884.9251	1000.0	1000.0	1479999	94.78049	4.096764	98.64547	58.135803	-94.81875	0.18241788	30164.9867374897
371	927.29645	6.32947	931.3632	916.3463	913.7345	25.62596	943.78174	861.2139	1000.0	1000.0	1483999	94.81893	4.1399403	98.59328	57.845757	-94.85587	0.18057747	30242.686057567596
372	861.7256	69.36709	923.8281	748.9139	881.6012	72.43005	943.02893	681.1896	1000.0	1000.0	1487999	94.84879	4.041978	99.00577	57.412586	-94.884544	0.1734878	30332.954653978348
373	889.2429	41.867138	951.84906	834.188	928.95667	26.385548	957.2266	879.4954	1000.0	1000.0	1491999	94.85347	3.975165	98.81067	59.269287	-94.890274	0.16156404	30422.12159895897
374	920.42615	29.998339	945.0318	869.74396	866.68604	98.92154	938.47394	608.7256	1000.0	1000.0	1495999	94.87796	3.9848394	99.1754	58.32429	-94.91351	0.16426462	30499.151539564133
375	832.45996	62.65263	899.6094	740.7016	914.8629	53.749195	971.82874	775.80566	1000.0	1000.0	1499999	94.79924	4.20295	98.84643	55.043915	-94.8272	0.18009055	30578.04395675659
376	894.56793	34.515564	936.9757	859.64874	853.4083	12.839351	869.72327	828.42566	1000.0	1000.0	1503999	94.69751	4.171094	102.56373	56.180748	-94.72731	0.18604887	30656.830296754837
377	921.525	6.1399465	930.28143	912.957	915.99835	20.02956	940.4276	875.8304	1000.0	1000.0	1507999	94.61712	4.155067	98.644264	57.302612	-94.64471	0.18843652	30741.327352046967
378	934.4778	9.340914	941.65765	918.41516	932.9004	26.434431	952.0228	870.6235	1000.0	1000.0	1511999	94.54912	4.2111006	98.408165	53.7267	-94.57956	0.20753399	30824.006018400192
379	813.73804	95.96265	877.9897	648.6283	912.6408	34.23053	950.2126	831.6793	1000.0	1000.0	1515999	94.53616	4.162202	101.64413	57.589405	-94.56672	0.18656507	30909.374308109283
380	916.9435	18.81713	940.60925	892.99023	933.88544	28.307354	955.1413	853.08936	1000.0	1000.0	1519999	94.51272	4.4265246	98.31038	55.050125	-94.54421	0.20072024	30995.370541095734
381	908.05115	37.328995	941.1424	849.5185	915.40106	22.679691	943.0914	859.83344	1000.0	1000.0	1523999	94.5747	4.487358	102.03443	55.224846	-94.60723	0.20183226	31079.5929543972
382	867.65295	70.40099	943.2536	770.88824	927.4826	19.088907	950.7473	886.1812	1000.0	1000.0	1527999	94.58438	4.521029	98.921425	53.476116	-94.618484	0.20710275	31169.376082658768
383	924.93054	16.53301	952.54645	910.8986	928.3045	24.249002	956.7149	889.4174	1000.0	1000.0	1531999	94.65396	4.3195724	98.351425	55.789925	-94.689674	0.19812866	31255.39915251732
384	930.98315	10.213507	944.7275	915.94775	920.8707	27.46435	949.0105	863.3958	1000.0	1000.0	1535999	94.7223	4.237395	98.562454	54.641247	-94.756485	0.19255537	31344.940341711044
385	938.06586	28.05774	963.4287	890.53754	881.6512	111.086105	965.3479	597.64014	1000.0	1000.0	1539999	94.76433	4.228302	99.0905	57.827366	-94.80035	0.18259557	31437.31419610977
386	932.7147	16.463886	949.9006	905.84143	934.3464	45.063175	994.65985	850.01196	1000.0	1000.0	1543999	94.84016	4.2428894	98.14943	57.831795	-94.87522	0.17835844	31520.11727619171
387	930.4978	20.693682	955.0849	898.9542	924.2625	22.785149	952.85474	876.2771	1000.0	1000.0	1547999	94.82266	4.4162493	98.039825	56.326855	-94.85365	0.19160727	31607.130850315094
388	953.55707	2.0896304	955.57153	950.07556	926.53436	32.612316	959.73816	863.4933	1000.0	1000.0	1551999	94.82199	4.442552	98.015205	55.101097	-94.85734	0.20251073	31694.95624756813
389	912.10077	40.869415	947.60187	845.4738	917.05927	26.210756	939.4723	846.7577	1000.0	1000.0	1555999	94.88381	4.3716397	99.24583	56.634186	-94.92136	0.20275617	31785.064606428146
390	916.34674	16.896383	938.8378	892.46747	926.31213	17.382853	952.01227	888.09875	1000.0	1000.0	1559999	94.91737	4.3482575	98.705154	57.012444	-94.951324	0.21313404	31869.791293621063
391	904.1204	46.955612	954.13654	836.01324	942.63074	13.370457	957.38873	921.1079	1000.0	1000.0	1563999	95.0056	4.318915	100.03888	56.16125	-95.04465	0.19343482	31955.026982307434
392	931.6058	15.088171	943.75665	905.7967	930.08655	21.035604	956.9057	888.7487	1000.0	1000.0	1567999	95.08529	4.369568	101.19239	52.029236	-95.124344	0.19749084	32034.154991149902
393	926.2803	36.626484	961.8189	865.8876	855.505	196.34479	969.98773	275.60226	1000.0	1000.0	1571999	95.12891	4.399075	100.35493	56.0108	-95.163765	0.21006668	32112.816895246506
394	921.3618	10.355792	937.66974	909.2553	937.8937	16.056723	959.22675	907.1049	1000.0	1000.0	1575999	95.11244	4.4803715	98.81596	55.17582	-95.14724	0.21282238	32199.976603984833
395	922.14246	2.942695	924.8741	917.86066	916.5871	43.875683	950.80536	794.7918	1000.0	1000.0	1579999	95.11237	4.4290605	99.85192	54.637535	-95.14517	0.19820283	32288.26396393776
396	937.7934	7.57012	946.17645	926.5096	928.6649	16.22969	951.0382	904.8637	1000.0	1000.0	1583999	95.13967	4.2649155	100.33626	55.41184	-95.176956	0.1899066	32375.379432678223
397	941.01337	5.8207645	948.4964	933.69464	806.1043	257.8002	964.32935	271.4458	1000.0	1000.0	1587999	95.18068	4.113891	99.492325	57.26646	-95.217995	0.1752724	32458.32580780983
398	896.97473	63.381683	959.2633	792.0415	858.49005	78.04773	951.7247	713.5823	1000.0	1000.0	1591999	95.20413	4.0489454	99.84198	57.26297	-95.23922	0.17389311	32538.357061862946
399	906.34924	29.071392	945.5751	877.4126	925.56525	23.667627	959.645	883.0022	1000.0	1000.0	1595999	95.17231	4.147149	99.979256	58.231865	-95.205414	0.17782526	32625.129938602448
400	942.9873	17.655231	973.412	930.89154	922.7241	27.260475	963.01385	869.2385	1000.0	1000.0	1599999	95.1343	4.332994	99.16836	56.028515	-95.16883	0.18266858	32705.197442531586
401	841.204	52.20797	882.76715	751.63403	872.63983	23.891354	915.9351	834.0093	1000.0	1000.0	1603999	95.12898	4.304805	99.39415	55.645103	-95.16298	0.18921232	32788.28285384178
402	914.24866	34.420895	942.54083	856.6205	928.49805	38.933132	955.1554	817.8322	1000.0	1000.0	1607999	95.10065	4.2770414	101.68719	55.846207	-95.13162	0.18833958	32872.3139398098
403	948.1252	10.750134	961.8635	931.6988	897.882	40.294945	942.6727	814.38007	1000.0	1000.0	1611999	95.02961	4.3488083	103.9983	57.865894	-95.06323	0.19437833	32954.418363809586
404	919.56604	33.081444	956.6358	866.99274	932.2251	26.155388	962.8958	881.3677	1000.0	1000.0	1615999	95.03141	4.551363	98.73798	55.00191	-95.062294	0.19304395	33034.827261686325
405	922.2855	11.98868	933.1666	904.047	930.196	26.235023	969.2208	891.1051	1000.0	1000.0	1619999	95.02494	4.575101	99.151764	51.787567	-95.05675	0.21389553	33115.73101520538
406	926.6702	23.83234	955.9973	891.48334	946.9652	10.077523	958.23737	921.0605	1000.0	1000.0	1623999	95.00218	4.5752115	98.34557	50.76277	-95.03006	0.21835192	33203.885684490204
407	927.9444	15.265129	954.27045	916.8861	917.4844	42.4657	963.569	826.32025	1000.0	1000.0	1627999	95.0576	4.4782553	99.53969	53.049973	-95.08753	0.21852802	33283.91820073128
408	934.8269	23.053202	951.7328	895.4737	649.2018	404.9069	958.7417	25.581053	1000.0	1000.0	1631999	95.07978	4.4101167	103.73522	52.25013	-95.11197	0.21173544	33367.32781124115
409	892.42316	61.42286	937.9535	786.87506	918.4505	32.07329	957.6673	851.77435	1000.0	1000.0	1635999	95.07309	4.3466663	98.81816	56.020687	-95.1041	0.20591827	33452.97123336792
410	927.76337	24.837927	965.9919	897.734	888.746	52.37297	976.1757	777.9744	1000.0	1000.0	1639999	95.11911	4.422559	99.11358	49.934727	-95.15572	0.21140745	33541.73937702179
411	917.64935	39.975452	961.86145	864.8475	928.6162	28.390322	962.3852	872.2707	1000.0	1000.0	1643999	95.16415	4.350424	99.25777	52.826653	-95.19625	0.200894	33629.87013196945
412	927.53613	22.275938	960.1044	901.2002	889.60315	39.454247	927.12604	822.80994	1000.0	1000.0	1647999	95.14359	4.500709	98.56664	52.487946	-95.17517	0.20911685	33714.8834605217
413	902.45776	44.941093	948.5497	828.1936	925.0612	28.243084	957.41595	861.47064	1000.0	1000.0	1651999	95.11569	4.5800223	100.65941	51.9445	-95.14662	0.21369147	33794.57516860962
414	846.7795	65.79578	903.47406	741.80786	914.8996	21.69893	944.30286	872.9252	1000.0	1000.0	1655999	95.12043	4.459007	99.40227	53.050602	-95.15156	0.22414452	33879.69777965546
415	881.37683	39.938477	926.5303	831.5504	737.78455	126.66952	900.47235	486.7505	1000.0	1000.0	1659999	95.06372	4.4115314	99.70374	56.505135	-95.092514	0.22123845	33958.1465883255
416	830.7446	55.738613	913.37964	758.80426	841.4752	48.29794	925.76056	722.8642	1000.0	1000.0	1663999	94.97601	4.4945946	100.91918	50.8727	-95.004486	0.23539242	34036.09806513786
417	907.0694	25.799086	944.72534	874.1295	909.06934	44.45674	950.40967	793.4291	1000.0	1000.0	1667999	94.89872	4.4706564	98.37803	53.83866	-94.92572	0.2338283	34113.19957232475
418	896.86816	41.67662	947.59357	841.7489	929.6473	35.808743	965.226	854.4925	1000.0	1000.0	1671999	94.80103	4.4764166	97.946045	55.493862	-94.830185	0.23097412	34198.27457237244
419	925.85535	10.834474	936.97784	908.1892	901.27716	64.858696	950.50165	734.81854	1000.0	1000.0	1675999	94.79853	4.44323	98.07345	54.56476	-94.82783	0.22429636	34278.411803245544
420	907.0668	34.00567	957.4495	870.8482	926.7648	39.65034	973.13727	828.78925	1000.0	1000.0	1679999	94.81004	4.4320974	98.47961	55.01478	-94.83965	0.21849057	34359.22098636627
421	930.14685	30.070103	962.33527	881.1405	928.7062	34.880386	957.3976	863.73724	1000.0	1000.0	1683999	94.85106	4.428143	98.84875	54.0615	-94.88438	0.20657575	34437.89149236679
422	913.96277	52.878025	955.13635	823.304	895.6121	26.674171	929.47906	838.48755	1000.0	1000.0	1687999	94.90703	4.4150963	98.93769	52.991817	-94.938255	0.23748492	34516.07873630524
423	859.3232	108.84188	954.51965	684.1536	918.01044	41.108086	957.8497	834.2378	1000.0	1000.0	1691999	94.88197	4.4750433	99.36881	53.621593	-94.90777	0.2661388	34596.97566103935
424	803.1115	126.28227	928.4955	592.96014	918.492	21.704157	949.473	880.10376	1000.0	1000.0	1695999	94.75764	4.738543	98.71915	52.76244	-94.782486	0.30663955	34685.74446415901
425	924.64685	19.667688	947.46216	897.99945	929.37634	31.952366	955.44006	842.5773	1000.0	1000.0	1699999	94.78435	4.7420974	98.903244	53.419212	-94.81566	0.27195722	34770.01206421852
426	922.19135	38.37911	950.6292	856.6906	907.5752	78.191734	953.0442	681.5286	1000.0	1000.0	1703999	94.84392	4.716077	100.69965	55.275547	-94.87376	0.27133387	34861.14946222305
427	953.2605	1.8596426	956.0728	950.9007	899.70056	37.013496	945.9097	828.73224	1000.0	1000.0	1707999	94.90585	4.5538063	99.19416	54.9427	-94.940155	0.25267464	34945.7023229599
428	880.3452	79.74199	939.4691	744.4371	930.5841	26.174452	953.7719	860.1997	1000.0	1000.0	1711999	94.93579	4.553778	98.93014	55.89983	-94.96639	0.23955923	35030.14284873009
429	918.36487	37.475403	955.3476	857.5649	931.3879	21.965216	960.207	890.47003	1000.0	1000.0	1715999	94.94432	4.592619	99.71913	50.836174	-94.97269	0.2423426	35118.427675008774
430	925.4371	40.07437	954.58356	857.266	927.7137	22.068247	956.7787	893.40076	1000.0	1000.0	1719999	94.91469	4.7189984	98.44638	52.241497	-94.941925	0.2519442	35203.838460206985
431	927.88904	24.110847	963.58887	897.1508	937.90497	23.613607	964.9378	896.7765	1000.0	1000.0	1723999	94.89994	4.7757616	100.83053	52.513893	-94.930626	0.26607466	35294.00186276436
432	910.89813	13.319856	921.9721	888.4253	893.6454	30.04742	939.39166	845.9045	1000.0	1000.0	1727999	94.85944	4.839817	99.1895	52.495327	-94.88553	0.27341303	35381.04820609093
433	920.66046	22.18237	944.2102	887.41547	952.6051	9.414543	961.28107	936.74225	1000.0	1000.0	1731999	94.86477	4.7370253	100.19191	50.361786	-94.88804	0.25720274	35467.06530547142
434	916.09467	29.031862	940.89795	866.81714	910.45294	38.19715	959.9427	850.8422	1000.0	1000.0	1735999	94.7531	4.845749	98.601135	50.5027	-94.78138	0.25414336	35544.48322582245
435	941.3792	14.681321	960.4404	924.16974	909.4797	23.719366	957.55457	873.163	1000.0	1000.0	1739999	94.75151	4.913208	99.16838	50.741127	-94.77645	0.25542697	35625.2106218338
436	910.97974	30.107983	949.60736	869.86304	932.67413	13.3517275	952.95667	911.2519	1000.0	1000.0	1743999	94.73521	5.026535	98.79389	42.0763	-94.7639	0.26700455	35703.56171822548
437	943.4247	24.202297	965.0565	902.8856	938.9919	31.471918	971.724	856.783	1000.0	1000.0	1747999	94.77905	4.85869	102.1866	47.88847	-94.80913	0.25738245	35784.21387410164
438	728.5103	319.10962	950.77594	180.15994	912.68494	42.24756	948.66974	808.9407	1000.0	1000.0	1751999	94.7474	5.0208006	98.76991	47.856483	-94.77228	0.2672252	35864.87718105316
439	923.8689	36.874897	958.0245	865.13434	868.5248	207.70522	965.2296	249.55943	1000.0	1000.0	1755999	94.69376	5.215382	98.7993	43.419262	-94.71978	0.30445963	35951.6195371151
440	937.315	26.664366	963.7127	897.95435	938.9998	17.568691	956.6713	897.5054	1000.0	1000.0	1759999	94.67802	5.4385777	98.84113	42.71672	-94.70607	0.3371935	36030.870389938354
441	921.20447	14.683318	937.4643	897.3477	934.9661	14.882533	949.75006	898.66223	1000.0	1000.0	1763999	94.76563	5.3594494	99.649536	44.001713	-94.79678	0.34174255	36111.01978468895
442	917.0607	20.751642	946.0501	892.9178	850.45496	201.00385	934.0936	249.02895	1000.0	1000.0	1767999	94.78986	5.403823	102.75524	45.367714	-94.81724	0.3421212	36188.5300154686
443	927.1045	16.672537	949.5153	902.50854	930.60803	22.615387	951.40924	876.476	1000.0	1000.0	1771999	94.74598	5.411322	102.89757	37.706696	-94.77402	0.35532892	36273.91383433342
444	922.8874	16.15403	937.773	895.7287	940.22296	16.676067	967.23535	908.26276	1000.0	1000.0	1775999	94.82444	5.2308717	98.63804	45.250786	-94.859375	0.320812	36352.27790093422
445	902.1478	39.064278	946.80164	839.33685	836.7806	127.01056	937.99817	494.68094	1000.0	1000.0	1779999	94.93603	5.2276216	101.133026	46.889763	-94.97008	0.311727	36431.289323329926
446	896.8582	35.454926	931.2963	837.95276	927.5111	12.950139	949.4377	904.42645	1000.0	1000.0	1783999	95.1425	5.2785654	99.626724	41.783123	-95.190445	0.33903596	36511.14941072464
447	858.4693	75.57945	920.95685	729.6889	931.73584	16.269464	953.95245	906.99146	1000.0	1000.0	1787999	95.28795	5.344638	99.6263	46.46091	-95.31906	0.35186574	36595.02804684639
448	914.78815	14.730442	938.65356	898.8184	937.28564	13.60945	958.0669	913.914	1000.0	1000.0	1791999	95.26334	5.2116737	99.466736	52.555073	-95.29459	0.2945957	36678.73365473747
449	927.6028	19.593729	950.4121	896.91455	927.15295	15.701042	941.8066	885.58075	1000.0	1000.0	1795999	95.24433	5.0292544	99.36264	52.662407	-95.27928	0.26816034	36769.60849738121
450	887.0603	41.063236	927.60284	819.5036	905.5204	38.92051	971.5889	850.75415	1000.0	1000.0	1799999	95.30403	4.954418	99.27681	52.52227	-95.33717	0.26169646	36856.11009001732
451	920.89966	21.620733	956.81744	903.19855	909.9894	35.931538	962.2884	846.0082	1000.0	1000.0	1803999	95.28248	4.8880353	99.72344	49.302124	-95.31388	0.26115042	36940.69160985947
452	910.1306	38.317013	959.59125	862.3184	869.0949	56.80647	963.5964	789.5364	1000.0	1000.0	1807999	95.26022	4.864003	99.26006	55.1428	-95.29127	0.23900549	37019.59639906883
453	934.6731	15.480964	948.55804	910.5692	917.94434	27.480335	950.69904	857.41943	1000.0	1000.0	1811999	95.21395	4.905123	99.89508	51.959293	-95.246155	0.24935433	37110.06478595734
454	938.4603	4.23957	944.4612	933.09143	924.7245	24.400528	956.57477	872.974	1000.0	1000.0	1815999	95.18218	5.0027113	99.74082	44.109737	-95.21229	0.265372	37196.896448135376
455	908.5343	61.006985	953.20306	804.1224	876.01483	34.25109	930.2149	824.74677	1000.0	1000.0	1819999	95.17175	4.900931	101.74011	53.221405	-95.20381	0.27491453	37280.81415629387
456	898.2123	15.335185	922.36414	879.9235	934.5843	29.336369	960.05286	860.09845	1000.0	1000.0	1823999	95.15375	4.7470465	102.23315	52.528023	-95.18577	0.27717593	37360.37115764618
457	927.4909	11.408818	946.341	915.8106	926.0096	32.22582	954.8742	848.45593	1000.0	1000.0	1827999	95.12569	4.878975	99.7343	53.694405	-95.15555	0.2752795	37439.04014325142
458	916.1069	16.162872	935.637	891.4792	925.15985	27.694962	953.27716	853.9254	1000.0	1000.0	1831999	95.0653	5.166567	100.193214	51.984478	-95.09318	0.29228887	37518.47078084946
459	932.69495	35.00112	956.5984	872.438	938.12335	13.992059	952.0487	910.6366	1000.0	1000.0	1835999	95.10667	5.1600475	100.254974	51.279354	-95.140305	0.2793747	37598.735912323
460	919.06024	25.829699	945.17773	880.1159	917.8504	25.90685	949.0733	873.1594	1000.0	1000.0	1839999	95.08657	5.2015624	100.15865	50.06797	-95.11797	0.3012043	37681.046471595764
461	885.66736	44.737274	949.4581	838.90674	920.9798	35.412285	972.34436	862.3773	1000.0	1000.0	1843999	95.15101	5.332898	101.73411	52.146	-95.180244	0.3119242	37761.045974731445
462	903.4419	31.194588	939.2367	857.1882	912.6937	19.97118	934.7487	877.8907	1000.0	1000.0	1847999	95.13294	5.2522554	100.47583	51.02125	-95.15923	0.3093299	37839.531703948975
463	935.52606	8.660287	950.37775	929.10126	913.5705	27.053501	951.71747	858.1877	1000.0	1000.0	1851999	95.07544	5.1190486	100.3151	49.361	-95.106995	0.30121288	37927.55050802231
464	905.1188	21.908192	937.9949	876.6149	919.5946	29.199856	949.44727	843.6419	1000.0	1000.0	1855999	95.1167	4.85927	99.56651	51.421883	-95.14519	0.263081	38006.325953006744
465	920.5088	16.336813	945.6582	901.226	883.8076	36.57364	947.867	808.8851	1000.0	1000.0	1859999	95.10649	4.7310953	101.073166	51.207947	-95.13985	0.248884	38092.011214494705
466	934.2703	21.803225	960.7271	904.61224	941.2205	11.955467	958.82166	922.56323	1000.0	1000.0	1863999	95.15477	4.7278366	99.681435	50.83192	-95.188515	0.22742896	38178.19305443764
467	883.5178	49.036556	950.25055	813.0625	914.3036	14.376812	935.1089	888.2747	1000.0	1000.0	1867999	95.16642	4.852856	98.57132	55.678314	-95.19719	0.22653814	38267.941841602325
468	924.1857	30.080313	952.9555	874.4606	910.52405	39.254513	950.6195	814.8556	1000.0	1000.0	1871999	95.19518	5.050787	100.325615	50.767822	-95.2269	0.26997575	38351.32503771782
469	896.97424	16.27957	922.20105	882.3257	925.57385	37.603546	958.5794	826.921	1000.0	1000.0	1875999	95.24149	5.1018887	99.43251	54.50009	-95.27711	0.29996058	38433.01482605934
470	888.1793	25.646646	924.6964	856.1525	934.4035	17.282618	962.81885	903.4268	1000.0	1000.0	1879999	95.28419	5.1874857	100.87658	50.68319	-95.314575	0.314607	38519.336899757385
471	940.8852	10.9279	955.32074	924.6057	907.4386	43.607655	955.1064	830.9996	1000.0	1000.0	1883999	95.25483	5.186069	100.156395	54.48283	-95.28291	0.34253874	38605.57474040985
472	938.67694	15.345782	954.45483	921.3087	931.0671	25.038763	960.3828	878.6539	1000.0	1000.0	1887999	95.23687	5.0617995	100.320175	53.064735	-95.27053	0.2954737	38693.81206536293
473	912.73004	13.686416	931.56335	894.675	920.4049	12.610911	949.8528	904.2058	1000.0	1000.0	1891999	95.37013	4.917386	100.14956	54.034428	-95.40809	0.25061837	38786.735075712204
474	928.5054	29.760891	954.6322	879.5053	933.6047	21.293196	957.418	894.2743	1000.0	1000.0	1895999	95.44944	4.7013183	102.67669	54.098564	-95.481804	0.249759	38874.79374170303
475	899.9927	21.200497	916.5205	864.3315	910.3162	27.371302	952.2068	866.01544	1000.0	1000.0	1899999	95.3977	4.6963654	100.017204	54.519413	-95.42765	0.23716646	38956.86510682106
476	936.9463	10.011401	951.1459	926.69116	922.7617	23.635021	955.1329	885.31213	1000.0	1000.0	1903999	95.35046	4.8257504	100.221825	54.050594	-95.38618	0.24810907	39036.85929393768
477	934.4153	13.152806	949.5103	919.24475	921.68964	41.830135	961.93604	806.69885	1000.0	1000.0	1907999	95.40899	4.817101	99.58871	55.505154	-95.44156	0.23576348	39118.65718793869
478	899.2009	21.699154	924.2344	877.1982	911.85126	41.663982	955.9979	812.53723	1000.0	1000.0	1911999	95.3548	4.9109564	100.409355	47.81898	-95.38386	0.26858753	39200.1276371479
479	917.5758	31.18071	948.0822	866.0212	913.7394	44.374546	965.0549	818.2498	1000.0	1000.0	1915999	95.35316	4.895054	100.4657	52.359436	-95.382805	0.25197977	39285.217579841614
480	902.4267	25.432877	931.3979	869.9469	922.48175	23.13884	952.1144	872.39923	1000.0	1000.0	1919999	95.30905	4.9237785	104.684006	52.83123	-95.33962	0.2522878	39362.791239500046
481	939.02527	9.175781	948.3563	924.7554	923.5101	18.483349	948.1378	884.70276	1000.0	1000.0	1923999	95.31325	4.963028	99.59889	53.435333	-95.3476	0.25682274	39443.32583999634
482	936.5381	26.74073	960.12494	894.47534	929.4367	38.412457	959.2962	822.7668	1000.0	1000.0	1927999	95.35581	4.9900484	99.75769	50.512268	-95.38522	0.2850125	39525.91326570511
483	942.7574	5.131009	947.3769	934.7587	899.33704	53.718235	960.2023	755.10345	1000.0	1000.0	1931999	95.30234	5.284524	102.83399	46.07978	-95.33111	0.31921402	39604.67541050911
484	933.1807	16.894693	946.93134	904.76685	887.0923	30.517021	929.034	840.96515	1000.0	1000.0	1935999	95.28326	5.400031	100.23315	45.740627	-95.31358	0.32743287	39681.51652622223
485	928.97	21.217716	946.7794	892.7347	929.6608	32.731983	958.2813	850.77496	1000.0	1000.0	1939999	95.22138	5.452717	99.56262	49.19222	-95.24603	0.33660102	39761.36165881157
486	923.4769	14.669505	944.5244	903.2691	937.81384	26.80196	965.6536	875.37683	1000.0	1000.0	1943999	95.24676	5.2807403	100.31324	50.2575	-95.2784	0.33025706	39852.17411637306
487	903.56055	23.941652	934.5971	872.2582	934.61975	11.944794	954.9263	914.01135	1000.0	1000.0	1947999	95.25938	5.3408356	100.59658	49.842392	-95.29219	0.327691	39935.13719701767
488	934.7758	11.531377	948.47034	920.454	930.96277	20.602541	959.0066	892.69824	1000.0	1000.0	1951999	95.36256	5.047116	100.11497	51.139244	-95.39783	0.2923998	40020.62911224365
489	916.98834	34.316483	951.98206	873.0423	888.6584	22.387053	913.40155	845.4838	1000.0	1000.0	1955999	95.41724	4.9025497	101.0319	52.41761	-95.45202	0.28732306	40115.121166944504
490	924.78204	21.927542	949.6257	901.7344	929.41565	28.848509	964.19324	883.10803	1000.0	1000.0	1959999	95.43611	4.914638	101.72936	55.796436	-95.468216	0.25893742	40199.09088969231
491	929.1943	15.75271	946.87604	913.42755	929.6253	21.260084	961.2288	892.5347	1000.0	1000.0	1963999	95.41604	4.873619	102.27443	53.523777	-95.45183	0.25063512	40288.083401203156
492	927.6703	17.866318	945.1724	902.88824	930.46985	17.526848	955.5399	899.5719	1000.0	1000.0	1967999	95.46812	4.6570597	100.738594	57.039795	-95.50334	0.24993196	40368.728811979294
493	919.8319	27.888618	944.92944	875.93066	917.23596	28.326427	957.48193	869.6961	1000.0	1000.0	1971999	95.52671	4.5676064	101.16504	56.45365	-95.56377	0.2422678	40447.49843120575
494	928.6743	25.286446	954.98944	887.9398	918.99817	30.621523	962.2341	849.4384	1000.0	1000.0	1975999	95.52776	4.5606413	99.40102	56.61622	-95.56197	0.23181848	40524.50328207016
495	928.8347	12.96664	949.6286	913.9033	918.7168	44.446396	962.93665	796.35876	1000.0	1000.0	1979999	95.52026	4.613772	100.496315	51.625587	-95.55476	0.23504464	40601.79533839226
496	927.8517	20.834846	949.8251	904.55286	866.1632	47.64978	928.7087	764.0188	1000.0	1000.0	1983999	95.52984	4.746172	100.80982	56.672832	-95.56305	0.2277286	40684.41425728798
497	908.65967	21.434082	938.77625	878.54315	916.5127	32.75898	958.27466	839.03955	1000.0	1000.0	1987999	95.56909	4.8026037	101.7634	56.273922	-95.60648	0.2596254	40763.03729057312
498	913.98303	32.883575	958.5688	877.2198	925.7972	31.847225	955.4034	847.05005	1000.0	1000.0	1991999	95.58773	4.8728065	100.54905	50.911198	-95.62253	0.27835944	40841.96955084801
499	906.9849	78.229706	982.03235	776.6747	906.46844	59.5108	948.80426	734.18475	1000.0	1000.0	1995999	95.61526	4.901651	102.01624	49.56376	-95.64998	0.28834015	40928.73897957802
500	893.20654	62.044422	964.1881	826.5709	925.39856	27.318922	962.8176	871.5733	1000.0	1000.0	1999999	95.68024	4.827558	101.83156	52.42787	-95.71502	0.26726893	41012.91535234451
