Epoch	AverageEpRet	StdEpRet	MaxEpRet	MinEpRet	AverageTestEpRet	StdTestEpRet	MaxTestEpRet	MinTestEpRet	EpLen	TestEpLen	TotalEnvInteracts	AverageQVals	StdQVals	MaxQVals	MinQVals	LossPi	LossQ	Time
1	3.0250044	1.5737348	4.62022	1.3697661	0.45712486	0.042782087	0.53743625	0.4036767	1000.0	1000.0	3999	0.7181426	0.26196957	1.4440536	-0.3479569	-0.7907368	0.00069139054	44.75745606422424
2	3.7942524	1.0798535	5.415233	2.5482285	0.44132382	0.05497393	0.5291177	0.35689867	1000.0	1000.0	7999	2.7060208	1.223059	6.688761	0.6954078	-2.935075	0.0035907307	102.01286292076111
3	2.0766447	0.5959429	2.8740957	1.4471728	0.2739998	0.04246999	0.32907218	0.20340164	1000.0	1000.0	11999	7.9682384	2.3310852	16.736403	-2.4888244	-8.38549	0.030726315	159.9583306312561
4	2.013634	0.2828851	2.292431	1.5410094	0.602184	0.2275829	1.044781	0.35625142	1000.0	1000.0	15999	9.914976	1.7852442	17.004765	3.53938	-9.837873	0.013300787	218.54755687713623
5	2.0887527	0.22517802	2.4093866	1.7777113	0.6847572	0.2802369	1.2219698	0.37501395	1000.0	1000.0	19999	7.276964	0.5325983	10.35081	4.4922667	-7.283931	0.0027167676	277.27009296417236
6	2.1069033	0.2494676	2.486631	1.8104392	0.5559515	0.20804448	0.88608766	0.34458134	1000.0	1000.0	23999	6.185356	0.34367147	8.296289	4.683238	-6.1963253	0.0014254706	336.2105932235718
7	1.9252701	0.29898444	2.2672315	1.6102656	0.7528779	0.21627976	0.99928397	0.4275781	1000.0	1000.0	27999	5.254055	0.29340884	7.042473	4.351598	-5.261911	0.00075994903	395.089284658432
8	1.6908473	0.24967936	1.9824291	1.3965499	0.628448	0.22793287	0.9633762	0.38718802	1000.0	1000.0	31999	4.434345	0.2417732	5.8455315	3.3834217	-4.4373784	0.00034864276	454.1486430168152
9	1.8837745	0.52269465	2.756883	1.3702158	0.660262	0.30457306	1.2598002	0.33633164	1000.0	1000.0	35999	3.7325242	0.21871835	5.1243	3.2693248	-3.7366455	0.00020671051	514.3147976398468
10	2.0534933	0.22578438	2.4401147	1.8837897	0.59408695	0.21045713	0.8742791	0.3245669	1000.0	1000.0	39999	3.0960712	0.2024741	4.446864	2.683689	-3.0957496	0.000155732	575.2965302467346
11	2.1223824	0.21657208	2.3231874	1.7629184	0.5272261	0.19224615	0.88713425	0.33203673	1000.0	1000.0	43999	2.5710318	0.17063041	3.566259	2.2261167	-2.5716903	0.0001368898	636.1983652114868
12	2.0458565	0.1793802	2.2216284	1.7458965	0.49437588	0.15106808	0.88310283	0.29114157	1000.0	1000.0	47999	2.144835	0.16000451	2.9969838	1.8345106	-2.1449862	9.373161e-05	697.294420003891
13	1.8323938	0.0749546	1.9215885	1.7417021	0.49464315	0.11614202	0.8163537	0.41028506	1000.0	1000.0	51999	1.7769054	0.1363952	2.6528497	1.5139744	-1.7771133	7.077188e-05	758.2963075637817
14	1.7882476	0.28428677	2.1474855	1.37819	0.44695196	0.08395135	0.5808766	0.29324606	1000.0	1000.0	55999	1.4857272	0.13445434	2.4000258	1.249738	-1.4853175	6.6409346e-05	819.7843499183655
15	1.5360816	0.21909566	1.7873455	1.218132	0.6178259	0.2725944	1.1712502	0.37165034	1000.0	1000.0	59999	1.2363573	0.11809017	2.024547	1.0323019	-1.2357492	4.5995526e-05	881.500470161438
16	1.435575	0.08115902	1.5537817	1.3445185	0.27879518	0.008929974	0.29167268	0.262133	1000.0	1000.0	63999	1.707922	0.37818158	3.0356154	0.94335496	-1.735799	0.0002758326	944.1149597167969
17	1.4103514	0.018897854	1.4403082	1.3900796	0.27351004	0.013086669	0.28932634	0.24494648	1000.0	1000.0	67999	1.1469036	0.25687543	2.5625603	0.56909096	-1.1285238	0.0001660774	1010.7272529602051
18	1.3894318	0.075419396	1.4754024	1.269386	0.27855724	0.007795544	0.28594804	0.264683	1000.0	1000.0	71999	0.87005526	0.116188474	2.3070078	0.48190278	-0.8754035	7.4901385e-05	1080.7901344299316
19	1.3791417	0.07615003	1.4968773	1.2862073	0.28294194	0.010130051	0.29464442	0.26659545	1000.0	1000.0	75999	0.7327761	0.092814684	1.6643313	0.46556693	-0.73358357	6.0938903e-05	1152.0275864601135
20	1.3423212	0.064145036	1.4387815	1.2811528	0.27983278	0.008701328	0.2941024	0.26804236	1000.0	1000.0	79999	0.614001	0.09258327	1.879128	0.46219206	-0.6144982	7.811583e-05	1223.9041819572449
21	1.3924031	0.0444566	1.4577876	1.3499484	0.2810933	0.00727441	0.29125297	0.26743758	1000.0	1000.0	83999	0.6548948	0.16021194	1.3471965	0.42790216	-0.6599609	4.2201787e-05	1297.207921743393
22	2.7361329	0.8846195	3.6921732	1.3930694	1.5844489	0.119081385	1.7307311	1.383568	1000.0	1000.0	87999	0.6113781	0.17190005	1.8225635	0.37327927	-0.6356073	7.928243e-05	1371.0187842845917
23	2.7502756	0.12528645	2.8750143	2.5413046	1.4869282	0.10310173	1.6955242	1.3296826	1000.0	1000.0	91999	1.0059851	0.2138359	2.2317433	0.39684945	-1.0232707	0.00016560372	1445.506923675537
24	2.5644116	0.2392493	2.9633374	2.360465	1.4736925	0.111270666	1.6976787	1.2638657	1000.0	1000.0	95999	1.083635	0.28926313	2.2757635	0.27152067	-1.0926226	0.0001857407	1521.269671678543
25	2.5308294	0.10389632	2.6584048	2.3786783	1.4981562	0.11746727	1.6672481	1.2484262	1000.0	1000.0	99999	0.9987068	0.25059968	2.2365532	0.21007693	-1.0054749	0.00017165649	1598.383617401123
26	2.7591867	0.32981202	3.204962	2.3971066	1.5419639	0.17995906	1.801423	1.2194598	1000.0	1000.0	103999	1.0260504	0.34683713	2.7792368	0.12451124	-1.0375673	0.00022427374	1676.1943984031677
27	2.867093	0.29038408	3.2158923	2.4167075	1.4350663	0.11895831	1.635834	1.2252053	1000.0	1000.0	107999	0.94245416	0.36002737	2.5513368	0.057708383	-0.9410521	0.00019086605	1754.6270365715027
28	2.7076664	0.23687206	2.932273	2.3110297	1.4630976	0.08791511	1.5462884	1.2800393	1000.0	1000.0	111999	0.7665232	0.33257875	2.393495	-0.03915584	-0.76882106	0.00015825125	1834.16916847229
29	4.8797364	3.1400402	10.020901	2.0737183	16.361813	1.5677665	19.261965	13.329549	1000.0	1000.0	115999	0.86021006	0.3733482	2.5016618	-0.03302318	-0.8947373	0.00019882563	1912.495687007904
30	10.630283	4.791932	15.478273	3.9780564	4.176669	1.2417845	7.8315015	3.4803119	1000.0	1000.0	119999	1.8123702	0.44560316	3.4195197	0.24471045	-1.8818269	0.00039136602	1989.201336145401
31	11.72007	1.9442838	14.062114	8.732306	19.741367	4.617137	26.182678	12.5233555	1000.0	1000.0	123999	2.6641896	0.50624824	4.8328776	0.41259688	-2.730586	0.00054840447	2065.6282017230988
32	12.104307	1.7313491	13.693536	9.3224535	11.669572	3.218583	19.301718	8.763489	1000.0	1000.0	127999	3.566474	0.63643366	6.3462453	0.46824357	-3.6466322	0.00074228883	2142.219525575638
33	40.03058	14.717477	63.868385	25.767897	81.037865	25.348742	122.024475	41.14467	1000.0	1000.0	131999	4.6700277	0.9732209	12.645735	-0.509881	-4.8023944	0.0025509968	2218.4825987815857
34	62.400055	22.181782	79.54443	24.47141	24.423222	7.9210763	46.316628	15.249452	1000.0	1000.0	135999	6.2533607	1.2543331	15.25824	-0.19430983	-6.380561	0.0060880566	2294.4284999370575
35	63.36679	34.48236	115.60586	23.509811	27.194462	14.946005	54.046833	11.102892	1000.0	1000.0	139999	7.646782	1.4416679	16.695354	1.3858873	-7.788094	0.00772723	2370.248475074768
36	53.057827	31.507698	92.286446	18.345478	0.34736156	0.06411169	0.4970855	0.2740535	1000.0	1000.0	143999	9.24319	1.7530597	20.528711	2.9701424	-9.524839	0.014554308	2446.460945367813
37	64.104004	37.962543	128.70528	31.809929	52.644554	16.077745	75.12732	19.686245	1000.0	1000.0	147999	14.500643	1.7181125	23.159618	5.0678673	-14.846685	0.016233692	2522.113014936447
38	66.62973	46.30808	117.017525	13.525373	46.384922	22.921394	82.652565	15.077012	1000.0	1000.0	151999	16.235315	1.1372855	24.697525	11.03824	-16.39657	0.018011825	2597.706578731537
39	32.38361	6.89066	44.058548	26.168232	56.367565	21.796118	85.64938	12.1761875	1000.0	1000.0	155999	16.480423	1.2800072	26.183403	11.192101	-16.652058	0.018920155	2673.2889490127563
40	79.02954	40.570812	129.79617	21.734823	113.108055	18.513351	141.63033	67.70853	1000.0	1000.0	159999	16.94272	1.4551249	26.704853	11.630652	-17.119238	0.0206763	2748.8387653827667
41	109.6578	49.38478	187.84915	57.499344	102.38903	40.010292	180.10909	53.912186	1000.0	1000.0	163999	17.165657	1.5431857	27.192497	10.547038	-17.33679	0.024680221	2824.4121322631836
42	106.26671	55.969166	187.19887	31.93087	53.98244	27.924618	112.145485	27.020027	1000.0	1000.0	167999	17.406942	1.8227544	36.31755	10.995238	-17.587572	0.029707016	2899.9731814861298
43	93.179855	29.01729	121.17032	48.928993	104.77034	50.250023	226.83908	43.64627	1000.0	1000.0	171999	18.109192	2.2723236	38.70403	11.011888	-18.301527	0.034827627	2975.5122334957123
44	111.916084	53.19771	193.26521	49.58684	60.819267	39.04805	138.76178	19.24762	1000.0	1000.0	175999	18.786003	2.7078946	39.306164	10.783657	-19.00058	0.041695207	3051.262016773224
45	73.48162	37.214844	108.86975	21.3767	76.10106	66.169334	244.03137	27.305227	1000.0	1000.0	179999	19.515667	2.9795322	39.482014	10.872471	-19.715267	0.045421448	3127.1788098812103
46	61.74952	43.62716	137.25099	33.87797	143.94846	35.332546	166.33205	40.425602	1000.0	1000.0	183999	20.224085	3.444388	39.061615	10.667171	-20.456652	0.048686042	3203.0608479976654
47	108.23393	15.396812	128.28258	84.989685	119.787025	86.94567	307.3237	17.58206	1000.0	1000.0	187999	20.501207	3.8527243	39.82476	10.19923	-20.667215	0.05224295	3278.977962255478
48	84.751434	45.156822	136.75026	22.031103	73.61757	51.704124	174.73125	24.811485	1000.0	1000.0	191999	20.257822	4.057016	40.177597	9.715376	-20.443289	0.056616023	3355.285271883011
49	80.55479	17.414747	100.39467	53.001446	83.97322	30.41156	138.10269	42.658176	1000.0	1000.0	195999	20.617111	4.3971643	41.82154	9.6363535	-20.825224	0.06352709	3431.0596113204956
50	69.07249	27.93077	111.31388	38.877167	77.19889	40.840893	174.72299	32.703827	1000.0	1000.0	199999	21.095797	4.7846656	41.150585	9.427546	-21.30189	0.065416895	3506.6113901138306
51	109.755005	26.565765	149.48683	83.33051	139.56548	50.13218	226.88895	70.952	1000.0	1000.0	203999	21.12046	5.0372095	40.783676	8.663683	-21.304956	0.06792346	3582.171404361725
52	94.271515	12.377626	114.27734	80.49031	163.47227	57.41253	237.7486	65.22391	1000.0	1000.0	207999	21.215235	5.2372303	40.811058	8.8961315	-21.417572	0.069392845	3657.6197304725647
53	141.82607	65.25754	249.15369	74.910484	165.21281	64.92455	245.28038	52.63909	1000.0	1000.0	211999	21.343353	5.4506235	40.443	7.9792757	-21.521954	0.067771316	3732.9664793014526
54	124.692055	13.065167	141.99883	107.7216	185.57451	62.243088	264.45038	79.23629	1000.0	1000.0	215999	21.267778	5.6877985	41.16543	8.185307	-21.468433	0.07640514	3808.293537378311
55	118.84489	35.376476	169.08575	69.49559	159.87204	34.02089	222.47763	107.19753	1000.0	1000.0	219999	21.50891	6.0557003	41.603165	7.84536	-21.69645	0.08127351	3883.6542117595673
56	166.94714	27.386156	206.90327	130.39041	105.468605	42.236168	206.52711	49.695557	1000.0	1000.0	223999	21.701555	6.2092304	40.987293	7.8461204	-21.90386	0.08350683	3958.966229915619
57	67.664566	41.21866	121.45352	17.885765	0.15755162	0.03237875	0.20691556	0.08890737	1000.0	1000.0	227999	22.399025	6.4588037	40.917686	7.848519	-22.62122	0.083773606	4034.2398884296417
58	105.050285	15.252657	123.57961	81.42543	112.9341	54.609146	234.61324	38.88396	1000.0	1000.0	231999	22.111284	6.3524957	40.65573	7.879459	-22.266516	0.08094693	4109.301964521408
59	184.90176	67.37401	283.63766	112.179794	83.086464	32.707436	132.22136	43.801373	1000.0	1000.0	235999	21.622738	6.2139	40.76537	7.694543	-21.78859	0.08689943	4184.209764242172
60	143.72397	99.653366	259.77982	44.292572	139.55632	42.199165	199.74794	80.38587	1000.0	1000.0	239999	21.44334	6.250929	40.130047	7.4755106	-21.605267	0.08594825	4259.466617822647
61	124.28268	64.96719	235.34239	72.10078	149.02553	44.09802	218.47328	81.61061	1000.0	1000.0	243999	21.076498	6.2731323	39.314365	7.1307654	-21.239195	0.0886382	4334.995649576187
62	248.29514	27.535334	285.33398	208.0326	184.2653	70.352455	281.13226	45.655434	1000.0	1000.0	247999	21.089108	6.41075	39.02036	7.0320606	-21.25934	0.086960115	4410.319343328476
63	128.0704	61.2733	230.09308	71.80463	178.02058	53.30293	259.0303	115.72033	1000.0	1000.0	251999	21.110285	6.5294995	38.878487	6.0559273	-21.273289	0.08644154	4485.398468732834
64	230.86774	84.46707	313.08563	100.30112	176.52493	65.17963	280.05676	75.12366	1000.0	1000.0	255999	21.185553	6.640168	38.89986	5.333231	-21.34924	0.086319484	4560.043429136276
65	185.10321	83.39012	269.766	81.71987	103.65698	41.865772	201.48322	57.672184	1000.0	1000.0	259999	21.136385	6.7981973	39.475433	4.9237065	-21.3043	0.08658628	4634.930961847305
66	184.19386	66.43118	270.76605	100.4048	214.13315	67.72965	321.63318	88.63544	1000.0	1000.0	263999	21.416992	6.9235682	39.30162	6.031787	-21.585136	0.08861906	4709.878355979919
67	199.3538	80.398155	322.42566	109.91894	160.0934	65.86446	316.04788	84.99179	1000.0	1000.0	267999	21.432627	7.079967	39.642365	6.368191	-21.595572	0.09634031	4784.725829124451
68	162.62167	91.96455	260.69086	70.72043	156.29419	72.71585	297.90775	68.7006	1000.0	1000.0	271999	21.502157	7.293086	40.90944	6.21306	-21.669746	0.102417044	4859.709742307663
69	293.4547	24.924314	324.7382	264.97305	173.05252	83.36052	302.027	46.435196	1000.0	1000.0	275999	21.59427	7.452439	43.953255	6.359514	-21.743544	0.1068073	4934.294226884842
70	178.22539	92.37551	325.86832	94.56345	236.7856	110.24899	376.5933	40.815792	1000.0	1000.0	279999	21.753534	7.670751	43.642063	0.27046752	-21.93543	0.11122972	5008.781361341476
71	261.1497	64.277596	329.15625	194.29675	226.63481	84.58812	341.1857	76.21068	1000.0	1000.0	283999	22.100578	7.8620706	46.43949	4.8146744	-22.261555	0.106723055	5083.435903310776
72	257.24747	56.45197	338.33994	194.77136	308.50516	92.4015	410.25162	166.71452	1000.0	1000.0	287999	22.313047	8.026616	47.791344	4.1054564	-22.487991	0.1072891	5158.23779630661
73	117.32475	34.28103	162.77936	79.51492	162.43918	74.48277	293.8911	83.48896	1000.0	1000.0	291999	22.46845	8.267747	48.384747	3.4750316	-22.624264	0.11569973	5233.165132761002
74	290.27353	118.78192	372.73108	86.74602	247.04068	127.41627	391.2489	67.7748	1000.0	1000.0	295999	22.4589	8.505663	49.57166	4.54834	-22.627382	0.12830879	5307.9292051792145
75	243.90118	47.500885	306.71014	173.0323	288.52225	94.01351	374.82925	84.29802	1000.0	1000.0	299999	22.836403	8.80947	49.908146	3.593106	-23.000116	0.13878919	5382.75014424324
76	250.39223	74.60959	316.9462	126.789375	274.09515	102.685684	388.2354	131.55754	1000.0	1000.0	303999	23.1389	9.01804	51.038815	4.437517	-23.310055	0.1508906	5457.324355840683
77	249.43439	49.698647	296.10422	166.12872	334.26285	42.50885	391.33612	256.51987	1000.0	1000.0	307999	23.50924	9.184954	51.754765	4.224947	-23.69083	0.16215478	5532.090036869049
78	181.81213	157.88216	370.49152	2.5408447	265.03058	111.54189	431.55084	81.397964	1000.0	1000.0	311999	24.08259	9.416072	51.472443	3.971394	-24.270355	0.1574661	5606.931179285049
79	365.18317	11.556122	380.00107	348.06424	310.7048	82.63422	381.57956	89.99783	1000.0	1000.0	315999	24.682352	9.545478	52.224525	3.6792889	-24.872356	0.15835842	5681.866075515747
80	359.01346	34.872173	399.57938	307.66397	369.07675	83.22037	429.40335	138.85707	1000.0	1000.0	319999	24.992966	9.740135	53.590042	3.7075562	-25.164648	0.1584352	5756.840501785278
81	335.45798	15.453786	360.47363	318.69568	248.72456	75.23936	346.43082	104.878174	1000.0	1000.0	323999	25.44757	9.933457	53.526386	3.4395106	-25.626945	0.16853051	5831.679237365723
82	378.83533	43.865135	430.98465	310.9927	293.31647	98.359436	407.06073	84.100914	1000.0	1000.0	327999	25.746328	10.085608	54.414223	3.5125759	-25.918144	0.18143865	5906.700504541397
83	315.34738	126.59699	416.77374	98.495766	423.03027	26.371931	460.51727	368.45795	1000.0	1000.0	331999	26.2506	10.292127	55.820282	3.5772748	-26.448301	0.1843584	5981.783867359161
84	328.66418	104.251366	411.6274	149.83763	333.2269	65.76552	393.74612	174.68927	1000.0	1000.0	335999	26.7853	10.515188	55.364185	4.361806	-26.965662	0.18460904	6056.67178940773
85	313.90607	108.63989	458.27057	156.2215	439.81793	95.88533	514.71313	171.12553	1000.0	1000.0	339999	26.974558	10.744693	56.107056	4.575163	-27.151497	0.18604556	6131.42836689949
86	421.64194	45.689697	489.08014	360.653	372.28717	87.70811	475.80316	220.40141	1000.0	1000.0	343999	27.29211	10.991963	57.093082	4.2307196	-27.475016	0.19972427	6206.31485915184
87	297.7132	92.55014	390.688	191.15474	162.15332	105.39662	360.7643	80.518394	1000.0	1000.0	347999	27.716913	11.26398	57.957584	3.9021056	-27.89939	0.2112891	6281.380730628967
88	325.9095	95.597885	410.26154	166.45526	398.33014	95.903015	504.54633	158.11688	1000.0	1000.0	351999	28.078135	11.450145	57.618942	3.904876	-28.269857	0.21596277	6356.313962221146
89	422.07068	27.472765	455.74835	380.62402	388.05875	59.5748	486.85898	280.49222	1000.0	1000.0	355999	28.514444	11.632127	58.2082	4.273357	-28.695776	0.20539208	6431.272513866425
90	281.26007	110.8505	376.18552	97.929474	201.21722	146.40413	413.46634	34.03204	1000.0	1000.0	359999	28.861992	11.850444	57.903797	4.094286	-29.048794	0.21057156	6506.378027200699
91	324.09674	31.087055	355.33594	284.8111	391.11215	90.50803	484.94263	141.92937	1000.0	1000.0	363999	29.226158	11.996098	59.063953	3.74469	-29.425476	0.21966523	6581.473811149597
92	415.40378	28.813337	450.91544	378.71423	344.68854	34.40635	393.1112	280.2817	1000.0	1000.0	367999	29.75136	12.2083435	59.051384	3.5826309	-29.940313	0.2177796	6656.895020246506
93	338.7892	90.324615	434.8386	193.83934	381.96835	111.90714	504.7874	172.76509	1000.0	1000.0	371999	30.010412	12.37703	59.306435	3.5846334	-30.189762	0.23558056	6732.221954584122
94	259.3297	159.02538	441.88287	95.339935	359.03635	88.673134	461.81305	180.45023	1000.0	1000.0	375999	30.25276	12.515876	59.868984	3.5037138	-30.445797	0.23687756	6807.756289958954
95	396.37622	30.423645	433.25674	349.94116	404.78262	30.827198	455.39905	339.43646	1000.0	1000.0	379999	30.556427	12.698286	60.193184	3.5373125	-30.75197	0.23463629	6883.051064729691
96	404.91428	40.53581	462.2814	362.44492	355.1187	74.03103	452.14523	175.78508	1000.0	1000.0	383999	30.938757	12.88211	60.49844	3.5680676	-31.125908	0.23919839	6958.334749221802
97	387.4429	56.425068	470.96268	316.3486	371.43555	100.76733	484.507	117.72844	1000.0	1000.0	387999	31.187668	13.03103	61.213142	3.5905242	-31.371094	0.23841278	7033.2934312820435
98	351.86148	138.46907	491.93362	121.69393	443.08276	36.384865	515.32855	394.5786	1000.0	1000.0	391999	31.278688	13.216452	61.26483	3.614292	-31.466114	0.24978897	7108.431001424789
99	429.9796	21.731178	465.53607	411.99762	411.523	58.239124	509.39035	293.46893	1000.0	1000.0	395999	31.752842	13.399299	62.45436	3.639699	-31.953714	0.25421008	7183.228072404861
100	422.46146	15.720622	441.61407	401.93353	445.4239	41.21858	505.44727	365.0968	1000.0	1000.0	399999	32.16126	13.5809	63.226547	3.6702225	-32.33779	0.25643492	7258.057763814926
101	294.46323	177.0304	481.23624	44.8553	256.5388	118.79773	445.54355	115.851326	1000.0	1000.0	403999	32.061676	13.684348	63.72032	3.6888669	-32.241314	0.26062286	7333.2044467926025
102	258.22073	135.56453	420.3353	71.14658	386.07336	82.31149	497.78104	269.85797	1000.0	1000.0	407999	32.375034	13.791003	63.703594	3.7095995	-32.56936	0.26988354	7408.38254570961
103	408.9213	12.51633	424.85178	392.65903	319.79633	141.1963	466.0934	61.491142	1000.0	1000.0	411999	32.44042	13.925999	64.466896	3.7303529	-32.61512	0.2670855	7483.658845424652
104	308.72278	143.25775	466.8273	126.08131	280.52435	134.604	489.60922	104.385284	1000.0	1000.0	415999	32.46352	14.059237	64.34052	3.747506	-32.636497	0.2699826	7558.6666004657745
105	336.5716	121.64335	469.96323	203.30171	414.80582	68.52442	469.02692	242.30074	1000.0	1000.0	419999	32.639576	14.219229	64.37375	3.973364	-32.828884	0.29089236	7633.667486906052
106	460.43164	29.953737	490.2241	413.9337	343.05902	108.17881	435.95676	73.464424	1000.0	1000.0	423999	32.880573	14.389913	64.85892	4.5020757	-33.056374	0.29908028	7709.164874315262
107	429.6592	69.33716	496.8913	313.69485	427.33603	44.57687	475.42847	318.9469	1000.0	1000.0	427999	33.0207	14.590469	65.25422	3.5992396	-33.20114	0.3068736	7784.460698843002
108	444.91675	37.735302	491.58585	386.46768	499.2416	36.592117	561.8014	436.71173	1000.0	1000.0	431999	33.442936	14.817484	65.78557	3.778323	-33.636173	0.3163667	7859.5691177845
109	421.51242	78.51851	485.12415	290.2501	517.16266	27.739317	563.55615	471.66495	1000.0	1000.0	435999	33.719856	14.914809	66.097946	4.794533	-33.900387	0.31587458	7934.690798997879
110	470.66132	37.340816	520.0213	429.4644	499.84708	66.73891	593.279	389.2698	1000.0	1000.0	439999	34.0892	14.898253	65.993034	5.0708885	-34.282524	0.3280878	8009.799242258072
111	468.79752	48.823483	531.44836	400.68494	452.52515	29.00939	511.9176	390.88434	1000.0	1000.0	443999	34.53821	14.862299	66.68478	5.148394	-34.724773	0.32152864	8085.032513618469
112	468.64304	16.795507	487.8371	444.4999	444.67715	99.413826	515.2133	161.00932	1000.0	1000.0	447999	34.889088	14.885511	67.26612	4.698911	-35.08055	0.3170207	8159.970424413681
113	419.93845	21.300997	444.36496	391.60843	454.61874	32.594902	541.3083	416.1095	1000.0	1000.0	451999	35.26867	14.923382	66.8081	4.2517653	-35.456	0.32528964	8234.91097831726
114	450.92026	25.477224	487.21204	423.15973	456.56354	110.85086	531.14246	134.81987	1000.0	1000.0	455999	35.60801	15.101946	67.854095	4.905766	-35.80592	0.32984063	8310.003614902496
115	435.01953	45.212997	511.50766	393.68515	467.86517	40.79338	528.55804	401.5045	1000.0	1000.0	459999	36.070076	15.19597	67.8405	5.190602	-36.26572	0.31543535	8385.104420423508
116	374.09686	78.768105	446.58795	255.44997	286.7624	139.18593	539.04785	102.058334	1000.0	1000.0	463999	36.305603	15.363146	68.31898	4.7455378	-36.49055	0.3238509	8460.368176221848
117	440.86505	64.382835	506.76587	334.65945	382.28577	133.68211	562.2844	198.37677	1000.0	1000.0	467999	36.52026	15.409957	68.18076	4.8731885	-36.70805	0.33369264	8535.290786504745
118	478.71832	10.203016	494.68002	469.1609	475.90347	79.582634	581.54376	341.65195	1000.0	1000.0	471999	36.65495	15.486107	68.31859	4.342923	-36.83825	0.34420675	8610.373869419098
119	440.70016	47.843838	482.72702	360.27924	453.50806	101.23292	525.75073	221.51154	1000.0	1000.0	475999	36.891827	15.487266	68.25596	4.6612697	-37.085003	0.33769038	8685.920936346054
120	483.44623	21.096375	519.38434	465.24768	451.98712	67.96013	527.03424	267.6891	1000.0	1000.0	479999	37.261024	15.5482	67.96399	5.755279	-37.457108	0.33057556	8761.347998857498
121	482.08902	60.012936	563.41724	398.1285	489.91806	43.014194	549.74164	408.37592	1000.0	1000.0	483999	37.602467	15.610132	68.44263	5.3415484	-37.794594	0.33456495	8836.423647880554
122	422.7438	92.706764	485.11542	262.76123	480.02042	109.8485	587.10486	211.62372	1000.0	1000.0	487999	37.858562	15.704483	69.78901	4.6303015	-38.046444	0.33161536	8911.454384803772
123	510.95886	31.679682	541.4524	463.4727	238.40518	170.83443	555.7023	60.30988	1000.0	1000.0	491999	38.24055	15.674524	69.79396	4.1194344	-38.442585	0.33263186	8986.41724205017
124	484.4171	42.395554	528.4902	431.25592	474.47006	32.150658	541.9951	426.15094	1000.0	1000.0	495999	38.608246	15.827543	70.1534	4.674103	-38.809967	0.33730966	9061.67474937439
125	470.01978	23.50398	494.2452	444.22662	523.3285	34.139576	596.8326	478.49625	1000.0	1000.0	499999	39.028027	15.992972	70.95616	4.839685	-39.220963	0.34643623	9136.605668783188
126	494.47934	34.500465	535.6108	443.4559	433.13672	129.7289	579.53186	222.72757	1000.0	1000.0	503999	39.22787	16.23872	72.01691	4.0503716	-39.4165	0.35503718	9211.598230361938
127	475.37054	36.56321	512.1573	415.37814	503.80493	31.432272	541.20264	433.56818	1000.0	1000.0	507999	39.33788	16.45838	72.33818	4.7907977	-39.521557	0.3657363	9286.727789402008
128	481.25092	23.937906	516.4649	456.42862	317.8413	169.84227	570.3074	141.83653	1000.0	1000.0	511999	39.55805	16.581081	72.39654	4.463503	-39.75684	0.36168885	9362.05150604248
129	405.61252	133.89972	518.768	181.26355	482.8081	48.099358	564.2259	399.65335	1000.0	1000.0	515999	39.938583	16.686825	73.27782	4.2995114	-40.144188	0.39299017	9437.126949071884
130	444.34476	190.00896	569.9794	116.1104	516.93396	68.443245	600.8768	403.68222	1000.0	1000.0	519999	40.091095	16.714544	73.53145	4.316664	-40.278366	0.36872095	9512.232584238052
131	528.8915	42.161705	582.7816	469.5719	465.25903	123.03874	550.0299	168.40637	1000.0	1000.0	523999	40.26484	16.8685	73.5145	4.32984	-40.46332	0.36033154	9587.545940637589
132	545.99695	33.316708	582.7605	492.6309	511.77847	57.172295	580.0449	362.78372	1000.0	1000.0	527999	40.634815	16.884537	73.48981	4.3528395	-40.838215	0.3610458	9663.097450971603
133	545.85925	45.52068	606.9091	481.84555	499.76367	85.64244	583.02057	299.51297	1000.0	1000.0	531999	40.92845	16.952261	73.08607	3.3615067	-41.126118	0.3804643	9738.642046928406
134	558.59937	45.981762	602.6195	486.49048	590.7221	16.40395	615.6598	570.12427	1000.0	1000.0	535999	41.199978	16.979565	73.65468	1.1752667	-41.397537	0.38870382	9814.183584690094
135	384.94537	139.84116	513.4811	174.66928	588.2043	20.92361	632.12885	550.7598	1000.0	1000.0	539999	41.42404	16.957829	77.29845	3.4981682	-41.62565	0.39251208	9889.99812746048
136	391.72278	162.6422	522.5412	119.39193	503.7403	156.22263	596.6806	187.57806	1000.0	1000.0	543999	41.678623	16.905313	77.184326	3.1157937	-41.870903	0.39871448	9965.729880332947
137	361.7984	147.87932	479.88068	109.456566	429.18878	85.31826	502.8254	193.18214	1000.0	1000.0	547999	41.725895	17.030054	76.88716	4.5066347	-41.92572	0.38936067	10041.242366075516
138	422.84393	88.885796	508.60782	295.76706	539.4493	131.50006	631.68115	208.52312	1000.0	1000.0	551999	41.7241	17.170328	77.27115	4.523713	-41.901237	0.38710347	10116.649421453476
139	399.28308	82.803444	505.55304	288.5056	534.78455	83.844986	593.93427	291.23676	1000.0	1000.0	555999	41.47017	17.335419	76.929504	4.5418077	-41.643993	0.38895985	10192.24545788765
140	419.10974	90.26726	483.20822	263.50394	461.61572	28.160303	492.7285	404.9582	1000.0	1000.0	559999	41.448387	17.4521	77.74709	4.550249	-41.62727	0.39664727	10267.810815095901
141	520.3545	44.9543	568.70905	446.82617	479.37558	45.369244	536.5804	354.5466	1000.0	1000.0	563999	41.484436	17.532293	78.07001	4.552102	-41.666225	0.3915058	10343.474594831467
142	467.2593	30.264338	509.68076	427.58896	550.10175	35.684082	599.3499	496.62955	1000.0	1000.0	567999	41.700478	17.60326	78.49991	4.552413	-41.888485	0.41017	10418.78186917305
143	431.51834	127.8952	513.9565	210.24237	470.88605	28.255125	508.58154	417.98465	1000.0	1000.0	571999	41.786655	17.716114	78.19293	4.5562263	-41.960613	0.3967937	10494.089013576508
144	504.12793	32.88969	541.25665	454.04517	475.79132	31.132147	521.4091	424.98422	1000.0	1000.0	575999	41.952293	17.813011	78.5121	4.5635004	-42.13883	0.40842637	10569.245468854904
145	513.0067	26.628267	541.9499	475.00778	549.4365	94.42812	626.1695	275.69824	1000.0	1000.0	579999	42.20596	17.936726	78.440956	4.131493	-42.397915	0.40445504	10644.664645671844
146	539.9458	20.289942	568.15985	515.9663	588.68524	25.86363	608.7634	522.76373	1000.0	1000.0	583999	42.57819	18.02946	78.82513	4.5863924	-42.779015	0.39637023	10719.850075244904
147	530.94977	41.62984	569.15704	463.88538	537.8393	35.805553	579.97797	449.40656	1000.0	1000.0	587999	42.981346	18.122763	79.26394	4.604056	-43.17927	0.4081197	10795.240730524063
148	550.3859	43.56284	603.8005	482.5168	201.1998	148.1213	461.77988	45.0526	1000.0	1000.0	591999	43.341335	18.200428	78.72676	4.6177964	-43.528954	0.40476376	10870.890815019608
149	467.3792	84.06451	559.7709	330.50314	527.12225	53.4607	577.898	384.77664	1000.0	1000.0	595999	43.49626	18.151012	78.362595	4.338293	-43.688126	0.39960817	10946.815749645233
150	565.7739	12.442691	578.13214	545.0107	579.661	34.220734	632.69574	526.6381	1000.0	1000.0	599999	43.738167	18.117851	78.43706	4.0390935	-43.92743	0.41117677	11022.32804608345
151	429.716	205.36482	567.33905	74.77097	566.1847	32.81049	598.1344	472.17603	1000.0	1000.0	603999	43.838936	18.070223	78.45657	5.1137285	-44.01977	0.40451115	11097.795404911041
152	439.6742	131.19426	581.978	297.2924	571.76306	23.773542	604.98846	518.2919	1000.0	1000.0	607999	43.743656	18.160831	78.30764	4.642776	-43.93033	0.39720568	11173.36798620224
153	524.85486	43.476837	580.166	459.95526	588.29407	11.633113	601.57153	569.55396	1000.0	1000.0	611999	43.84785	18.218414	78.20734	5.4135222	-44.028374	0.39909866	11248.999769449234
154	594.49304	15.5046625	615.9109	577.3727	550.9658	95.41757	629.81647	279.2017	1000.0	1000.0	615999	43.96995	18.273766	78.44105	4.964908	-44.158157	0.39912847	11324.578455209732
155	559.69336	18.33391	583.3363	538.62244	524.7626	37.969296	567.2108	417.32593	1000.0	1000.0	619999	44.239025	18.218657	77.7049	4.817168	-44.429035	0.40700653	11400.109100103378
156	481.79187	123.19008	579.7159	275.99133	500.43613	106.0593	603.691	254.72406	1000.0	1000.0	623999	44.30982	18.219006	78.52563	2.266651	-44.490192	0.40596503	11475.634852647781
157	492.7078	155.57973	600.68677	224.13292	540.32947	123.02367	625.63556	178.52449	1000.0	1000.0	627999	44.373573	18.28749	77.991714	4.769049	-44.555313	0.40354103	11551.370442390442
158	542.7412	12.6171055	561.12994	525.9939	555.4894	43.092213	585.1303	430.03735	1000.0	1000.0	631999	44.529877	18.37762	78.51362	4.7904406	-44.714993	0.41016355	11626.728664159775
159	553.6335	40.1988	603.2933	509.89252	537.0863	79.665665	644.9444	386.6775	1000.0	1000.0	635999	44.70275	18.492556	78.5199	1.111639	-44.88952	0.41195995	11702.406188249588
160	428.00946	193.87949	570.4478	95.47274	602.804	20.687632	632.8947	562.858	1000.0	1000.0	639999	44.94015	18.601698	78.7266	4.419859	-45.12742	0.39181957	11777.888503551483
161	478.4077	193.12161	615.35114	145.23706	564.0122	15.997353	594.1107	541.93604	1000.0	1000.0	643999	45.10556	18.75429	78.722595	4.831738	-45.293175	0.3932434	11853.279139518738
162	539.11316	140.53238	650.4816	298.51428	630.7445	26.074448	670.919	573.9998	1000.0	1000.0	647999	45.15766	18.936901	79.23474	4.8425865	-45.345253	0.42164886	11928.7850689888
163	583.7356	40.33982	622.5098	524.2498	502.12848	127.974655	636.07196	230.29088	1000.0	1000.0	651999	45.35317	18.986164	78.688324	3.2514253	-45.529446	0.43316174	12004.357243776321
164	493.42432	156.56729	635.3842	231.07098	593.6705	22.849209	634.2961	553.4922	1000.0	1000.0	655999	45.516186	19.056147	78.73903	4.874555	-45.706642	0.42161834	12079.933391571045
165	473.65695	141.35818	584.6314	238.3803	623.44525	23.867476	658.5619	577.5123	1000.0	1000.0	659999	45.74055	19.169964	78.36531	4.8638945	-45.927887	0.39140216	12155.385381937027
166	503.57385	194.05301	621.8592	167.546	546.65656	29.602049	583.0567	488.99146	1000.0	1000.0	663999	45.78211	19.186722	79.31793	4.910632	-45.966675	0.41070879	12230.980719327927
167	501.08618	88.25207	558.9788	348.79977	513.4147	127.59813	622.6869	201.30417	1000.0	1000.0	667999	45.90846	19.215494	79.67573	4.9282417	-46.095547	0.4135571	12306.47039103508
168	573.98425	25.734097	615.31836	544.50244	543.69147	107.97224	646.4084	342.414	1000.0	1000.0	671999	46.18588	19.115078	79.12543	4.778576	-46.377167	0.42379302	12382.095896959305
169	495.62616	113.638	572.0815	299.54153	314.83005	186.64008	558.03217	80.19995	1000.0	1000.0	675999	46.252495	19.190245	79.132484	4.9592957	-46.425045	0.4054562	12457.69080734253
170	475.14563	181.02486	602.5172	163.7191	552.271	14.153328	567.78284	523.43884	1000.0	1000.0	679999	46.24719	19.28218	79.16119	4.9720464	-46.424484	0.43600032	12533.556619405746
171	592.9395	41.659416	640.8686	537.6996	615.37164	28.748001	654.5493	567.73145	1000.0	1000.0	683999	46.226234	19.29563	79.7517	4.9925137	-46.3934	0.41475278	12609.445110559464
172	560.6846	17.651495	581.8635	541.2093	528.54425	15.576676	550.54065	500.80994	1000.0	1000.0	687999	46.25228	19.408121	79.0505	5.008175	-46.429626	0.4021267	12685.286138772964
173	587.3042	17.12182	607.7123	560.33746	563.42346	10.821229	581.39435	549.5321	1000.0	1000.0	691999	46.298695	19.495506	79.98029	5.022681	-46.46725	0.39699763	12761.16862654686
174	582.49585	20.180157	615.4918	564.95667	606.23926	19.14577	631.6084	559.46783	1000.0	1000.0	695999	46.556713	19.513405	79.6741	5.0364485	-46.73778	0.40830395	12837.256897449493
175	596.5366	13.552375	619.0524	583.22473	587.9885	93.338165	663.107	326.58054	1000.0	1000.0	699999	46.75306	19.568136	79.97237	5.048503	-46.934303	0.42292166	12912.966129541397
176	611.761	36.89406	653.45374	568.74567	466.8772	159.02681	637.94965	172.29604	1000.0	1000.0	703999	47.03052	19.59474	79.804306	5.055396	-47.219883	0.43140534	12988.536180496216
177	532.69434	59.7779	592.02216	445.13547	493.3645	170.62372	645.5194	213.18184	1000.0	1000.0	707999	47.322044	19.581326	80.063286	5.0700235	-47.49696	0.414932	13064.206741333008
178	560.8385	63.880947	614.2278	451.67325	614.2752	17.893217	653.70667	587.5481	1000.0	1000.0	711999	47.31822	19.633997	80.59684	5.0895557	-47.491512	0.39324707	13139.795284986496
179	507.5891	147.30878	605.52716	253.08093	513.7142	155.48158	639.86096	157.63298	1000.0	1000.0	715999	47.583317	19.606503	80.61308	5.105971	-47.76435	0.4364529	13215.539121389389
180	632.3269	27.091333	679.22217	615.4729	630.1327	24.707594	650.57153	565.2069	1000.0	1000.0	719999	47.84597	19.616379	80.466324	5.1361804	-48.03526	0.4316903	13290.955594778061
181	611.3417	20.059574	626.6903	577.51636	629.15643	17.932213	661.0859	597.20056	1000.0	1000.0	723999	48.22915	19.56865	80.912384	5.1503158	-48.41524	0.42047307	13366.734048366547
182	502.96317	152.97127	609.94086	239.28033	607.1191	35.545403	664.1103	553.44147	1000.0	1000.0	727999	48.37237	19.547354	80.48503	5.1701326	-48.555706	0.41285893	13442.60665345192
183	587.15906	30.204414	626.57153	543.33704	646.7826	11.442479	668.90924	631.48944	1000.0	1000.0	731999	48.578815	19.494978	80.45281	5.194858	-48.76792	0.4188642	13518.414341449738
184	608.64465	13.755179	619.4201	585.01996	591.19824	116.310524	658.52234	250.01329	1000.0	1000.0	735999	48.89698	19.371418	80.593704	5.220809	-49.081562	0.42708588	13594.192670106888
185	576.1688	44.960606	631.1941	518.7327	556.21515	136.28299	671.6841	281.30344	1000.0	1000.0	739999	49.10877	19.350876	80.825714	5.239714	-49.291092	0.4262184	13669.955355167389
186	616.7702	30.069443	660.9625	576.34937	618.5415	136.04422	716.4343	222.10481	1000.0	1000.0	743999	49.196613	19.375277	80.78834	5.258816	-49.37521	0.41411585	13745.697972297668
187	648.1733	17.870884	668.103	628.3271	552.99426	128.48813	657.79596	204.53825	1000.0	1000.0	747999	49.392376	19.408438	80.906555	5.272751	-49.582203	0.4271631	13821.641258001328
188	585.98676	5.867753	592.9832	577.2074	619.4802	24.131023	657.16095	576.95374	1000.0	1000.0	751999	49.640057	19.415035	80.90387	5.164933	-49.820377	0.42942432	13897.787891626358
189	599.8064	33.097668	640.1884	559.25104	602.21814	31.549757	665.8049	557.41284	1000.0	1000.0	755999	49.729866	19.485535	82.577126	4.530343	-49.91228	0.43502086	13973.875108242035
190	572.8042	34.744926	610.6916	518.1607	582.1285	33.132565	652.5891	537.12646	1000.0	1000.0	759999	49.845406	19.589094	82.64303	5.058141	-50.02447	0.4443961	14049.885719537735
191	587.2971	16.845009	607.5781	562.76685	627.81824	21.623602	668.7752	580.56134	1000.0	1000.0	763999	49.86791	19.597303	81.99411	4.8886623	-50.042103	0.41916072	14125.994025945663
192	591.5736	14.194367	606.6726	572.22406	597.70654	48.781998	645.40564	457.59396	1000.0	1000.0	767999	49.85473	19.652205	82.138596	3.4480195	-50.026577	0.41519383	14201.890909194946
193	627.03394	9.545938	641.19366	615.37683	542.56555	56.60613	633.0348	471.87512	1000.0	1000.0	771999	49.826546	19.689238	82.55201	3.8672743	-50.000046	0.39678526	14277.753992795944
194	525.38635	114.21076	606.89136	329.26538	619.54297	46.5153	675.40906	524.23145	1000.0	1000.0	775999	49.832684	19.731504	82.168465	2.99396	-50.00418	0.41303468	14353.739567279816
195	564.7067	57.520565	632.4966	478.25406	594.6215	28.72986	636.85516	532.56836	1000.0	1000.0	779999	49.921505	19.723269	82.565285	3.659398	-50.08965	0.39430118	14429.509681940079
196	580.3008	49.627987	626.61005	500.3645	568.03284	79.573494	652.4724	380.91327	1000.0	1000.0	783999	49.914494	19.833296	83.04397	1.1902814	-50.083927	0.4168727	14505.116219997406
197	604.13	21.283133	624.3375	573.8638	513.92224	150.14314	663.1031	194.58977	1000.0	1000.0	787999	50.01418	19.954037	83.3021	1.2455869	-50.17895	0.41141465	14580.977415323257
198	575.93555	101.369774	680.96466	411.55225	589.4257	85.50061	643.8601	341.14322	1000.0	1000.0	791999	50.042637	20.084383	83.0098	-0.5944662	-50.214615	0.41942555	14656.901070833206
199	568.1376	116.599556	649.6846	368.525	561.75415	40.976917	616.95166	478.71042	1000.0	1000.0	795999	50.123417	20.257626	82.919266	-0.658844	-50.29171	0.4540406	14732.666061639786
200	641.5637	16.914734	665.5387	622.0356	638.68994	32.85231	681.32477	568.5009	1000.0	1000.0	799999	50.38099	20.36551	82.60517	-2.5763955	-50.55925	0.4401524	14808.364825248718
201	620.8331	22.620897	654.94696	594.0678	508.71323	155.8796	644.41864	183.96608	1000.0	1000.0	803999	50.55439	20.413465	82.70569	-3.5948825	-50.72993	0.4435604	14884.300499677658
202	541.58417	129.2428	634.4509	318.6448	600.24475	12.85568	610.90857	563.87646	1000.0	1000.0	807999	50.626205	20.603985	82.688644	-2.3399925	-50.792595	0.47334012	14960.421334028244
203	616.1017	19.930422	639.58203	591.18536	647.329	16.922857	670.1571	621.84595	1000.0	1000.0	811999	50.77142	20.752445	82.78972	-3.365343	-50.9408	0.49160707	15036.428277492523
204	635.5446	42.958977	688.6524	582.8342	655.31433	14.675352	675.1353	627.1455	1000.0	1000.0	815999	50.92734	20.697865	82.73681	-2.702714	-51.097145	0.45731932	15112.41803407669
205	621.8048	32.835854	652.26434	568.13855	616.47003	44.584576	680.06445	521.9064	1000.0	1000.0	819999	50.88639	20.7855	83.38618	-0.946342	-51.049633	0.44858697	15188.061525344849
206	643.28577	16.497093	671.00806	629.68616	654.5353	17.113234	680.21686	626.7554	1000.0	1000.0	823999	51.025017	20.834352	82.985596	-1.9176655	-51.19933	0.4484331	15263.866936445236
207	635.01404	27.53763	664.99835	596.17554	655.4092	32.275856	694.20886	583.3488	1000.0	1000.0	827999	51.23254	20.852173	83.11836	-3.7661772	-51.40121	0.45703715	15339.286224842072
208	473.6986	212.8223	642.1476	118.67152	637.06824	19.356405	660.7364	589.45404	1000.0	1000.0	831999	51.449146	20.841526	82.687386	-3.87642	-51.618977	0.45450214	15414.676525354385
209	645.51697	24.680115	668.38855	605.6879	602.2069	41.825233	655.52026	502.68048	1000.0	1000.0	835999	51.487534	20.940044	83.03255	-6.8038936	-51.65497	0.4396526	15490.129281520844
210	567.30707	79.88058	653.25256	441.22897	677.0953	22.52771	711.9039	630.2621	1000.0	1000.0	839999	51.4996	20.998413	83.667305	-5.9455914	-51.66629	0.44624212	15565.898435592651
211	543.96906	177.35312	673.1897	238.87369	448.8029	212.45554	677.724	129.53648	1000.0	1000.0	843999	51.67383	20.978003	84.602905	-5.025421	-51.847225	0.44742712	15641.62408399582
212	593.5009	80.75102	651.92004	454.32602	573.56067	184.70288	693.64056	164.77345	1000.0	1000.0	847999	51.85838	20.946417	83.568214	-5.4291086	-52.02657	0.44957358	15717.226495981216
213	632.7001	27.85523	678.55975	604.3415	606.253	70.252235	662.60736	409.19357	1000.0	1000.0	851999	51.93698	20.90178	84.05284	-2.1454725	-52.10637	0.45446828	15792.82765364647
214	526.424	187.06445	658.47955	203.50044	468.18488	147.93124	629.65607	222.11522	1000.0	1000.0	855999	52.15848	20.771944	84.36618	-0.114114285	-52.33361	0.47792065	15868.298928976059
215	582.2457	68.384415	631.4322	464.48898	621.0216	101.88517	686.9963	328.60455	1000.0	1000.0	859999	52.21603	20.786142	83.66223	1.8751836	-52.37782	0.44483337	15943.838492631912
216	542.0264	111.06299	668.80835	364.30267	663.37054	15.739668	684.48285	635.1348	1000.0	1000.0	863999	52.25576	20.815128	83.67473	1.4742627	-52.425117	0.47083747	16019.36422753334
217	620.07355	17.620348	643.5052	594.8876	620.11383	15.187824	643.633	595.39996	1000.0	1000.0	867999	52.241394	20.822386	83.48252	1.3781314	-52.403305	0.45510712	16094.716189622879
218	595.8955	43.200188	643.78455	536.5668	610.0194	137.44615	674.05835	199.39958	1000.0	1000.0	871999	52.29486	20.769163	83.65362	-0.91459846	-52.459866	0.45176044	16170.192316532135
219	621.2781	23.661318	644.1134	585.9545	655.86865	12.220119	673.8928	638.4565	1000.0	1000.0	875999	52.42427	20.786718	83.67567	-2.4060788	-52.583626	0.46187934	16245.97728919983
220	634.8008	26.29085	676.6536	604.4441	614.86505	16.841892	642.95917	579.59375	1000.0	1000.0	879999	52.449074	20.841734	83.89343	-2.1694593	-52.61847	0.45934582	16321.792079687119
221	651.35815	21.379845	684.96625	626.0893	641.2733	25.569601	675.03986	588.96747	1000.0	1000.0	883999	52.60847	20.906796	86.24866	-3.208714	-52.77117	0.44541717	16397.553000688553
222	609.27716	54.903625	659.0554	516.5478	666.4279	26.669413	699.06836	618.3874	1000.0	1000.0	887999	52.73246	20.88726	83.616554	-1.9826441	-52.89525	0.454654	16473.05522441864
223	627.8345	24.991646	655.9377	587.54456	546.2313	163.95856	690.88995	180.14339	1000.0	1000.0	891999	52.749924	21.004446	83.316025	-2.8305626	-52.910587	0.440436	16548.658447027206
224	620.40906	27.929783	647.29456	580.07184	606.02673	124.01801	677.943	241.4539	1000.0	1000.0	895999	52.794224	21.069443	83.60604	-4.2293243	-52.951046	0.42875746	16624.272707939148
225	615.89307	23.231094	643.3625	579.01605	451.76132	175.78853	654.14435	194.52452	1000.0	1000.0	899999	52.72789	21.206997	83.9713	-1.7659945	-52.879223	0.43665668	16700.153178215027
226	552.316	171.72305	669.2639	256.08124	623.34357	24.025612	646.9436	568.42645	1000.0	1000.0	903999	52.690266	21.317184	83.82359	-1.7741122	-52.8467	0.4511558	16775.995237350464
227	581.05414	38.219738	623.25995	518.9031	652.0575	25.805664	697.39136	599.2899	1000.0	1000.0	907999	52.87659	21.304268	83.71835	-2.3565216	-53.045223	0.44176117	16851.853255987167
228	619.4126	39.00559	660.8441	555.34717	625.9543	21.44765	657.88434	586.4393	1000.0	1000.0	911999	53.072556	21.266953	83.496216	-2.411357	-53.233383	0.45675427	16927.696650505066
229	602.9888	12.469052	622.58417	589.57367	652.15344	25.99886	697.7022	617.68256	1000.0	1000.0	915999	53.139965	21.27734	83.7377	-4.995314	-53.30137	0.44405884	17003.66685461998
230	617.1716	25.985973	640.48193	573.105	559.8798	73.26971	647.02826	424.8002	1000.0	1000.0	919999	53.2606	21.282772	84.184555	-1.6195893	-53.419434	0.44300586	17079.640851974487
231	541.611	148.55312	642.21924	285.3891	624.74695	28.942299	678.96265	587.25494	1000.0	1000.0	923999	53.338493	21.26718	84.0456	0.59464693	-53.501404	0.4276723	17155.549978256226
232	609.66394	20.743433	641.7762	589.6883	576.84436	105.98238	650.1286	366.26743	1000.0	1000.0	927999	53.463547	21.164137	84.2682	0.3558569	-53.623756	0.4513052	17231.628019094467
233	509.41693	131.7177	659.4231	365.11816	601.3675	66.44269	663.4911	418.65707	1000.0	1000.0	931999	53.490704	21.200283	84.011024	0.1453023	-53.64561	0.46822685	17307.517834186554
234	622.9325	7.3256383	631.3235	611.72754	615.59076	27.598955	642.0129	540.4839	1000.0	1000.0	935999	53.474365	21.194103	84.25632	-0.65845776	-53.63144	0.4849002	17383.11812210083
235	637.8798	28.183355	671.9802	608.26685	665.73083	22.373165	700.49774	628.6965	1000.0	1000.0	939999	53.579994	21.15615	83.97593	-1.925971	-53.739147	0.43687677	17458.742146492004
236	633.37933	37.147205	684.3114	579.52216	567.8834	145.38878	693.512	274.95148	1000.0	1000.0	943999	53.750496	21.098064	84.46312	-3.901763	-53.91364	0.43559518	17534.1721971035
237	651.0179	15.26556	666.8032	626.03094	634.3854	38.702568	696.47015	578.0394	1000.0	1000.0	947999	53.86723	21.06207	84.11279	-2.1933546	-54.02886	0.45548287	17609.78510117531
238	646.5955	28.370064	673.15247	599.27924	676.20276	24.087748	719.2102	644.435	1000.0	1000.0	951999	54.06509	20.978582	83.86067	-1.8744483	-54.22957	0.44101167	17685.49510383606
239	637.1455	24.268875	670.93884	613.052	678.16534	24.381304	715.69037	637.55176	1000.0	1000.0	955999	54.31896	20.913342	84.22839	-3.5508108	-54.48028	0.45361882	17761.585556268692
240	608.5425	88.92941	687.2937	462.13046	633.5906	87.00293	714.4138	397.93777	1000.0	1000.0	959999	54.37619	20.902617	84.33592	-3.6286454	-54.531834	0.45794585	17837.27155661583
241	650.3405	19.761435	675.68195	620.2876	654.81116	116.88155	731.16327	312.99448	1000.0	1000.0	963999	54.336044	20.900723	84.618454	-2.4516745	-54.488155	0.4414829	17912.93889093399
242	613.30005	51.181896	667.3766	529.82404	633.55975	104.61932	697.5895	324.25543	1000.0	1000.0	967999	54.35812	20.962858	84.7432	-2.308558	-54.512367	0.42441672	17988.747904777527
243	504.64795	136.21156	674.89795	339.32617	612.34033	36.943073	680.54535	558.5669	1000.0	1000.0	971999	54.325996	21.04232	84.52325	-2.7424521	-54.47779	0.4451093	18064.411678552628
244	627.21875	15.32427	645.41187	611.7289	665.8564	17.669207	698.8936	636.9034	1000.0	1000.0	975999	54.381706	21.14808	84.46129	-2.2254868	-54.535175	0.4547066	18140.265290260315
245	570.664	142.79059	673.1884	325.0292	602.3002	41.86912	651.29346	520.67004	1000.0	1000.0	979999	54.4182	21.19148	85.20961	-1.4516082	-54.572254	0.46243596	18216.138835430145
246	614.2339	28.98755	650.83167	573.8549	620.70654	124.19128	692.7866	256.82516	1000.0	1000.0	983999	54.41793	21.313362	85.523285	-2.6427994	-54.569946	0.4511673	18291.911553144455
247	667.10895	12.174917	677.8024	646.4632	667.4173	20.491205	700.3723	637.4549	1000.0	1000.0	987999	54.526005	21.246067	85.30244	-3.324339	-54.681236	0.4573314	18367.88645720482
248	664.63824	13.663798	676.62714	641.80597	670.48376	35.521435	727.8254	600.245	1000.0	1000.0	991999	54.60625	21.21894	85.76154	-4.859132	-54.759014	0.444037	18443.725340604782
249	555.0048	207.38498	682.21564	195.89352	647.6843	34.93777	683.0249	556.2876	1000.0	1000.0	995999	54.62855	21.334599	85.479485	-2.6846027	-54.78077	0.4634137	18519.380884170532
250	654.4648	8.384568	664.0668	641.0019	640.6091	62.85164	695.99567	459.97012	1000.0	1000.0	999999	54.73161	21.4215	86.02634	-2.6385074	-54.88325	0.47219187	18594.856055259705
251	634.39233	21.170149	656.0092	605.537	702.2106	16.594738	730.8483	678.0379	1000.0	1000.0	1003999	54.86745	21.427153	86.17821	-1.3037772	-55.025764	0.48664275	18670.58141064644
252	658.9973	8.708218	666.94434	644.27	621.1116	15.117827	639.00305	588.27167	1000.0	1000.0	1007999	55.146355	21.398155	85.91313	-3.4262319	-55.29436	0.48370582	18746.31336069107
253	469.99762	251.81865	639.9747	34.653255	636.51135	138.75958	707.5766	223.37071	1000.0	1000.0	1011999	55.14733	21.553957	85.52433	-2.7994585	-55.3016	0.49171197	18821.903741121292
254	625.5771	50.211796	667.069	543.228	561.7448	115.75465	688.9906	362.51678	1000.0	1000.0	1015999	55.280636	21.613321	85.85396	-3.472857	-55.428005	0.50005895	18897.644245147705
255	543.0624	166.80649	660.2022	255.43605	705.59265	14.285034	726.2016	680.0285	1000.0	1000.0	1019999	55.335693	21.664877	86.535095	-4.4821014	-55.4791	0.48217773	18973.396905899048
256	477.4624	186.96301	658.6393	197.29346	638.8036	120.38517	711.1892	281.7457	1000.0	1000.0	1023999	55.42727	21.63679	86.42727	-4.8977103	-55.57153	0.4766521	19049.269483804703
257	627.3553	24.771221	665.1873	595.7778	580.4629	71.74363	667.2607	441.7536	1000.0	1000.0	1027999	55.44056	21.747622	87.084465	-5.7607174	-55.579758	0.46131888	19125.146996498108
258	604.37616	102.458176	684.6307	430.0131	642.94617	67.40552	705.8084	452.57584	1000.0	1000.0	1031999	55.52822	21.924698	88.58479	-4.4424872	-55.670406	0.47888055	19201.127405405045
259	544.3259	106.10114	622.81757	361.63507	663.63434	19.663317	690.1496	636.2103	1000.0	1000.0	1035999	55.681866	21.956606	88.30581	-3.879939	-55.824623	0.48016182	19276.780797958374
260	643.1827	20.791428	667.6067	610.2529	694.30304	46.0771	744.4314	597.4452	1000.0	1000.0	1039999	55.877193	22.010603	88.317535	-4.033249	-56.022587	0.46430334	19352.53887104988
261	612.57935	71.53732	699.7185	538.11755	683.1668	19.364023	711.2208	647.42535	1000.0	1000.0	1043999	55.9437	22.099308	88.47894	-4.8031507	-56.07856	0.4621213	19428.228977918625
262	577.5803	91.3699	679.5852	448.18347	658.41504	59.426586	725.4369	534.2151	1000.0	1000.0	1047999	56.000824	22.090929	88.32536	-6.883881	-56.13182	0.47674263	19503.779844284058
263	594.98956	123.71525	704.2154	384.7732	353.67148	210.44855	708.62854	63.227318	1000.0	1000.0	1051999	56.00806	22.09667	88.31138	-5.383917	-56.142303	0.49322814	19579.57286643982
264	371.42572	239.55667	611.2818	76.082565	608.0239	121.28977	721.3478	309.8064	1000.0	1000.0	1055999	56.16412	22.122372	88.92572	-4.45951	-56.302013	0.46921387	19655.102934122086
265	649.1234	13.552094	670.00714	636.20514	686.3465	29.241598	713.7767	608.46576	1000.0	1000.0	1059999	56.328686	22.203047	89.405266	-1.8136454	-56.469414	0.48959747	19730.67648458481
266	547.85345	150.2167	665.14514	293.3109	649.84265	33.3792	690.4979	591.2055	1000.0	1000.0	1063999	56.597904	22.280174	89.562004	-1.4106064	-56.73424	0.50202894	19806.425833702087
267	626.6053	37.64635	664.59326	583.0289	684.5628	15.734523	705.62573	656.75543	1000.0	1000.0	1067999	56.793274	22.241686	88.31826	-1.1156902	-56.931454	0.47722194	19882.26968884468
268	563.4369	77.11816	657.2156	444.83063	678.71106	29.752525	726.3326	630.01044	1000.0	1000.0	1071999	56.955265	22.20873	89.286865	-0.91980314	-57.08786	0.50316334	19957.892260313034
269	631.088	12.752947	648.9974	617.4624	618.50793	16.12725	652.10803	595.34045	1000.0	1000.0	1075999	57.143463	22.234371	89.53843	-4.157762	-57.27517	0.49365288	20033.639613628387
270	655.88824	49.62595	695.1978	570.905	688.431	25.901615	727.4016	633.82404	1000.0	1000.0	1079999	57.256954	22.339497	89.02075	-4.7527437	-57.39007	0.5143075	20109.57585501671
271	555.56647	93.46147	706.56714	467.78204	420.10733	237.67627	669.3465	76.17056	1000.0	1000.0	1083999	57.42925	22.271618	89.158035	-3.5047317	-57.558083	0.4931487	20185.556600809097
272	529.9137	178.14168	665.29	223.51736	193.82388	85.01176	389.2872	63.24896	1000.0	1000.0	1087999	57.51879	22.244743	88.98831	-2.7187595	-57.648594	0.5302989	20261.35881948471
273	637.05493	27.494967	674.2638	604.86456	674.1181	17.19159	714.25183	655.022	1000.0	1000.0	1091999	57.679707	22.21693	88.5037	-2.1458707	-57.810368	0.5169281	20337.136672496796
274	517.3106	174.97664	658.6715	222.79231	284.79977	193.1843	653.34155	105.56931	1000.0	1000.0	1095999	57.799995	22.258839	88.50836	-2.6310515	-57.925983	0.47929868	20413.153626918793
275	515.0021	205.03554	667.0468	165.31287	647.01013	20.823305	671.308	597.25665	1000.0	1000.0	1099999	57.95264	22.304462	88.89579	-0.65062666	-58.078827	0.47903174	20489.013818740845
276	593.15247	87.851524	694.53656	454.14926	671.82043	23.665445	696.4481	613.54095	1000.0	1000.0	1103999	58.11698	22.375523	89.7267	-2.2596622	-58.24783	0.4686792	20564.726771354675
277	571.05145	145.1904	667.5961	320.6437	693.52026	33.569115	730.6871	618.95667	1000.0	1000.0	1107999	58.310356	22.394962	89.12536	1.5613151	-58.438625	0.49378031	20640.596910238266
278	676.91644	29.267298	722.2435	640.4085	661.4594	48.231693	708.2783	538.8676	1000.0	1000.0	1111999	58.457417	22.359575	88.69687	1.9245548	-58.577168	0.49610788	20716.468997716904
279	659.13727	30.344793	709.8505	631.1163	683.7834	25.434141	709.419	628.2197	1000.0	1000.0	1115999	58.55595	22.473564	88.53235	-0.534883	-58.67805	0.5065606	20792.23996734619
280	654.79675	30.807848	680.0434	603.0654	460.6396	156.3119	703.3205	264.16522	1000.0	1000.0	1119999	58.627193	22.52198	89.47702	0.1524167	-58.746086	0.50647694	20867.756744623184
281	553.5816	109.17275	665.1352	392.04486	503.71246	282.39572	754.53784	73.942505	1000.0	1000.0	1123999	58.82025	22.501505	89.332146	-0.079416275	-58.938686	0.5024779	20943.49841237068
282	440.99216	215.69537	664.1643	131.72945	688.88354	19.892647	713.0539	646.7112	1000.0	1000.0	1127999	58.87366	22.465384	88.77401	0.8238101	-58.994648	0.5504966	21019.082268953323
283	661.92847	48.131023	741.01917	610.7689	635.76764	19.172823	663.9056	603.4612	1000.0	1000.0	1131999	59.058464	22.426527	89.49714	-0.7167616	-59.176147	0.54250413	21094.852308750153
284	526.94617	176.4576	678.7784	243.73326	630.67554	83.5604	698.0079	459.50458	1000.0	1000.0	1135999	59.26314	22.35277	91.311676	-3.3270063	-59.38282	0.5601959	21170.807587623596
285	392.36383	239.28964	665.4901	153.987	657.43915	41.243942	700.2784	559.3452	1000.0	1000.0	1139999	59.44063	22.341734	90.30226	3.3479118	-59.559174	0.56379956	21246.374160289764
286	393.3901	238.10966	636.41516	107.59432	625.86505	31.09212	672.3512	569.2181	1000.0	1000.0	1143999	59.53094	22.37196	90.21194	-1.4167538	-59.647625	0.5992688	21322.25637626648
287	460.1471	206.33162	654.6827	140.80338	691.8852	32.698673	746.0459	625.85	1000.0	1000.0	1147999	59.563496	22.354755	90.63753	1.5185266	-59.674183	0.5564609	21398.475429534912
288	493.3711	226.63977	640.1054	101.49559	618.92786	52.81688	660.6714	477.13324	1000.0	1000.0	1151999	59.50817	22.372416	91.34144	4.4473977	-59.61947	0.5624486	21474.511115550995
289	499.0386	183.45541	660.57605	189.41075	604.9382	36.2326	663.7727	557.85016	1000.0	1000.0	1155999	59.785275	22.140577	90.41944	3.426097	-59.89526	0.577291	21550.444286108017
290	556.0576	198.61494	681.79175	212.88237	631.15564	67.1606	681.7069	438.15894	1000.0	1000.0	1159999	59.91827	21.992374	89.96249	2.1870828	-60.02783	0.5136319	21626.360112905502
291	543.8104	105.047386	665.1201	377.71768	633.036	122.617035	701.7818	273.23477	1000.0	1000.0	1163999	59.94504	22.001873	89.794	-2.3502183	-60.04789	0.53927696	21702.297543764114
292	610.9015	42.66695	660.93384	545.69836	505.40112	163.20218	693.29016	259.66785	1000.0	1000.0	1167999	59.891834	22.022297	89.024895	0.67422104	-59.993134	0.53329504	21778.47541999817
293	638.7511	51.200653	683.55054	553.5049	673.0014	20.255608	705.26196	642.9786	1000.0	1000.0	1171999	60.075016	21.890383	89.29782	-1.2574263	-60.180717	0.49650976	21854.38350391388
294	602.3126	56.10804	671.3207	541.8067	669.1848	86.03509	722.75836	417.19443	1000.0	1000.0	1175999	60.2652	21.876026	90.42508	-0.9977603	-60.373276	0.5142836	21930.147976636887
295	564.24084	149.16823	665.6726	306.61334	626.9904	103.13597	697.20264	326.6616	1000.0	1000.0	1179999	60.451794	21.688868	90.85997	-0.43433	-60.55749	0.5416808	22006.17473244667
296	573.9095	159.68889	712.7348	316.38153	451.5188	152.87547	694.0221	172.64189	1000.0	1000.0	1183999	60.674286	21.578066	89.45752	-1.8576813	-60.786427	0.49639216	22082.274204969406
297	573.4223	40.16673	635.4747	525.46545	643.32153	59.02769	691.1711	479.65225	1000.0	1000.0	1187999	60.87374	21.492529	89.91136	-0.8609514	-60.979534	0.5233628	22158.026753425598
298	582.7822	145.96379	694.1192	331.7692	627.58167	164.61258	757.1624	252.17499	1000.0	1000.0	1191999	60.878754	21.545122	89.31564	-3.1423063	-60.979446	0.51120675	22233.919120311737
299	622.93054	20.235077	643.8209	589.5397	621.93164	105.802795	760.2303	393.89474	1000.0	1000.0	1195999	61.09969	21.399761	89.41048	-5.250111	-61.196617	0.51334614	22310.045699834824
300	586.55664	99.364655	671.01764	419.07373	727.404	22.4013	760.7013	695.5154	1000.0	1000.0	1199999	61.114925	21.3269	89.93904	-2.2247105	-61.21406	0.52957255	22386.32806944847
301	654.0423	47.27248	722.124	588.4855	646.0685	128.8274	733.9595	268.28894	1000.0	1000.0	1203999	61.33467	21.092178	89.78407	-0.005092144	-61.437542	0.49638495	22462.66669344902
302	388.93103	191.8822	656.5331	187.24089	648.9601	135.99591	731.19244	247.57454	1000.0	1000.0	1207999	61.53085	20.998652	90.6461	-1.8502059	-61.636017	0.49509618	22539.07093834877
303	594.3807	92.229935	687.00726	444.86273	470.29218	194.19905	752.30707	170.40842	1000.0	1000.0	1211999	61.77418	20.908527	92.18842	-1.1031699	-61.878883	0.52789927	22615.371019601822
304	541.181	148.43735	680.2559	291.30692	497.69458	283.51593	772.0072	104.358086	1000.0	1000.0	1215999	61.96099	20.955208	90.25241	-0.9923768	-62.06426	0.5114538	22691.772396564484
305	638.1304	97.29456	701.13916	470.1665	658.14343	46.74349	750.28235	585.00476	1000.0	1000.0	1219999	62.199837	20.842903	89.89734	-2.8452907	-62.302467	0.52575356	22768.324752807617
306	645.01904	30.158226	675.13214	610.31287	710.01855	34.668175	751.5591	629.3657	1000.0	1000.0	1223999	62.32097	20.831242	89.56715	-4.2639675	-62.419704	0.56960815	22844.583537340164
307	625.2926	29.423187	656.5444	588.7901	699.9673	23.960695	725.23346	655.8484	1000.0	1000.0	1227999	62.53694	20.655886	91.484406	-5.9344025	-62.63661	0.52929187	22920.911046743393
308	625.0961	34.915318	667.1962	571.39	638.74976	82.95745	709.59894	401.48526	1000.0	1000.0	1231999	62.67545	20.480898	91.03977	-6.572828	-62.767796	0.50606537	22997.12115430832
309	579.0438	67.37824	645.3597	478.06482	677.75635	51.488285	750.4314	584.99615	1000.0	1000.0	1235999	62.768784	20.361824	90.54992	-7.8976374	-62.86764	0.5023907	23073.23245573044
310	634.7641	86.547485	722.1822	490.94907	618.63074	47.42802	697.75085	542.4181	1000.0	1000.0	1239999	62.87066	20.257196	91.42945	-6.934377	-62.96841	0.50221246	23149.346529006958
311	587.47516	118.80189	673.5917	385.12234	612.3066	136.35144	708.40137	231.28113	1000.0	1000.0	1243999	63.010406	20.21808	90.31897	-8.86693	-63.106148	0.5010017	23225.583381652832
312	684.5751	21.53645	704.06793	648.12036	718.95544	20.467499	751.86346	692.3896	1000.0	1000.0	1247999	63.062904	20.176344	90.20983	-8.300173	-63.153	0.48922303	23302.201741695404
313	671.5149	36.998066	705.1274	614.36707	660.08856	36.85369	703.91565	595.7192	1000.0	1000.0	1251999	63.191277	20.092232	91.18123	-7.3327017	-63.28687	0.48589948	23378.62849831581
314	547.64685	131.64722	645.348	320.8352	690.4547	39.035217	737.83453	620.3197	1000.0	1000.0	1255999	63.30269	20.018236	90.803696	-8.544027	-63.397602	0.48423687	23454.957392930984
315	605.93823	70.61802	660.8938	486.53906	401.85358	149.67651	631.4061	221.83038	1000.0	1000.0	1259999	63.385845	19.992964	89.93607	-4.9837265	-63.476437	0.5237124	23531.278252363205
316	507.9361	222.10129	648.65796	123.60396	647.1554	74.67903	720.3287	469.24084	1000.0	1000.0	1263999	63.587265	19.879808	92.06471	-7.5703883	-63.67974	0.5437954	23607.68974351883
317	660.27704	48.13822	713.0407	585.6475	679.3788	39.501343	754.57104	602.73804	1000.0	1000.0	1267999	63.665054	19.832169	90.64954	-7.073886	-63.761597	0.5079692	23684.243459939957
318	650.99274	48.1173	697.5844	570.94574	561.0751	206.32504	752.1336	131.49005	1000.0	1000.0	1271999	63.9686	19.632668	90.3095	-7.1686187	-64.06098	0.49448982	23760.49648141861
319	634.437	21.01514	666.36865	609.8098	705.7992	46.085663	755.1102	619.83875	1000.0	1000.0	1275999	63.99714	19.662619	91.19335	-5.8233614	-64.09519	0.5043083	23837.062223911285
320	684.86096	29.430052	706.8802	634.17725	624.6585	88.15492	696.3478	377.23984	1000.0	1000.0	1279999	64.30474	19.493095	90.32327	-4.4275637	-64.40484	0.50141174	23913.581342697144
321	681.3427	31.553255	727.63086	645.4552	676.533	35.255947	714.95856	590.58954	1000.0	1000.0	1283999	64.52051	19.424559	91.55107	-7.474823	-64.61417	0.49077833	23989.739924430847
322	668.32434	30.31864	714.26025	636.0345	630.94464	113.63502	725.42303	309.50272	1000.0	1000.0	1287999	64.66478	19.410934	91.46273	-3.6728668	-64.762146	0.48684818	24065.97892856598
323	665.41705	33.98217	707.0519	612.31714	679.6223	27.57779	729.1843	638.82495	1000.0	1000.0	1291999	64.99397	19.293476	92.180374	-3.3446527	-65.0968	0.4668256	24142.234508514404
324	544.4829	256.72427	726.4308	101.64477	735.2021	17.507612	763.3398	699.0528	1000.0	1000.0	1295999	65.24609	19.299248	92.539955	-1.5084167	-65.34565	0.46971533	24218.571766614914
325	627.514	36.095146	682.6453	582.37164	644.971	67.57539	756.25867	513.08136	1000.0	1000.0	1299999	65.49214	19.275333	90.847466	-9.59981	-65.585785	0.5149285	24295.089798927307
326	423.18082	193.64719	735.1687	209.3227	701.45056	40.41318	753.5275	610.542	1000.0	1000.0	1303999	65.50307	19.399464	91.60214	-4.3106046	-65.59592	0.49510178	24371.657724142075
327	531.5	219.80406	733.2248	167.79266	658.0925	51.274067	725.12476	553.8585	1000.0	1000.0	1307999	65.49721	19.49564	91.44073	-7.6350913	-65.5886	0.5356493	24448.105508565903
328	635.87744	45.927647	702.98785	586.5922	590.14935	41.029453	663.2066	524.2093	1000.0	1000.0	1311999	65.64288	19.471338	91.01652	-7.066167	-65.736984	0.52821094	24524.11923599243
329	529.8104	157.39438	665.9867	274.11722	661.65314	32.183605	716.28937	621.4207	1000.0	1000.0	1315999	65.74653	19.553514	92.70943	-9.02013	-65.84123	0.52988255	24600.703820228577
330	600.6908	142.27551	692.8189	354.79977	180.65561	150.92749	592.7342	60.86981	1000.0	1000.0	1319999	65.82839	19.701035	92.16137	-10.057158	-65.920906	0.5415506	24677.162710428238
331	551.807	220.78172	700.9618	171.78741	680.29456	26.96959	728.1652	643.0014	1000.0	1000.0	1323999	65.75646	19.801369	91.98917	-8.700599	-65.841034	0.55341965	24753.518362045288
332	575.5494	101.53984	697.4194	430.4814	633.46155	40.10986	711.5668	585.524	1000.0	1000.0	1327999	65.7871	19.81701	92.16345	-12.776471	-65.882965	0.5821017	24830.00578403473
333	574.3804	135.54762	720.6414	431.93317	743.4375	16.121058	764.2648	714.4128	1000.0	1000.0	1331999	65.969795	19.814163	91.01269	-12.780863	-66.06517	0.5194364	24906.408388614655
334	607.91345	154.66258	717.9152	341.0426	713.3007	29.442085	744.4373	642.37415	1000.0	1000.0	1335999	66.07134	19.826876	91.67467	-11.660162	-66.158485	0.50898033	24982.91357898712
335	666.71423	23.353664	706.74695	648.1565	661.6424	80.65178	717.1732	430.91583	1000.0	1000.0	1339999	66.02331	19.775238	91.25459	-11.162388	-66.107086	0.5406574	25059.280777931213
336	618.43463	91.96732	727.7512	509.20844	628.7655	61.405735	705.03735	499.87943	1000.0	1000.0	1343999	66.14834	19.670685	91.51977	-8.910627	-66.23693	0.5480832	25135.757895469666
337	619.9155	97.049255	721.036	473.56863	518.2184	224.0085	792.39087	157.14928	1000.0	1000.0	1347999	66.224434	19.614578	91.527306	-5.4869165	-66.317245	0.5439432	25212.54434132576
338	632.565	77.1432	718.61945	541.191	647.5817	140.34	752.91925	236.88643	1000.0	1000.0	1351999	66.43913	19.512135	91.41147	-6.635418	-66.53431	0.5388511	25289.29187822342
339	664.82916	33.31669	700.89343	611.22455	303.64517	172.06818	709.42065	48.12497	1000.0	1000.0	1355999	66.78392	19.332882	91.67489	-1.7462955	-66.87928	0.5547921	25366.0563416481
340	594.9309	18.783108	624.91486	576.80316	560.2631	174.31303	734.74756	179.81169	1000.0	1000.0	1359999	66.87786	19.351969	91.74287	-2.6565385	-66.97009	0.5585942	25442.80716228485
341	577.2484	204.91563	705.02246	222.72588	670.7373	63.74383	754.86237	515.43396	1000.0	1000.0	1363999	66.930786	19.309233	91.49295	1.8017144	-67.023315	0.53287977	25519.50122141838
342	481.06888	193.23903	675.16974	282.88412	577.63666	176.38402	699.4109	106.28322	1000.0	1000.0	1367999	67.00258	19.351542	91.41527	-1.1979327	-67.093575	0.5406613	25596.01918244362
343	525.8479	135.84401	653.421	296.9412	462.48795	196.42522	727.04016	178.23828	1000.0	1000.0	1371999	66.93612	19.356913	91.21868	-2.1014776	-67.02338	0.5447114	25672.639688014984
344	559.69794	264.76715	728.804	101.76296	629.00574	153.77925	768.6772	347.06183	1000.0	1000.0	1375999	67.00819	19.320984	91.1462	0.5001645	-67.09689	0.5130353	25749.249578475952
345	660.0438	45.051342	712.8001	588.8595	505.83383	58.66303	575.8408	393.9448	1000.0	1000.0	1379999	67.040726	19.455067	91.30849	0.9474578	-67.13008	0.55435264	25825.98758292198
346	637.1968	75.08416	719.87085	515.1268	600.9984	181.54947	748.7839	210.69246	1000.0	1000.0	1383999	67.14195	19.461014	91.27194	1.6057005	-67.23117	0.4918239	25903.0118329525
347	457.04272	282.39233	746.5937	126.999054	680.05225	87.71328	777.07544	483.4849	1000.0	1000.0	1387999	67.14871	19.517174	92.103676	0.69198227	-67.23608	0.5495439	25979.863401174545
348	629.6355	206.45932	784.4837	275.9174	710.6415	42.24839	767.8943	612.52026	1000.0	1000.0	1391999	67.22813	19.443531	91.73521	1.736445	-67.31653	0.50823134	26056.442178487778
349	448.60114	109.177864	566.2846	282.34518	548.31683	111.21295	650.9529	279.2805	1000.0	1000.0	1395999	67.302246	19.388676	92.36053	0.82236385	-67.39147	0.5418459	26133.037207603455
350	565.9273	149.71965	708.7599	330.57947	705.0842	33.083035	763.07715	646.6401	1000.0	1000.0	1399999	67.20026	19.532991	91.69674	1.2405186	-67.285904	0.5028145	26209.45999765396
351	610.17773	111.34207	760.9629	447.45477	306.029	174.87207	675.6441	79.920166	1000.0	1000.0	1403999	67.35916	19.529263	91.71112	-0.42241287	-67.45485	0.4829179	26285.875501394272
352	468.4627	157.59271	697.44666	271.549	567.2513	147.51881	714.4251	158.27118	1000.0	1000.0	1407999	67.52864	19.565763	91.88124	0.5966673	-67.62134	0.48763055	26362.53081178665
353	636.41724	12.670001	646.5899	614.9299	582.13763	35.17378	632.0383	533.38275	1000.0	1000.0	1411999	67.62586	19.608921	92.032326	2.617939	-67.715225	0.5015365	26439.282946825027
354	598.75916	61.233665	704.3669	557.36566	630.9718	165.54445	754.2728	225.94406	1000.0	1000.0	1415999	67.7132	19.632273	91.67615	1.2115932	-67.806	0.48018354	26516.110828876495
355	593.3354	103.53549	738.5911	447.33847	662.0117	82.25874	725.75446	422.1046	1000.0	1000.0	1419999	67.88458	19.613043	91.83415	5.044749	-67.97297	0.50324094	26592.71607041359
356	599.70465	147.60703	714.54785	346.0709	692.4071	33.165016	781.0357	660.3396	1000.0	1000.0	1423999	67.83953	19.722418	92.07634	4.2145905	-67.929596	0.5984045	26669.350393772125
357	581.9651	161.15019	716.0168	311.9792	583.11176	49.470047	642.57983	506.625	1000.0	1000.0	1427999	67.85439	19.848694	93.04645	4.266201	-67.933266	0.5402243	26746.283363103867
358	434.23486	162.83449	669.83307	233.68929	625.68835	36.22611	677.3992	547.2605	1000.0	1000.0	1431999	67.84841	19.927065	92.34362	3.3865767	-67.93747	0.54040384	26823.120117902756
359	496.30948	262.85333	657.8438	41.268764	590.20825	160.17525	678.93506	115.0233	1000.0	1000.0	1435999	67.85068	20.12171	91.76097	5.0883636	-67.94147	0.5425042	26900.00284910202
360	448.60837	123.64905	625.1589	285.84265	622.1033	41.818882	695.63086	551.9709	1000.0	1000.0	1439999	67.95554	20.223316	91.97931	4.9833784	-68.047905	0.5777998	26976.843931674957
361	659.0906	22.792511	692.42535	630.4471	522.5714	202.1709	729.0405	127.10671	1000.0	1000.0	1443999	67.99111	20.381878	92.488914	2.8600278	-68.08041	0.5835935	27053.753683805466
362	651.72534	62.516487	701.3167	545.47687	654.4882	130.58392	762.7822	278.4427	1000.0	1000.0	1447999	68.06844	20.436745	92.58578	2.7807064	-68.15738	0.5570117	27130.716980934143
363	627.8162	16.644855	646.0053	604.2152	499.57114	183.2491	734.0293	212.73431	1000.0	1000.0	1451999	68.1526	20.36533	92.76611	2.012476	-68.24058	0.53661716	27207.803238868713
364	398.58527	214.83006	651.2242	183.31898	595.2836	164.55666	769.9735	214.72078	1000.0	1000.0	1455999	68.13843	20.456053	92.66933	1.959589	-68.21933	0.53641504	27284.534814357758
365	276.56116	226.58842	614.0437	56.286747	349.47342	196.38083	689.4481	149.24236	1000.0	1000.0	1459999	68.00696	20.60728	92.582756	4.2242603	-68.09062	0.58746314	27361.654461860657
366	665.5528	43.522522	704.10077	591.717	658.0701	83.67182	715.4665	415.6779	1000.0	1000.0	1463999	67.894455	20.676983	92.82479	5.249234	-67.97372	0.64367056	27438.348956108093
367	670.1554	30.490904	722.5629	649.4306	668.8859	32.99303	727.1868	607.49445	1000.0	1000.0	1467999	68.00346	20.563412	92.230446	-1.191402	-68.09118	0.57406706	27514.883303403854
368	616.4829	39.972477	673.3684	561.2856	719.75946	16.808712	750.99927	699.1143	1000.0	1000.0	1471999	68.08864	20.42809	92.30353	3.1830935	-68.17319	0.54500484	27591.568078279495
369	471.63458	270.67795	731.1681	54.31382	463.92035	226.68213	754.93634	108.73145	1000.0	1000.0	1475999	68.12739	20.491158	92.56968	4.257144	-68.21216	0.5793719	27668.3539185524
370	547.5415	212.86757	684.28345	179.2926	621.0628	257.9346	772.1065	68.4037	1000.0	1000.0	1479999	68.21423	20.478603	92.56586	0.2513609	-68.2998	0.57347816	27745.10405731201
371	661.9455	17.119017	691.49963	649.8613	696.14954	32.068295	733.7246	617.1825	1000.0	1000.0	1483999	68.28122	20.514765	92.471275	3.9585	-68.37275	0.54727393	27822.000716924667
372	598.53235	147.13098	721.4145	347.1178	639.8638	77.58898	731.86084	434.51642	1000.0	1000.0	1487999	68.36762	20.413395	93.12706	0.7597213	-68.457504	0.58431226	27898.83019399643
373	457.87943	245.1547	704.5467	65.185936	610.97253	53.91822	682.1109	524.2556	1000.0	1000.0	1491999	68.41101	20.41981	92.993744	4.1086946	-68.49718	0.5846313	27975.88811659813
374	577.97534	51.33001	649.17004	508.22195	599.56195	111.00898	702.0461	342.9131	1000.0	1000.0	1495999	68.2246	20.528212	92.91754	2.7589335	-68.30506	0.6120231	28053.036345005035
375	388.82925	250.95383	641.5803	112.279045	638.4032	75.032555	744.9199	455.9585	1000.0	1000.0	1499999	68.16473	20.627018	92.85099	2.5956306	-68.25239	0.55748034	28129.82002711296
376	535.4069	221.47362	699.68854	158.40015	625.8996	106.565926	741.86414	360.09378	1000.0	1000.0	1503999	68.28828	20.687813	93.30051	5.933281	-68.3747	0.5362723	28206.56308221817
377	443.25842	178.96577	649.29443	244.87766	646.7372	92.98734	766.1869	457.13248	1000.0	1000.0	1507999	68.34368	20.861872	93.53845	-2.2036161	-68.432785	0.5273624	28283.488347768784
378	539.6269	137.49255	669.45074	324.0691	645.88416	27.124783	698.91003	603.8012	1000.0	1000.0	1511999	68.2644	21.093826	92.96365	5.845666	-68.3522	0.58196646	28360.6682202816
379	516.24695	207.89331	666.31177	157.68842	377.88373	164.97873	614.9279	85.37235	1000.0	1000.0	1515999	68.30131	21.160158	92.93748	5.513033	-68.386154	0.5555415	28437.942681074142
380	521.6406	203.4941	682.4864	179.09082	305.21063	185.07019	606.8989	96.15859	1000.0	1000.0	1519999	68.388824	21.122158	92.961914	5.0192223	-68.46902	0.5288954	28514.995055913925
381	676.8864	62.151737	768.8502	593.54486	623.32196	117.794556	742.50806	312.43777	1000.0	1000.0	1523999	68.34312	21.09884	92.90309	5.033268	-68.421326	0.5196432	28591.799508810043
382	533.6736	217.83914	729.5862	165.53093	698.5134	22.895079	727.775	667.5211	1000.0	1000.0	1527999	68.19058	21.205315	92.805695	2.4159012	-68.27316	0.5211566	28668.568244457245
383	537.2873	225.96695	748.0554	156.30385	674.558	32.10524	725.4944	623.4832	1000.0	1000.0	1531999	68.19462	21.315847	92.96104	3.0588934	-68.27338	0.5270957	28745.452939271927
384	507.13168	226.38927	660.51465	116.04361	479.90445	144.43652	673.8302	189.17583	1000.0	1000.0	1535999	68.21673	21.403786	93.19383	2.147637	-68.302155	0.514183	28822.066383123398
385	607.09216	146.60136	701.9401	353.63876	476.02203	197.23228	721.0724	149.1863	1000.0	1000.0	1539999	68.32763	21.418694	93.50047	2.4527426	-68.409325	0.56199586	28898.73228430748
386	511.9765	156.10689	666.53625	268.54623	611.97314	225.80006	785.487	115.508896	1000.0	1000.0	1543999	68.24897	21.416428	93.56562	4.755412	-68.325516	0.5615154	28975.84881210327
387	530.01324	169.30005	644.49225	237.4627	382.1258	222.68129	676.6139	57.68225	1000.0	1000.0	1547999	68.21742	21.388014	93.40309	5.377382	-68.29504	0.5560565	29052.748205184937
388	673.7739	45.87049	722.14404	627.77484	652.0949	84.07024	738.262	426.7854	1000.0	1000.0	1551999	68.34661	21.340984	92.920685	2.5065196	-68.43046	0.5672888	29130.026780605316
389	476.88428	253.64253	736.7728	109.38521	602.6046	127.87362	678.3543	226.23975	1000.0	1000.0	1555999	68.373146	21.420038	93.388275	3.0377512	-68.45053	0.54513234	29206.85900402069
390	569.01184	213.5981	724.2035	201.4382	522.26355	239.66165	810.27484	147.57735	1000.0	1000.0	1559999	68.3676	21.452543	93.3174	5.2634363	-68.44686	0.57275	29283.46452689171
391	430.62488	228.96434	652.75037	50.50654	513.26587	262.01486	772.2404	109.50784	1000.0	1000.0	1563999	68.396965	21.572374	93.289734	4.2998576	-68.47864	0.5348772	29360.516273736954
392	429.22723	260.20358	707.95135	79.27344	718.8389	49.412136	797.6974	648.4967	1000.0	1000.0	1567999	68.39744	21.761106	93.67659	0.6544094	-68.48014	0.57192236	29437.703005075455
393	465.4958	164.43211	727.6164	303.94028	647.2772	160.62654	774.3639	191.31544	1000.0	1000.0	1571999	68.35442	21.785482	93.26621	5.859079	-68.42591	0.5705166	29514.84686756134
394	593.6449	227.89775	772.0006	202.39516	765.5316	34.3629	807.1759	685.59564	1000.0	1000.0	1575999	68.133286	21.852018	92.37314	1.4511838	-68.20855	0.5351347	29591.623427152634
395	524.7198	242.83046	683.0466	105.551735	640.6564	17.598274	672.30145	606.8337	1000.0	1000.0	1579999	68.16621	21.98524	92.93019	5.082172	-68.24787	0.577782	29668.291425704956
396	520.846	156.60501	707.84216	356.61282	509.0812	106.672966	648.5616	284.83713	1000.0	1000.0	1583999	68.16131	22.040401	93.386116	4.0918303	-68.23384	0.5941339	29744.818294525146
397	605.2784	144.49612	747.6577	372.282	322.08865	177.53862	689.84576	87.32093	1000.0	1000.0	1587999	68.057045	22.000895	92.75475	4.5001683	-68.12483	0.5541055	29821.166271448135
398	436.4725	243.54836	687.28406	182.87636	675.0238	60.12562	765.19214	567.7807	1000.0	1000.0	1591999	67.87804	22.109411	92.12561	2.2145772	-67.94711	0.5415318	29898.102633953094
399	581.4787	174.33574	739.21234	295.24823	488.5545	223.91855	749.3732	159.17548	1000.0	1000.0	1595999	67.780594	22.26141	92.53241	4.8932643	-67.85781	0.5663771	29975.337933063507
400	603.577	43.53869	677.0335	568.59454	672.6471	54.09559	741.2568	554.47894	1000.0	1000.0	1599999	67.72744	22.339422	92.41325	5.791238	-67.801285	0.533981	30052.48404121399
401	720.3793	24.813356	738.58887	678.13794	706.91815	135.63245	794.765	312.98254	1000.0	1000.0	1603999	67.70734	22.333107	93.55301	3.5108268	-67.777466	0.5908175	30129.19112420082
402	676.56104	58.35791	764.1217	606.52563	722.22205	25.112263	753.67004	673.9195	1000.0	1000.0	1607999	67.914154	22.190907	93.60279	4.500966	-67.989334	0.58678967	30206.12014579773
403	600.4631	192.40738	721.45953	267.61523	742.43726	51.53209	801.56726	599.6465	1000.0	1000.0	1611999	68.00986	22.244974	93.71567	4.956464	-68.0844	0.5567251	30282.607309818268
404	714.47797	24.141294	735.6169	674.90594	728.0399	33.006485	775.7593	666.9681	1000.0	1000.0	1615999	67.98253	22.288954	93.62056	4.140676	-68.056175	0.56831414	30359.47026848793
405	542.6825	159.15848	681.89026	275.80588	704.50256	35.62627	745.5559	628.69995	1000.0	1000.0	1619999	68.02129	22.349552	93.66284	5.516574	-68.0918	0.5768193	30436.245669603348
406	562.32886	245.29506	726.28015	138.14162	648.37476	162.54396	740.19025	167.07555	1000.0	1000.0	1623999	67.87095	22.345245	93.65471	-1.3758173	-67.935684	0.5630654	30512.740015029907
407	702.0419	32.716167	736.0199	660.31555	564.7489	255.73108	790.08453	61.701897	1000.0	1000.0	1627999	67.92079	22.299562	95.23659	5.7124763	-67.98851	0.61819005	30589.647484064102
408	588.2966	82.3607	661.32886	456.1267	679.79297	69.25566	776.1321	515.1851	1000.0	1000.0	1631999	67.82904	22.365196	94.73476	3.7496824	-67.894356	0.5760483	30666.479142189026
409	578.32764	194.00168	698.595	242.57759	351.33926	245.2389	748.78827	82.39297	1000.0	1000.0	1635999	67.73295	22.300856	95.46382	4.0202417	-67.79692	0.5802522	30743.63416314125
410	626.58923	75.01088	719.84155	512.3203	632.1376	34.018055	678.2567	555.6373	1000.0	1000.0	1639999	67.57513	22.308792	94.03488	2.292647	-67.633484	0.5662232	30820.456704378128
411	661.8808	25.375555	702.63776	638.09644	662.07043	31.32112	703.2425	613.63055	1000.0	1000.0	1643999	67.53018	22.206572	94.15418	4.0938835	-67.60034	0.61247873	30897.176430225372
412	499.30084	118.94638	609.32227	298.7994	663.8214	49.20496	736.37506	571.8002	1000.0	1000.0	1647999	67.66588	22.016228	94.2669	4.907737	-67.73366	0.53760165	30973.661789655685
413	651.0569	50.51441	719.6495	584.0263	708.3273	39.6394	764.5517	644.8898	1000.0	1000.0	1651999	67.62135	22.031525	94.65784	4.2682414	-67.688225	0.53811336	31050.467794179916
414	683.3811	9.4881	695.8248	672.45465	649.9883	44.900517	729.64154	571.1106	1000.0	1000.0	1655999	67.64096	22.010115	94.584785	4.4577	-67.7006	0.55359346	31127.32700061798
415	525.9675	121.06835	620.34674	323.84177	327.68158	136.73825	543.70624	58.047977	1000.0	1000.0	1659999	67.52747	21.985994	94.32696	4.409773	-67.58922	0.5562867	31204.328832626343
416	574.3676	50.25444	655.26825	517.16034	606.9832	262.3225	799.0415	19.366213	1000.0	1000.0	1663999	67.4765	22.021973	94.17662	1.1827006	-67.53353	0.59303147	31280.86524605751
417	560.10956	83.095795	653.3381	461.72946	645.71545	29.006535	678.7831	589.2598	1000.0	1000.0	1667999	67.50654	21.936584	94.60398	4.7934175	-67.57321	0.6158119	31357.981162071228
418	632.7418	96.124695	705.63666	468.063	683.0444	85.58315	758.51874	441.54282	1000.0	1000.0	1671999	67.54538	21.965967	94.68148	2.095253	-67.60817	0.593371	31434.864305257797
419	555.20667	231.94954	713.7033	155.09245	651.0404	30.493134	683.41425	595.1533	1000.0	1000.0	1675999	67.54957	22.030783	94.68263	2.604207	-67.617004	0.62654346	31511.73384165764
420	558.0603	216.38379	722.68744	189.22284	438.9289	350.43106	804.65015	35.910145	1000.0	1000.0	1679999	67.596176	22.056337	94.87797	-0.24374628	-67.66378	0.5857841	31588.716915607452
421	451.2624	175.63727	677.8647	201.34888	702.1694	40.23087	748.37396	599.5906	1000.0	1000.0	1683999	67.520775	22.192263	94.21376	1.7900803	-67.58152	0.6040124	31665.85980939865
422	620.61487	116.12564	697.3206	420.02533	624.3622	147.76993	734.2324	220.07272	1000.0	1000.0	1687999	67.41114	22.324268	94.07735	1.9106796	-67.474594	0.59058803	31742.732437849045
423	661.62994	63.98586	741.4782	586.1467	713.1336	24.3037	757.54425	670.56134	1000.0	1000.0	1691999	67.55381	22.36862	94.49977	2.5813167	-67.620476	0.5488834	31819.713824510574
424	503.4378	110.265396	630.1102	393.55972	76.46974	57.613678	220.73438	38.522064	1000.0	1000.0	1695999	67.61749	22.441124	95.34985	3.8790321	-67.685326	0.57168907	31896.574300050735
425	478.87878	259.1494	687.24506	40.434	602.03326	173.6924	729.39923	159.68727	1000.0	1000.0	1699999	67.627846	22.592764	94.66101	0.8992505	-67.696976	0.5647696	31973.758684396744
426	667.2318	35.788235	727.73444	634.3746	653.4838	175.93214	757.8971	132.51521	1000.0	1000.0	1703999	67.67159	22.702648	94.88341	0.4513092	-67.73753	0.6037573	32050.517251253128
427	373.05945	252.19412	634.35077	70.79772	673.3065	21.310637	702.6121	640.58	1000.0	1000.0	1707999	67.710464	22.668938	95.59969	-2.5411754	-67.782745	0.6530374	32127.49838757515
428	527.23376	188.06142	747.19196	228.20784	701.5804	23.25644	729.86255	665.4719	1000.0	1000.0	1711999	67.577324	22.825876	95.51826	-1.919446	-67.64166	0.68586963	32203.910902023315
429	589.6316	134.27844	689.6057	358.34766	720.3539	15.695836	737.514	687.08026	1000.0	1000.0	1715999	67.66212	22.823376	94.94684	0.039556503	-67.73606	0.61056226	32280.927663564682
430	413.4825	303.95752	720.08136	72.601166	751.3172	23.02307	809.4078	725.47186	1000.0	1000.0	1719999	67.74666	22.85482	94.68541	-1.2707305	-67.80633	0.6485956	32358.06929063797
431	619.28937	148.73811	740.6581	368.908	688.28876	24.228134	729.2894	648.4758	1000.0	1000.0	1723999	67.75089	22.953922	94.65721	-6.0913115	-67.8193	0.58606666	32434.74057674408
432	703.13934	33.63842	746.1365	670.013	547.0209	228.54106	780.62396	193.01123	1000.0	1000.0	1727999	67.61978	23.023815	96.435616	-3.5981221	-67.680016	0.5845607	32511.282737970352
433	729.92035	28.400078	757.2344	685.12915	670.0763	35.28589	725.5756	602.9467	1000.0	1000.0	1731999	67.58063	23.01896	94.28703	2.611157	-67.64325	0.5749282	32588.26091980934
434	442.2928	229.95169	671.03894	86.2227	573.8281	192.00748	760.81256	214.84135	1000.0	1000.0	1735999	67.51546	23.038921	95.24763	1.4311681	-67.581	0.59192395	32665.95192050934
435	669.44885	29.190317	717.12476	638.6815	697.87714	73.00011	769.0368	523.1351	1000.0	1000.0	1739999	67.495346	23.121902	94.12537	2.1125793	-67.56328	0.60765845	32743.881450414658
436	607.5667	113.436165	735.76105	425.4828	661.1998	12.086474	677.5276	643.93396	1000.0	1000.0	1743999	67.52439	23.128334	94.19908	2.92256	-67.58921	0.60008985	32821.453224897385
437	562.96375	191.24173	704.751	238.71179	672.4887	27.902384	734.33734	625.21893	1000.0	1000.0	1747999	67.44228	23.259176	94.28529	2.1744204	-67.50599	0.55354136	32898.892428159714
438	537.8534	213.96861	718.92346	173.53064	592.8123	169.59238	768.09546	202.85265	1000.0	1000.0	1751999	67.39037	23.264328	94.43947	3.017232	-67.45257	0.5596672	32975.91045379639
439	674.56976	33.143726	710.85345	640.0402	539.20715	145.68025	694.28015	300.83328	1000.0	1000.0	1755999	67.437386	23.255322	94.13396	3.718101	-67.504715	0.58116245	33053.11715555191
440	374.06546	229.04628	720.2485	102.00061	741.64105	91.34068	820.79083	491.35114	1000.0	1000.0	1759999	67.39362	23.320763	94.64583	4.414368	-67.46101	0.5809849	33130.53949689865
441	687.75354	30.856798	729.28436	652.05756	625.76135	179.21606	702.8217	89.74224	1000.0	1000.0	1763999	67.258224	23.463495	94.088776	5.193249	-67.32277	0.60271865	33207.89763760567
442	479.3183	230.3043	733.6001	135.71008	667.33105	22.997948	701.75165	623.67035	1000.0	1000.0	1767999	67.27576	23.473347	94.05386	4.212229	-67.340355	0.6300188	33285.143523693085
443	642.3492	69.44592	693.1226	523.19336	691.8192	27.915226	732.48334	654.4993	1000.0	1000.0	1771999	67.24622	23.46807	94.40334	4.8507204	-67.31125	0.6764292	33362.8006901741
444	518.19275	122.828865	651.23376	345.33954	625.1887	55.491573	699.44995	530.93225	1000.0	1000.0	1775999	67.26514	23.49365	94.331924	5.1665816	-67.33194	0.66889393	33440.154747247696
445	503.98898	247.64644	700.10657	82.91656	435.6922	176.42184	719.14484	160.24806	1000.0	1000.0	1779999	67.30281	23.541002	95.57181	2.0048203	-67.362236	0.6973059	33517.73039627075
446	623.5213	75.92349	697.0839	504.74405	635.24774	38.25132	679.9641	559.0471	1000.0	1000.0	1783999	67.24866	23.666222	95.147064	4.3731823	-67.31037	0.6771825	33595.16244626045
447	641.8865	63.502472	738.38367	564.971	668.2617	86.59722	762.1458	470.8985	1000.0	1000.0	1787999	67.29066	23.665342	95.07347	3.7220855	-67.36842	0.6148528	33672.15195417404
448	393.63895	145.34312	603.8215	193.6144	705.188	21.68012	742.33545	669.5058	1000.0	1000.0	1791999	67.4349	23.749233	95.87224	-0.95111465	-67.50478	0.69031227	33749.25211787224
449	488.7098	222.04767	763.45135	261.36246	712.7288	65.8583	783.68036	536.6212	1000.0	1000.0	1795999	67.47278	23.873253	95.070724	0.742507	-67.54276	0.6569484	33826.379947185516
450	402.69333	251.05971	707.17786	122.73812	598.42896	73.972176	713.93964	473.2426	1000.0	1000.0	1799999	67.39718	23.888098	94.85617	3.3584008	-67.46447	0.61226135	33903.513098716736
451	654.66486	33.308304	705.65515	623.0276	645.4426	43.941326	715.7547	552.33	1000.0	1000.0	1803999	67.30213	24.019827	94.60751	4.160219	-67.368416	0.62147975	33980.86802101135
452	509.7175	214.68788	740.67865	161.46342	339.08734	164.39413	645.5443	109.09966	1000.0	1000.0	1807999	67.425095	24.091461	94.93093	3.8894374	-67.495285	0.6010798	34057.75117397308
453	502.43417	116.201775	598.70435	304.98788	624.55334	33.4416	666.2309	560.3011	1000.0	1000.0	1811999	67.41625	24.181524	95.60105	-1.7138705	-67.48125	0.6425746	34135.199187994
454	397.5125	231.84276	692.6253	169.38945	584.39954	227.57895	735.9459	46.734737	1000.0	1000.0	1815999	67.306946	24.251974	95.65547	3.466456	-67.37596	0.63631	34212.32054018974
455	488.48254	221.40022	643.45654	106.705475	632.4835	158.43666	735.8684	171.19878	1000.0	1000.0	1819999	67.117004	24.427902	95.68722	4.19493	-67.17554	0.7448693	34289.215732097626
456	494.77695	272.719	723.0239	29.115572	615.26746	106.221054	722.79144	412.92157	1000.0	1000.0	1823999	67.05232	24.453424	98.7585	3.6025674	-67.11758	0.7837034	34366.22886824608
457	482.89905	129.2396	670.777	305.7239	479.81024	223.45752	747.46936	177.06462	1000.0	1000.0	1827999	67.022385	24.448294	96.6847	2.957773	-67.089386	0.70804614	34443.240899801254
458	357.91074	249.67796	649.4011	46.419476	655.69604	119.036156	751.1059	392.3062	1000.0	1000.0	1831999	66.87636	24.466976	95.18138	2.2931364	-66.93389	0.73215073	34520.6366417408
459	447.19296	204.6344	612.70776	96.53792	587.02905	25.485767	629.7264	546.0528	1000.0	1000.0	1835999	66.82089	24.390486	97.060356	1.9897525	-66.889626	0.7269271	34598.1088886261
460	448.64767	245.01582	660.391	36.12	165.67343	85.19843	343.78735	51.83451	1000.0	1000.0	1839999	66.733025	24.331871	95.72724	-0.4234743	-66.798904	0.679807	34675.26255774498
461	632.3428	50.25525	708.57153	583.03986	338.94498	173.14972	597.2582	122.64023	1000.0	1000.0	1843999	66.787506	24.25647	95.138466	-2.4909558	-66.860535	0.68723375	34752.331454753876
462	255.65688	262.2974	689.9719	43.26481	527.15247	113.85242	700.3022	270.37964	1000.0	1000.0	1847999	66.76441	24.15017	96.217094	-1.2002544	-66.83324	0.67995054	34829.506907224655
463	494.31488	242.89062	682.6736	76.88324	671.56555	52.332417	726.8639	573.0379	1000.0	1000.0	1851999	66.65948	24.314121	95.36838	1.3647339	-66.736206	0.7449339	34906.372146606445
464	488.58682	258.244	690.6919	54.14039	534.54016	59.094696	608.45746	410.36737	1000.0	1000.0	1855999	66.81687	24.412033	97.27757	0.53161097	-66.88444	0.7472443	34983.345408678055
465	452.7212	120.54481	591.4598	307.38245	145.08298	182.85608	684.6941	25.329046	1000.0	1000.0	1859999	66.491394	24.691772	97.65268	0.724401	-66.54844	0.7299014	35060.12992191315
466	510.69772	134.60187	634.37964	288.2217	536.1434	110.90107	651.8901	233.74722	1000.0	1000.0	1863999	66.34859	24.778425	95.38101	-2.0208797	-66.41125	0.7915453	35137.123393535614
467	260.86456	193.30046	550.8324	8.837619	452.70038	228.65263	658.305	45.616447	1000.0	1000.0	1867999	66.33919	24.822155	95.58195	0.97635174	-66.40575	0.6813501	35213.81230998039
468	385.22055	136.45845	533.011	163.04575	91.85518	62.767982	233.76152	45.98095	1000.0	1000.0	1871999	66.14944	24.803007	96.808266	0.40947866	-66.20666	0.6810149	35290.854488134384
469	461.2599	222.44885	645.6649	83.54762	534.34924	207.24976	705.03253	77.18375	1000.0	1000.0	1875999	65.69768	24.949018	94.95612	-2.7288322	-65.74553	0.7502451	35367.64918112755
470	432.43	227.27483	656.0668	93.806274	218.61081	137.2747	531.7687	47.63091	1000.0	1000.0	1879999	65.4974	24.937836	96.051254	-0.570817	-65.55361	0.6865244	35444.198878765106
471	468.45758	232.03355	625.66846	67.45413	640.7615	20.218267	660.75134	608.50055	1000.0	1000.0	1883999	65.27557	24.973434	94.447105	2.6255057	-65.33115	0.7532584	35520.4000518322
472	550.3581	130.36525	709.8328	347.5868	539.50507	106.915215	707.7813	406.28082	1000.0	1000.0	1887999	65.084595	24.964087	94.4293	-1.985435	-65.137955	0.6645855	35596.87131524086
473	404.05182	189.13365	643.53485	189.69102	589.67194	40.10824	636.86096	502.65176	1000.0	1000.0	1891999	65.00336	25.052242	94.305466	-2.6196966	-65.0572	0.7296649	35673.70957303047
474	323.3828	145.11731	559.1227	162.79755	479.69098	157.95305	682.0451	240.36346	1000.0	1000.0	1895999	64.93397	25.151415	94.843575	3.1916957	-64.99002	0.7384192	35750.39146900177
475	492.59247	91.9677	579.478	337.81363	579.22473	114.98332	678.0376	284.156	1000.0	1000.0	1899999	64.67964	25.262379	94.76533	1.2688873	-64.738144	0.7921797	35827.248102903366
476	459.24796	185.16406	629.8164	157.37733	660.3497	72.07829	751.62225	515.90076	1000.0	1000.0	1903999	64.73241	25.35182	94.2999	1.4914834	-64.78653	0.68366385	35903.69874191284
477	608.76166	58.62622	650.36444	508.01797	598.92773	47.825546	679.7989	508.55746	1000.0	1000.0	1907999	64.72191	25.399761	94.818855	2.7978427	-64.7831	0.65984935	35980.38254785538
478	382.3736	180.64478	641.8276	132.88168	405.79938	190.96275	645.3957	43.325283	1000.0	1000.0	1911999	64.697014	25.43964	96.81415	1.6353915	-64.757256	0.6782343	36056.77106809616
479	431.229	235.15329	627.2083	29.386683	429.80365	217.62712	700.47205	120.136536	1000.0	1000.0	1915999	64.69492	25.48241	94.947876	2.5188625	-64.751205	0.68741846	36133.65854716301
480	463.44852	147.94069	614.4247	274.9764	422.9475	162.15579	649.7561	127.44678	1000.0	1000.0	1919999	64.47946	25.62082	95.92282	2.1894183	-64.535576	0.69055635	36210.29591393471
481	587.7152	45.308075	633.0111	537.066	648.3586	163.4863	760.63275	178.81306	1000.0	1000.0	1923999	64.43059	25.60261	95.40716	4.81048	-64.48444	0.73246545	36287.39080476761
482	561.3961	96.95679	622.0693	393.53912	644.51746	86.53097	725.6578	401.7504	1000.0	1000.0	1927999	64.59955	25.399652	94.70476	4.3447876	-64.660965	0.7080319	36364.495782375336
483	419.84146	218.8984	657.7625	109.60151	551.612	130.50552	696.9079	239.59958	1000.0	1000.0	1931999	64.44581	25.469786	95.37444	2.734338	-64.50226	0.70089954	36441.472772836685
484	403.51038	257.9363	698.7801	106.4869	596.2539	168.38716	696.97406	95.808044	1000.0	1000.0	1935999	64.25876	25.481876	95.12149	3.1234684	-64.314705	0.6629003	36518.35241270065
485	446.48358	236.31436	653.87146	60.25335	634.435	43.441406	679.3589	516.95886	1000.0	1000.0	1939999	64.333405	25.552881	94.23003	3.4996626	-64.39882	0.6356152	36595.1264500618
486	580.53296	52.09521	618.3399	491.13364	670.1127	52.327736	741.9511	572.54504	1000.0	1000.0	1943999	64.39468	25.683197	94.52373	2.8612976	-64.45767	0.6236847	36671.670837402344
487	493.52936	124.56865	584.4577	278.75888	722.473	36.953762	773.43787	675.4305	1000.0	1000.0	1947999	64.32091	25.749777	95.45717	0.74134827	-64.385544	0.6837543	36748.45010590553
488	614.7126	65.907974	720.8162	554.9846	717.25366	60.16793	770.7393	564.3466	1000.0	1000.0	1951999	64.57544	25.86309	95.38919	0.018520355	-64.64967	0.6754934	36825.286652326584
489	675.13245	20.143782	688.77057	640.41187	670.97614	148.02333	794.9157	257.2557	1000.0	1000.0	1955999	64.62686	26.082226	95.756874	2.655939	-64.6933	0.6807701	36902.35767388344
490	651.54297	95.197975	717.0627	487.0454	722.0209	9.468587	736.0866	707.40515	1000.0	1000.0	1959999	64.71987	26.111423	95.63371	3.9614723	-64.78427	0.69580656	36978.89071106911
491	698.74585	19.161417	722.094	677.542	680.4879	32.35562	720.9707	629.73737	1000.0	1000.0	1963999	64.686226	26.147615	95.446945	2.6863518	-64.7464	0.7311901	37055.17905855179
492	540.22095	273.33328	727.44226	67.90358	692.92834	21.491737	718.0782	661.04663	1000.0	1000.0	1967999	64.623505	26.143936	95.63922	-0.4049387	-64.68862	0.73198485	37131.68189525604
493	495.75894	257.47052	729.68494	62.97736	612.14984	27.567635	674.7937	572.76086	1000.0	1000.0	1971999	64.83629	26.033535	95.32997	0.29752302	-64.90737	0.6590818	37208.59631752968
494	660.17926	35.486473	700.4083	603.2343	685.1431	52.432945	745.79767	547.3434	1000.0	1000.0	1975999	64.85638	26.146734	95.64098	2.4444888	-64.92743	0.6701233	37285.65158200264
495	394.75046	269.53482	661.7478	58.15528	561.2235	187.88849	711.5292	238.5608	1000.0	1000.0	1979999	64.79881	26.252617	96.23391	2.8320093	-64.86398	0.67305696	37362.521629571915
496	565.85156	128.64226	694.3943	402.5449	73.75228	33.461	132.3076	12.722195	1000.0	1000.0	1983999	64.6696	26.288391	95.76564	4.5368176	-64.73129	0.6796473	37439.30832648277
497	511.49402	271.7904	706.13354	42.90138	618.2211	51.902493	695.52167	534.3188	1000.0	1000.0	1987999	64.37436	26.426628	96.20594	4.0912375	-64.431854	0.7346717	37516.01020669937
498	531.9458	224.30052	713.14545	149.2058	142.45044	101.32755	395.62207	61.075516	1000.0	1000.0	1991999	64.37358	26.289547	94.98622	0.4434924	-64.43186	0.69841343	37592.75118851662
499	436.7987	248.26639	723.7212	122.04801	226.36983	208.11012	651.474	55.722023	1000.0	1000.0	1995999	64.35803	26.227304	94.64498	-0.4933958	-64.41866	0.68880296	37669.43219423294
500	694.10974	26.751526	728.85455	653.89746	670.9335	27.003202	698.7714	597.8808	1000.0	1000.0	1999999	64.306274	26.200005	95.61498	-2.0932755	-64.37635	0.6763563	37746.08167505264
