Epoch	AverageEpRet	StdEpRet	MaxEpRet	MinEpRet	AverageTestEpRet	StdTestEpRet	MaxTestEpRet	MinTestEpRet	EpLen	TestEpLen	TotalEnvInteracts	AverageQVals	StdQVals	MaxQVals	MinQVals	LossPi	LossQ	Time
1	0.0	0.0	0.0	0.0	4.8	14.400001	48.0	0.0	1000.0	1000.0	3999	-0.033373576	0.08640769	0.2741427	-0.34665978	0.026192984	7.327333e-05	47.531261920928955
2	20.75	20.753012	42.0	0.0	0.1	0.29999998	1.0	0.0	1000.0	1000.0	7999	0.22746779	0.32319933	6.7979717	-0.18757305	-0.24446586	0.0016557684	106.48395562171936
3	0.0	0.0	0.0	0.0	0.4	0.8	2.0	0.0	1000.0	1000.0	11999	0.52471477	0.4341032	8.469788	-0.008666471	-0.5384183	0.0016490903	166.25023818016052
4	0.0	0.0	0.0	0.0	0.3	0.64031243	2.0	0.0	1000.0	1000.0	15999	0.5827006	0.44387406	8.143544	0.14148287	-0.5852137	0.0008118012	227.0363347530365
5	0.0	0.0	0.0	0.0	0.0	0.0	0.0	0.0	1000.0	1000.0	19999	0.4418166	0.42542246	8.869049	0.13134575	-0.4359562	0.00078401883	290.1628053188324
6	0.0	0.0	0.0	0.0	11.5	33.50597	112.0	0.0	1000.0	1000.0	23999	0.32750165	0.42664522	6.9795313	-0.21270977	-0.3250176	0.0005112346	363.1656119823456
7	2.5	2.8722813	7.0	0.0	0.1	0.29999998	1.0	0.0	1000.0	1000.0	27999	0.4222144	1.437492	19.652132	-0.13352507	-0.42177838	0.001856156	430.0699872970581
8	1.0	1.7320508	4.0	0.0	0.4	1.1999999	4.0	0.0	1000.0	1000.0	31999	1.5179244	3.295578	19.214663	0.0993005	-1.5324416	0.0015180116	493.71612191200256
9	0.0	0.0	0.0	0.0	9.4	27.53979	92.0	0.0	1000.0	1000.0	35999	2.384553	3.5171294	16.69616	0.10045123	-2.4033947	0.0012552221	555.3607988357544
10	0.75	0.8291562	2.0	0.0	8.6	25.136427	84.0	0.0	1000.0	1000.0	39999	2.923845	3.2236822	14.021336	0.10133485	-2.9537027	0.0014296077	617.1484367847443
11	1.5	1.6583124	4.0	0.0	0.6	0.9165151	2.0	0.0	1000.0	1000.0	43999	3.3090684	2.7962856	11.960563	0.10713989	-3.335315	0.0018473843	679.3986492156982
12	0.0	0.0	0.0	0.0	21.4	41.066288	125.0	0.0	1000.0	1000.0	47999	3.4066424	2.343712	12.616714	0.13341619	-3.4315753	0.0014456551	750.8149058818817
13	0.75	1.299038	3.0	0.0	10.5	30.839098	103.0	0.0	1000.0	1000.0	51999	3.4856052	1.8569235	10.524706	0.26760483	-3.5136495	0.0013284173	825.0633778572083
14	26.75	42.89158	101.0	0.0	4.4	6.167658	16.0	0.0	1000.0	1000.0	55999	3.454163	1.5028576	11.768746	0.7059851	-3.4732904	0.0018191271	891.6848340034485
15	0.0	0.0	0.0	0.0	11.2	27.63621	94.0	0.0	1000.0	1000.0	59999	3.2226937	1.301416	8.205997	0.67681617	-3.2337842	0.0032184783	958.2650594711304
16	3.0	2.5495098	7.0	0.0	2.2	2.4413111	8.0	0.0	1000.0	1000.0	63999	2.9412394	1.124513	8.236432	0.51364875	-2.9476132	0.004190556	1028.4425184726715
17	3.0	2.5495098	6.0	0.0	3.6	2.416609	7.0	0.0	1000.0	1000.0	67999	2.616943	0.94709146	7.886963	0.4401698	-2.6249564	0.003327984	1103.364065170288
18	1.5	1.6583124	4.0	0.0	1.3	1.1874342	3.0	0.0	1000.0	1000.0	71999	2.457496	0.7712025	13.467953	0.37224108	-2.4742942	0.0048519424	1186.797886133194
19	0.0	0.0	0.0	0.0	11.7	34.438496	115.0	0.0	1000.0	1000.0	75999	2.3594093	1.0141815	17.064983	0.23882343	-2.3675287	0.004995357	1267.5621297359467
20	0.0	0.0	0.0	0.0	0.1	0.29999998	1.0	0.0	1000.0	1000.0	79999	2.003427	0.78118914	8.762052	0.41069186	-2.002433	0.0037393488	1348.467610359192
21	13.5	22.242977	52.0	0.0	3.1	2.8442924	9.0	0.0	1000.0	1000.0	83999	1.667435	0.5004407	8.401484	0.42827705	-1.6670164	0.003239975	1429.46830368042
22	3.5	2.291288	6.0	0.0	1.4	1.8	4.0	0.0	1000.0	1000.0	87999	1.4691672	0.3813703	7.8453255	0.42994133	-1.4731245	0.0035876154	1511.0790061950684
23	0.0	0.0	0.0	0.0	0.1	0.29999998	1.0	0.0	1000.0	1000.0	91999	1.3241067	0.38719678	8.866888	0.43324605	-1.3267708	0.003505158	1593.92423081398
24	1.75	2.4874685	6.0	0.0	0.0	0.0	0.0	0.0	1000.0	1000.0	95999	1.2423445	0.38228703	7.883428	0.43052217	-1.2498403	0.0035605815	1676.0398938655853
25	0.0	0.0	0.0	0.0	1.1	1.9209372	6.0	0.0	1000.0	1000.0	99999	1.2264794	0.5109732	8.634363	0.40641937	-1.2337923	0.003863887	1760.3779544830322
26	0.0	0.0	0.0	0.0	0.0	0.0	0.0	0.0	1000.0	1000.0	103999	1.1733316	0.5589429	8.733825	0.36608446	-1.1781951	0.0038516347	1844.0866746902466
27	2.0	3.4641016	8.0	0.0	0.0	0.0	0.0	0.0	1000.0	1000.0	107999	1.0841137	0.5465524	7.052605	0.33660465	-1.0860153	0.0035969063	1929.3928027153015
28	36.0	60.634148	141.0	0.0	11.7	34.11173	114.0	0.0	1000.0	1000.0	111999	0.955368	0.5254972	8.222859	0.3269179	-0.9570571	0.004709627	2013.9304733276367
29	0.25	0.4330127	1.0	0.0	2.1	2.3	6.0	0.0	1000.0	1000.0	115999	0.87874776	0.5842091	11.0957985	0.3167798	-0.88377017	0.0065828827	2095.6851975917816
30	2.25	3.8971143	9.0	0.0	0.0	0.0	0.0	0.0	1000.0	1000.0	119999	1.026724	1.4859948	18.875507	0.27712417	-1.0478692	0.011407105	2178.6961541175842
31	0.0	0.0	0.0	0.0	0.6	1.2806249	4.0	0.0	1000.0	1000.0	123999	1.9858023	3.4737875	21.343584	-0.032425433	-2.0591738	0.014278331	2260.9367332458496
32	0.75	1.299038	3.0	0.0	0.3	0.90000004	3.0	0.0	1000.0	1000.0	127999	3.1798997	4.4131603	24.3398	0.3004165	-3.2455125	0.016620565	2344.613231897354
33	0.0	0.0	0.0	0.0	7.2	19.640774	66.0	0.0	1000.0	1000.0	131999	4.1609745	4.0486197	21.411781	0.30068016	-4.2533193	0.016120194	2430.278792619705
34	0.0	0.0	0.0	0.0	0.4	1.1999999	4.0	0.0	1000.0	1000.0	135999	4.9999743	3.8047178	18.38418	0.283486	-5.0638223	0.014413079	2514.1757538318634
35	1.75	1.7853571	4.0	0.0	0.0	0.0	0.0	0.0	1000.0	1000.0	139999	5.325795	3.451874	17.13334	0.26480293	-5.3862844	0.013645105	2596.106543302536
36	46.25	80.10735	185.0	0.0	0.0	0.0	0.0	0.0	1000.0	1000.0	143999	5.5933833	3.2525706	18.208685	0.2529425	-5.644253	0.014684599	2678.0514113903046
37	0.0	0.0	0.0	0.0	95.8	281.7562	941.0	0.0	1000.0	1000.0	147999	5.6095967	3.1913188	19.341455	0.23755132	-5.659494	0.016618203	2759.810935020447
38	3.0	3.3166249	8.0	0.0	73.8	218.73674	730.0	0.0	1000.0	1000.0	151999	5.9836946	3.4468067	19.7524	0.2307794	-6.0534453	0.020930625	2843.598352909088
39	0.5	0.8660254	2.0	0.0	0.1	0.29999998	1.0	0.0	1000.0	1000.0	155999	6.2543473	3.355325	19.742992	0.22575487	-6.314564	0.021657433	2928.03887963295
40	1.0	1.2247449	3.0	0.0	0.2	0.59999996	2.0	0.0	1000.0	1000.0	159999	6.5180936	3.4411407	21.187717	0.22430094	-6.5896893	0.027923409	3014.0308117866516
41	7.75	10.732544	26.0	0.0	0.7	2.1000001	7.0	0.0	1000.0	1000.0	163999	6.5383945	3.4260838	19.811663	0.21441075	-6.5846896	0.024387123	3097.6555812358856
42	5.5	7.3993244	18.0	0.0	6.7	13.061776	43.0	0.0	1000.0	1000.0	167999	6.3873158	3.3506744	19.25301	0.21213222	-6.4309783	0.021592636	3179.681050300598
43	47.5	39.028835	105.0	0.0	0.5	1.024695	3.0	0.0	1000.0	1000.0	171999	6.2816725	3.4145088	20.616568	0.21992436	-6.3402014	0.02595884	3261.8863067626953
44	1.75	3.0310888	7.0	0.0	19.7	53.501495	180.0	0.0	1000.0	1000.0	175999	6.5124946	4.037955	22.837173	0.22251129	-6.5725555	0.032479852	3343.8095457553864
45	35.75	51.109562	124.0	0.0	95.1	279.6578	934.0	0.0	1000.0	1000.0	179999	6.6399837	4.499554	23.046085	0.21154049	-6.701512	0.03194111	3427.514565229416
46	75.75	131.20285	303.0	0.0	18.7	45.175327	152.0	0.0	1000.0	1000.0	183999	6.812868	4.907668	23.47557	0.20516072	-6.875011	0.03527092	3511.999956846237
47	246.75	247.3574	518.0	0.0	97.5	285.84235	955.0	0.0	1000.0	1000.0	187999	7.058432	5.467423	27.050901	0.20089272	-7.1285496	0.0481643	3594.553867816925
48	27.25	47.198383	109.0	0.0	120.1	279.2592	922.0	0.0	1000.0	1000.0	191999	7.581374	6.3553824	33.936676	0.1997422	-7.676457	0.057974983	3677.5430974960327
49	54.5	91.53278	213.0	0.0	228.7	330.36255	866.0	0.0	1000.0	1000.0	195999	8.687195	7.6982255	39.984222	0.19905905	-8.811604	0.079820916	3761.0667538642883
50	210.5	362.291	838.0	0.0	215.1	259.28494	697.0	0.0	1000.0	1000.0	199999	9.995819	9.220947	46.79819	0.201513	-10.133501	0.11378865	3845.3043987751007
51	313.75	362.04858	883.0	0.0	150.6	304.3561	955.0	0.0	1000.0	1000.0	203999	11.258903	10.837107	53.00222	0.2024271	-11.407933	0.13751422	3931.096975326538
52	255.0	255.36151	552.0	0.0	217.7	373.9789	955.0	0.0	1000.0	1000.0	207999	12.923649	13.285262	58.85112	0.20044565	-13.093502	0.16058911	4016.914226293564
53	101.75	176.23618	407.0	0.0	267.7	361.7538	940.0	0.0	1000.0	1000.0	211999	14.80546	15.404712	63.86952	0.20331374	-15.01842	0.19254884	4101.189847230911
54	152.5	244.77898	576.0	0.0	335.4	419.16394	968.0	0.0	1000.0	1000.0	215999	17.239058	17.437445	68.73303	0.08408938	-17.485573	0.20828126	4182.994846343994
55	314.25	365.02628	940.0	36.0	377.9	335.14966	944.0	0.0	1000.0	1000.0	219999	19.838297	19.459734	72.641426	0.22202052	-20.10866	0.25317737	4264.5997631549835
56	310.0	321.15106	806.0	0.0	120.2	281.6909	934.0	0.0	1000.0	1000.0	223999	22.709778	21.519539	76.93379	-1.446056	-23.015774	0.27891612	4346.119820594788
57	195.75	339.04895	783.0	0.0	165.2	326.43216	920.0	0.0	1000.0	1000.0	227999	25.49797	23.037899	80.61326	0.25543106	-25.781088	0.27043205	4430.061048984528
58	269.25	382.64304	923.0	0.0	402.0	435.60098	938.0	0.0	1000.0	1000.0	231999	27.382402	23.999563	82.912056	0.2601306	-27.68915	0.26033574	4512.445486545563
59	3.25	5.629165	13.0	0.0	280.3	428.31323	961.0	0.0	1000.0	1000.0	235999	29.693865	24.803825	83.87171	0.26025403	-30.031742	0.23994204	4596.0695633888245
60	188.5	326.49158	754.0	0.0	366.7	394.0	949.0	0.0	1000.0	1000.0	239999	31.16055	25.20499	85.386086	0.26235655	-31.470652	0.24822277	4681.116853475571
61	420.0	256.00488	641.0	0.0	673.1	376.25244	964.0	0.0	1000.0	1000.0	243999	32.359695	26.010263	89.058334	0.26476878	-32.672287	0.2541832	4762.9401268959045
62	480.0	456.66016	947.0	10.0	260.9	402.41083	949.0	0.0	1000.0	1000.0	247999	33.548706	26.409172	93.06222	0.2723169	-33.853165	0.25451645	4844.328637599945
63	491.0	455.7779	957.0	0.0	612.1	414.19232	978.0	0.0	1000.0	1000.0	251999	34.295883	27.035831	95.232124	0.279971	-34.59378	0.26013452	4925.923279285431
64	705.0	408.9994	991.0	0.0	601.5	415.6124	954.0	0.0	1000.0	1000.0	255999	35.554592	27.816042	98.74156	0.29135963	-35.906143	0.28657058	5009.078220844269
65	947.0	21.920311	970.0	911.0	755.5	375.6978	960.0	3.0	1000.0	1000.0	259999	38.17537	28.94699	104.440155	0.29458103	-38.599136	0.32597303	5094.612083911896
66	470.0	452.66156	936.0	7.0	712.6	367.912	950.0	0.0	1000.0	1000.0	263999	41.23579	30.315493	107.10419	0.31198132	-41.686512	0.35922334	5176.543895244598
67	125.0	138.92984	361.0	3.0	675.4	398.26776	947.0	0.0	1000.0	1000.0	267999	44.318256	31.184978	113.10455	0.34011388	-44.787827	0.40360057	5261.3210237026215
68	639.0	327.7194	959.0	219.0	478.7	477.80188	971.0	0.0	1000.0	1000.0	271999	47.019493	32.04216	116.05711	0.36485088	-47.500156	0.41183472	5347.262989521027
69	901.75	121.42153	984.0	692.0	476.7	474.66663	969.0	0.0	1000.0	1000.0	275999	49.93894	32.81536	119.67769	0.3867883	-50.452034	0.4046427	5433.582496404648
70	494.0	386.5068	927.0	0.0	479.7	441.538	976.0	0.0	1000.0	1000.0	279999	52.749264	33.74526	125.27822	0.4066757	-53.248837	0.42623645	5519.718518972397
71	190.0	294.56494	699.0	0.0	374.3	407.73474	968.0	0.0	1000.0	1000.0	283999	54.255257	34.43808	127.8963	0.42947504	-54.71807	0.42988506	5605.690570354462
72	189.25	227.93132	578.0	13.0	208.5	366.5649	952.0	0.0	1000.0	1000.0	287999	55.51904	35.027267	129.00049	0.44136012	-56.008217	0.46420914	5691.759499311447
73	357.75	252.36122	630.0	0.0	252.5	353.9334	945.0	0.0	1000.0	1000.0	291999	57.560276	35.285637	128.13167	0.4458286	-58.08169	0.47178978	5778.130385637283
74	94.75	113.17768	283.0	0.0	86.3	237.5458	798.0	0.0	1000.0	1000.0	295999	58.87422	35.046745	124.474945	0.44293734	-59.384155	0.49857897	5864.133458375931
75	263.0	396.17294	948.0	2.0	128.4	271.7871	907.0	0.0	1000.0	1000.0	299999	60.09671	34.212	121.4346	0.44380096	-60.626236	0.53336537	5950.203404426575
76	85.0	87.60708	200.0	0.0	119.6	293.3705	980.0	0.0	1000.0	1000.0	303999	60.99709	32.61938	118.13728	0.45134962	-61.475952	0.5217904	6036.40704536438
77	230.75	399.67072	923.0	0.0	3.0	4.5387225	15.0	0.0	1000.0	1000.0	307999	61.10334	31.779787	116.742386	0.44331276	-61.584015	0.50535554	6120.187177658081
78	14.0	22.0	52.0	0.0	94.4	277.89035	928.0	0.0	1000.0	1000.0	311999	61.10774	31.09933	116.19829	0.4334433	-61.56862	0.48822942	6202.483689546585
79	46.25	72.79552	172.0	0.0	373.8	457.01855	978.0	0.0	1000.0	1000.0	315999	60.177605	30.286488	114.539345	0.42432594	-60.57217	0.48792872	6285.963000059128
80	1.75	3.0310888	7.0	0.0	167.9	293.80927	935.0	0.0	1000.0	1000.0	319999	58.8452	29.83474	112.01081	0.4079544	-59.235825	0.4900263	6371.528111457825
81	235.0	386.4628	904.0	0.0	127.3	289.89484	956.0	0.0	1000.0	1000.0	323999	58.167786	29.414389	111.42689	0.40562034	-58.58561	0.48678383	6458.257226705551
82	335.75	390.1848	954.0	0.0	120.8	282.88824	945.0	0.0	1000.0	1000.0	327999	57.777805	29.560505	113.10454	0.4099575	-58.17664	0.49506605	6542.907638311386
83	289.5	347.46042	854.0	0.0	99.0	293.02185	978.0	0.0	1000.0	1000.0	331999	57.2858	30.357796	116.33632	0.4088611	-57.669704	0.5083269	6629.6179168224335
84	10.75	18.619547	43.0	0.0	94.6	283.80002	946.0	0.0	1000.0	1000.0	335999	57.103886	31.401802	118.15916	0.39896613	-57.54343	0.5235851	6714.80527639389
85	445.25	447.87686	959.0	0.0	96.7	290.09998	967.0	0.0	1000.0	1000.0	339999	58.0852	32.750336	118.51395	0.39395416	-58.610134	0.5962014	6797.315787792206
86	221.5	378.45905	877.0	0.0	49.3	142.9196	478.0	0.0	1000.0	1000.0	343999	60.23036	33.81565	117.86041	0.3910814	-60.771435	0.64317846	6880.187809467316
87	219.25	352.5843	829.0	0.0	101.3	288.57376	966.0	0.0	1000.0	1000.0	347999	61.46405	34.09739	116.77367	0.3908779	-61.996666	0.66925925	6962.632430315018
88	473.0	459.3947	955.0	0.0	390.2	391.0061	968.0	0.0	1000.0	1000.0	351999	63.25853	34.197433	120.30106	0.39915344	-63.817577	0.7192496	7046.754178762436
89	199.0	333.23114	776.0	0.0	449.9	439.30023	996.0	0.0	1000.0	1000.0	355999	64.26097	34.73529	122.00329	0.40921134	-64.789024	0.7254528	7130.532661676407
90	334.0	370.15335	924.0	2.0	123.5	276.284	921.0	0.0	1000.0	1000.0	359999	64.967575	35.355236	125.03254	0.4176143	-65.49109	0.7195671	7215.202426671982
91	438.0	226.89314	684.0	164.0	358.5	424.93723	967.0	0.0	1000.0	1000.0	363999	65.37557	36.15895	126.96144	0.412225	-65.878815	0.7411653	7299.940878868103
92	115.5	200.05186	462.0	0.0	118.4	215.01126	649.0	0.0	1000.0	1000.0	367999	65.97643	36.47103	127.858986	0.41014314	-66.516815	0.7362189	7382.543664932251
93	409.25	386.00153	947.0	0.0	436.9	432.65814	967.0	0.0	1000.0	1000.0	371999	66.93888	36.024956	127.24115	0.41335702	-67.48666	0.73157465	7465.131427049637
94	667.0	390.1506	976.0	0.0	560.5	457.95746	968.0	0.0	1000.0	1000.0	375999	67.95776	35.87173	125.880325	0.42641526	-68.51744	0.7002908	7548.65077829361
95	218.25	310.94324	755.0	0.0	656.0	429.00934	959.0	0.0	1000.0	1000.0	379999	68.559616	35.53983	126.27195	0.433006	-69.09173	0.64542127	7633.676314115524
96	615.5	388.65955	961.0	0.0	282.8	431.5219	974.0	0.0	1000.0	1000.0	383999	68.839	35.73114	126.00688	0.43581071	-69.35312	0.61803305	7718.934968948364
97	637.0	393.92767	984.0	0.0	593.7	455.50525	996.0	0.0	1000.0	1000.0	387999	68.84612	36.2458	126.02077	0.4385711	-69.36234	0.6247953	7803.487807273865
98	711.0	410.65375	965.0	0.0	522.4	447.44656	991.0	0.0	1000.0	1000.0	391999	69.11055	37.015903	126.65915	0.44404557	-69.60494	0.62997764	7888.835429430008
99	313.75	315.98526	850.0	35.0	376.9	459.79764	949.0	0.0	1000.0	1000.0	395999	68.66305	37.41952	126.907585	0.45210886	-69.12685	0.66553473	7973.6824107170105
100	312.75	389.90024	971.0	0.0	391.5	464.6018	965.0	0.0	1000.0	1000.0	399999	67.72372	37.550827	125.770134	0.44382384	-68.15809	0.6863904	8058.169745922089
101	450.25	367.76105	895.0	0.0	485.5	481.5239	977.0	0.0	1000.0	1000.0	403999	67.017204	38.02804	125.48274	0.43978682	-67.465034	0.7205203	8140.7627964019775
102	718.5	415.01657	972.0	0.0	378.0	462.57477	954.0	0.0	1000.0	1000.0	407999	66.83229	38.41938	126.94865	0.37392116	-67.319405	0.71274644	8223.400615215302
103	262.25	412.61386	975.0	0.0	189.7	374.18097	947.0	0.0	1000.0	1000.0	411999	67.3529	37.934147	126.97579	0.44624886	-67.8433	0.7431438	8307.494231462479
104	240.0	399.12466	931.0	0.0	424.6	441.90115	962.0	0.0	1000.0	1000.0	415999	67.20519	36.966106	126.75098	0.4515099	-67.67366	0.7950453	8390.857559680939
105	242.5	417.71432	966.0	0.0	145.6	308.3262	965.0	0.0	1000.0	1000.0	419999	67.158646	35.756927	126.72655	0.46313936	-67.641655	0.87850213	8475.101087808609
106	478.75	346.90012	868.0	1.0	182.0	363.26657	939.0	0.0	1000.0	1000.0	423999	67.098495	35.482777	126.9509	0.47377586	-67.55181	0.85000986	8557.732403755188
107	721.25	385.06778	991.0	57.0	565.6	460.4694	962.0	0.0	1000.0	1000.0	427999	66.97981	36.082493	127.87706	0.47774526	-67.45018	0.8207251	8640.47140789032
108	643.0	373.3544	904.0	0.0	477.9	476.2223	974.0	0.0	1000.0	1000.0	431999	67.314415	36.439735	129.61012	0.48778498	-67.820694	0.7508511	8724.041892766953
109	442.25	422.88614	921.0	6.0	384.4	460.7965	983.0	0.0	1000.0	1000.0	435999	68.544205	36.263767	131.9949	0.49750257	-69.10671	0.79017675	8811.256372451782
110	382.0	352.37195	868.0	2.0	565.7	452.71118	950.0	0.0	1000.0	1000.0	439999	70.63096	35.91837	133.37073	0.50650305	-71.21054	0.7884236	8898.31244969368
111	420.0	428.44427	992.0	0.0	525.0	402.4413	967.0	0.0	1000.0	1000.0	443999	72.11366	36.11558	133.49512	0.5176084	-72.69698	0.7878805	8985.097061395645
112	941.0	17.592611	959.0	921.0	418.9	446.03842	987.0	0.0	1000.0	1000.0	447999	73.82391	35.286724	131.17542	0.52144295	-74.417076	0.7974657	9071.87986946106
113	684.0	376.55478	914.0	32.0	493.4	450.49753	974.0	0.0	1000.0	1000.0	451999	75.28052	34.654213	130.54706	0.5221269	-75.88098	0.81922704	9158.651635169983
114	839.25	203.6963	971.0	487.0	474.6	475.0251	994.0	0.0	1000.0	1000.0	455999	76.97513	34.07449	130.11806	0.52845013	-77.61689	0.8027948	9245.329603433609
115	760.0	248.9779	936.0	332.0	614.1	414.4233	964.0	4.0	1000.0	1000.0	459999	79.886536	32.32263	137.75813	0.54714245	-80.59126	0.84630567	9328.624364614487
116	933.5	41.185555	974.0	865.0	274.7	417.62665	950.0	0.0	1000.0	1000.0	463999	82.707924	31.311235	147.30954	0.5698042	-83.40024	0.8659301	9411.366478204727
117	591.75	396.0078	954.0	0.0	409.7	450.12244	984.0	0.0	1000.0	1000.0	467999	84.93743	31.07349	158.22421	0.57663983	-85.626785	0.84652805	9495.530272483826
118	693.5	400.49875	937.0	0.0	412.6	447.0694	964.0	0.0	1000.0	1000.0	471999	86.69121	30.659853	156.50922	0.5867938	-87.37211	0.8893449	9582.12179350853
119	613.25	398.23572	970.0	0.0	573.0	466.68213	972.0	0.0	1000.0	1000.0	475999	87.8216	30.513071	155.90714	0.5997125	-88.46905	0.8346841	9667.576065063477
120	399.0	412.85712	948.0	0.0	238.7	380.80365	959.0	0.0	1000.0	1000.0	479999	88.27545	29.997738	148.96461	0.6061241	-88.871826	0.774256	9750.265760660172
121	514.0	292.8532	915.0	163.0	552.6	451.29507	942.0	0.0	1000.0	1000.0	483999	87.56606	29.90975	137.89764	0.6076056	-88.13544	0.77237445	9833.984233140945
122	543.5	235.79494	865.0	204.0	476.6	476.87674	992.0	0.0	1000.0	1000.0	487999	86.87551	30.309862	135.48706	0.6072537	-87.43466	0.7770239	9918.698083877563
123	533.25	419.00082	952.0	0.0	376.2	460.84116	964.0	0.0	1000.0	1000.0	491999	85.98013	30.477262	135.078	0.60886335	-86.51901	0.7940016	10001.499783039093
124	268.75	380.7856	919.0	0.0	546.3	451.67734	976.0	0.0	1000.0	1000.0	495999	84.80291	31.350801	135.57788	0.6055308	-85.3165	0.8058299	10085.12173628807
125	712.5	411.38092	955.0	0.0	293.4	448.239	997.0	0.0	1000.0	1000.0	499999	84.66004	32.813942	138.66335	0.59593934	-85.273895	0.8616106	10169.320367336273
126	592.75	391.61804	958.0	12.0	459.6	463.58997	988.0	0.0	1000.0	1000.0	503999	86.31967	34.2065	142.36174	0.5869083	-86.973816	0.9404065	10253.815958976746
127	484.0	465.68713	952.0	0.0	218.0	359.35248	925.0	0.0	1000.0	1000.0	507999	87.52201	35.16225	145.58719	0.57864094	-88.15528	0.99892956	10340.570012331009
128	232.25	379.52628	889.0	0.0	373.6	457.181	946.0	0.0	1000.0	1000.0	511999	88.67819	36.097313	145.65579	0.47568667	-89.346954	1.0091076	10425.023589849472
129	662.25	384.32693	929.0	0.0	320.8	403.78625	991.0	0.0	1000.0	1000.0	515999	89.54676	37.228485	147.71373	0.57160866	-90.16955	0.9701727	10508.964758396149
130	229.25	316.26205	768.0	0.0	186.2	371.4151	936.0	0.0	1000.0	1000.0	519999	89.27165	38.81696	150.93344	0.56434596	-89.853546	0.9849872	10595.69214105606
131	7.5	11.324752	27.0	0.0	301.5	380.56937	942.0	0.0	1000.0	1000.0	523999	88.97573	40.098675	151.29428	0.56351024	-89.60336	0.99714994	10682.506829977036
132	324.75	385.0204	942.0	0.0	463.1	466.51202	981.0	0.0	1000.0	1000.0	527999	89.37248	41.21008	153.3639	0.5681043	-89.991356	0.9658889	10769.18592453003
133	165.0	248.08669	592.0	0.0	345.1	436.05972	980.0	0.0	1000.0	1000.0	531999	89.44874	41.150364	153.19197	0.5695981	-90.08894	0.9209708	10852.631821632385
134	678.25	361.86212	938.0	55.0	458.4	422.49335	950.0	0.0	1000.0	1000.0	535999	90.29673	41.614365	155.27353	0.57444507	-90.9646	0.96885467	10935.543236494064
135	599.75	373.03107	963.0	114.0	581.6	406.45126	970.0	0.0	1000.0	1000.0	539999	90.93196	41.43255	155.61105	0.58326644	-91.56147	0.9606212	11018.650300264359
136	891.0	80.74342	963.0	754.0	472.5	469.9011	977.0	0.0	1000.0	1000.0	543999	91.00921	41.105682	155.21207	0.59153575	-91.61432	0.90944004	11101.384611845016
137	475.5	475.67032	969.0	0.0	462.3	463.2142	972.0	0.0	1000.0	1000.0	547999	90.16114	40.511116	155.01479	0.5983029	-90.701744	0.9936264	11184.352417707443
138	451.75	450.71796	931.0	0.0	747.6	373.9554	955.0	0.0	1000.0	1000.0	551999	88.66903	40.178867	150.88867	0.36465394	-89.19545	1.0329869	11268.554605484009
139	917.0	33.339165	958.0	865.0	236.6	317.71722	975.0	0.0	1000.0	1000.0	555999	87.52501	40.27515	149.53638	0.6024131	-88.055626	1.1202329	11351.302701711655
140	245.5	424.06454	980.0	0.0	279.7	426.25275	945.0	0.0	1000.0	1000.0	559999	86.3314	40.020306	148.49162	0.6184757	-86.84132	1.1815312	11434.08467078209
141	413.75	318.11978	894.0	0.0	97.2	291.59998	972.0	0.0	1000.0	1000.0	563999	85.15606	40.14857	147.88483	0.6369806	-85.65735	1.0265533	11520.307421445847
142	0.0	0.0	0.0	0.0	480.2	480.46536	989.0	0.0	1000.0	1000.0	567999	84.58637	40.637535	147.9089	0.63872623	-85.139046	1.2064323	11606.876177072525
143	230.25	398.8047	921.0	0.0	137.6	306.6122	994.0	0.0	1000.0	1000.0	571999	84.48807	40.98169	150.5959	0.6501948	-85.04869	1.1628273	11691.437520742416
144	250.0	433.0127	1000.0	0.0	198.3	341.82864	986.0	0.0	1000.0	1000.0	575999	84.74299	41.296047	159.16794	0.66556776	-85.315254	1.1050724	11774.256954669952
145	0.0	0.0	0.0	0.0	291.9	445.9992	992.0	0.0	1000.0	1000.0	579999	84.79514	41.619507	151.25386	0.68606955	-85.389534	1.0796293	11858.767290592194
146	0.0	0.0	0.0	0.0	192.2	384.6187	990.0	0.0	1000.0	1000.0	583999	85.49567	41.894066	149.24803	0.7103321	-86.08714	1.0642824	11945.428099870682
147	216.0	371.24182	859.0	0.0	106.9	286.21756	960.0	0.0	1000.0	1000.0	587999	86.15605	42.027214	149.46204	0.72699124	-86.78106	0.96105057	12032.125260353088
148	492.25	478.3745	977.0	0.0	291.3	445.03168	990.0	0.0	1000.0	1000.0	591999	87.18672	42.11133	148.97467	0.7468317	-87.82221	0.89732	12118.806282043457
149	404.25	417.31186	955.0	0.0	240.6	389.28586	978.0	0.0	1000.0	1000.0	595999	88.251	42.601624	151.70937	0.7603318	-88.93405	0.87387496	12205.026532411575
150	706.0	406.0277	957.0	3.0	759.1	379.79688	984.0	0.0	1000.0	1000.0	599999	90.06763	43.47806	153.38979	0.7789882	-90.74214	0.895323	12291.680959701538
151	274.75	404.08685	969.0	1.0	407.4	446.09573	980.0	0.0	1000.0	1000.0	603999	91.22327	43.569702	152.90273	0.79230785	-91.90987	0.8732761	12378.532761335373
152	686.75	399.57062	960.0	0.0	636.9	427.50217	979.0	0.0	1000.0	1000.0	607999	92.93352	42.952568	152.73706	0.8054072	-93.67667	0.8732103	12464.426544189453
153	338.0	380.61462	952.0	6.0	331.3	420.07477	953.0	0.0	1000.0	1000.0	611999	94.44717	41.704376	150.22548	0.82504946	-95.13244	0.80772805	12547.280518054962
154	413.25	367.01184	958.0	8.0	389.2	474.49466	990.0	0.0	1000.0	1000.0	615999	93.51162	40.859932	147.92313	0.8255816	-94.0472	0.77879816	12630.31934762001
155	446.25	334.57315	942.0	0.0	528.6	448.50757	988.0	0.0	1000.0	1000.0	619999	91.52981	40.02211	144.30014	0.8254272	-92.07884	0.7871811	12713.21070432663
156	308.5	365.72702	929.0	0.0	762.1	367.2123	986.0	0.0	1000.0	1000.0	623999	90.66203	38.797596	142.35243	0.84171885	-91.25622	0.69131976	12796.245837211609
157	723.75	377.97842	961.0	70.0	849.1	249.06282	988.0	175.0	1000.0	1000.0	627999	90.38802	37.806572	141.32425	0.8463554	-90.99363	0.64553285	12880.412662506104
158	714.0	231.42926	961.0	437.0	699.9	388.6627	990.0	0.0	1000.0	1000.0	631999	90.61074	37.018066	140.31549	0.8517914	-91.23873	0.6231877	12967.63373374939
159	815.75	145.19707	964.0	630.0	864.2	287.03513	975.0	4.0	1000.0	1000.0	635999	90.825	36.795963	140.79929	0.8568171	-91.428894	0.61378896	13052.791293621063
160	857.5	142.25769	955.0	612.0	949.7	19.57575	972.0	916.0	1000.0	1000.0	639999	90.91224	36.742355	141.70863	0.8610184	-91.53194	0.6456665	13135.845221757889
161	463.75	463.86334	942.0	0.0	188.6	374.93607	967.0	0.0	1000.0	1000.0	643999	91.25611	36.77425	143.88081	0.86534226	-91.8655	0.71244085	13221.79583120346
162	695.5	401.55106	930.0	0.0	713.1	384.08734	978.0	0.0	1000.0	1000.0	647999	91.31841	37.19963	143.74876	0.86357147	-91.92618	0.6688362	13307.583617687225
163	298.0	197.72076	554.0	0.0	662.7	434.28702	981.0	0.0	1000.0	1000.0	651999	91.40787	37.05796	142.242	0.8632799	-92.01943	0.6824398	13392.318033456802
164	475.75	422.54254	924.0	0.0	716.1	383.8097	990.0	3.0	1000.0	1000.0	655999	91.1312	36.788418	140.35	0.8688	-91.702644	0.70434546	13475.539728403091
165	642.0	363.74924	953.0	41.0	657.5	428.43582	965.0	0.0	1000.0	1000.0	659999	90.48683	36.634617	140.4115	0.88538086	-91.03436	0.73971	13558.873291015625
166	612.25	346.70764	941.0	102.0	576.7	466.8651	967.0	3.0	1000.0	1000.0	663999	89.49458	37.174007	139.37529	0.8952369	-90.04191	0.7411245	13643.051847934723
167	897.0	38.42525	945.0	848.0	618.9	425.5802	964.0	0.0	1000.0	1000.0	667999	88.96369	37.79763	138.98347	0.90510195	-89.505585	0.7577732	13730.072016954422
168	411.5	312.10934	729.0	6.0	671.4	439.26123	976.0	0.0	1000.0	1000.0	671999	88.37556	37.58707	137.76208	0.9072853	-88.88681	0.7453829	13816.051769971848
169	593.0	381.1286	982.0	50.0	475.1	473.54248	976.0	0.0	1000.0	1000.0	675999	86.89523	37.334522	135.58575	0.8987673	-87.3538	0.73955226	13900.837309598923
170	726.0	391.28827	967.0	49.0	670.9	439.48593	993.0	0.0	1000.0	1000.0	679999	85.91689	36.91085	134.17912	0.8981155	-86.40956	0.73508143	13983.847047805786
171	598.75	381.56152	943.0	0.0	667.9	437.53134	975.0	0.0	1000.0	1000.0	683999	84.88937	36.659584	132.1258	0.89582443	-85.34815	0.7373748	14067.100371599197
172	723.5	405.8057	969.0	21.0	573.0	460.612	996.0	0.0	1000.0	1000.0	687999	83.79366	36.938366	130.80719	0.89485115	-84.24928	0.7054608	14152.837223529816
173	585.5	362.0183	975.0	5.0	668.8	434.73114	971.0	2.0	1000.0	1000.0	691999	83.633804	37.508507	130.89888	0.8969604	-84.160126	0.77396935	14240.773121833801
174	478.25	397.8438	963.0	39.0	756.5	378.0506	973.0	0.0	1000.0	1000.0	695999	83.96735	37.318203	131.4643	0.89841574	-84.47494	0.7936688	14327.977075338364
175	472.0	322.00388	890.0	129.0	585.5	476.0349	979.0	0.0	1000.0	1000.0	699999	83.64462	36.917503	130.8698	0.8977437	-84.11586	0.7936156	14413.639831066132
176	473.0	418.2595	950.0	50.0	526.6	445.2584	967.0	0.0	1000.0	1000.0	703999	83.492004	36.742302	131.72823	0.89684945	-84.00723	0.8331335	14498.33773803711
177	482.0	387.58548	956.0	49.0	563.9	461.07343	983.0	0.0	1000.0	1000.0	707999	84.62964	37.11691	135.03748	0.90112394	-85.26023	0.92413694	14585.640300273895
178	475.0	471.51086	951.0	3.0	496.0	492.42462	996.0	0.0	1000.0	1000.0	711999	87.32312	37.89328	138.36974	0.9172758	-87.99128	0.9687153	14669.16327214241
179	574.5	370.34207	990.0	0.0	773.4	380.905	989.0	0.0	1000.0	1000.0	715999	89.76433	38.359398	139.13123	0.9222935	-90.43183	1.0475717	14752.659484863281
180	936.25	70.06203	1000.0	819.0	671.1	439.43658	978.0	0.0	1000.0	1000.0	719999	91.5736	38.838547	141.4048	0.9207169	-92.22597	1.0723581	14838.177876472473
181	511.5	341.88486	935.0	0.0	580.5	472.6532	989.0	0.0	1000.0	1000.0	723999	93.17685	39.452374	143.81485	0.92003685	-93.82024	1.0277478	14923.087797880173
182	261.25	179.2364	447.0	0.0	378.6	410.44153	950.0	0.0	1000.0	1000.0	727999	93.43152	39.94111	144.13092	0.92119676	-94.002815	0.98997825	15005.70980167389
183	703.0	126.47332	884.0	528.0	681.7	435.13513	981.0	0.0	1000.0	1000.0	731999	93.66251	39.013653	143.71796	0.924989	-94.28192	0.88422364	15086.956258296967
184	594.25	230.12212	951.0	366.0	385.7	460.53165	994.0	0.0	1000.0	1000.0	735999	94.02793	38.251934	145.95024	0.9264687	-94.63016	0.8575162	15168.568443775177
185	518.25	391.4712	971.0	0.0	390.8	424.0549	979.0	0.0	1000.0	1000.0	739999	94.01046	39.352787	149.52878	0.92200184	-94.601585	0.8557604	15249.945076942444
186	598.25	378.0981	962.0	0.0	442.4	441.59106	941.0	0.0	1000.0	1000.0	743999	94.16017	40.57402	150.60075	0.9191576	-94.78678	0.82523584	15331.840513467789
187	606.25	396.47974	988.0	0.0	446.8	426.24332	997.0	0.0	1000.0	1000.0	747999	94.85511	41.02564	149.73071	0.9218982	-95.46642	0.7847013	15415.915577888489
188	476.0	461.135	967.0	0.0	726.0	384.75604	987.0	0.0	1000.0	1000.0	751999	95.06382	40.70247	147.37079	0.9307435	-95.699486	0.80717915	15501.260527133942
189	861.25	57.16369	926.0	799.0	863.8	286.49637	973.0	5.0	1000.0	1000.0	755999	96.0531	40.381405	146.91766	0.93409866	-96.716545	0.8207308	15586.542079925537
190	812.0	219.48007	946.0	432.0	766.1	374.95905	968.0	4.0	1000.0	1000.0	759999	97.02201	40.08052	144.0015	0.93360525	-97.65878	0.882119	15671.87678694725
191	874.25	91.41492	977.0	735.0	776.5	385.74582	994.0	0.0	1000.0	1000.0	763999	97.26554	40.679993	143.72469	0.9349507	-97.90758	0.8590138	15753.38857626915
192	674.5	388.15106	955.0	9.0	955.0	20.731619	997.0	914.0	1000.0	1000.0	767999	98.81089	41.285797	145.10605	0.938046	-99.535446	0.845131	15834.655225753784
193	743.75	350.7181	970.0	137.0	965.7	16.917744	997.0	938.0	1000.0	1000.0	771999	101.09929	41.77971	147.40424	0.94251525	-101.85054	0.8303507	15916.095139503479
194	535.5	425.73026	960.0	21.0	800.5	316.2835	979.0	3.0	1000.0	1000.0	775999	103.14356	41.955765	150.51942	0.9488518	-103.88189	0.82619005	15999.746154546738
195	957.0	33.860004	984.0	899.0	952.0	21.498837	987.0	929.0	1000.0	1000.0	779999	104.43663	42.228638	152.24374	0.9587823	-105.13607	0.78396815	16084.816370725632
196	953.5	18.848078	973.0	923.0	859.1	285.47696	977.0	4.0	1000.0	1000.0	783999	104.76419	42.45153	152.28711	0.9582345	-105.433716	0.7830101	16170.157986402512
197	714.75	412.90518	976.0	0.0	802.2	324.48105	975.0	4.0	1000.0	1000.0	787999	104.715	42.433716	152.34096	0.95966876	-105.37417	0.794283	16255.321405649185
198	946.5	28.935272	976.0	905.0	667.9	391.41397	957.0	6.0	1000.0	1000.0	791999	104.72102	41.903603	154.76175	0.9621764	-105.39684	0.83757794	16339.443393707275
199	925.75	22.487497	955.0	895.0	276.2	411.46368	992.0	0.0	1000.0	1000.0	795999	104.72097	41.325996	155.61346	0.96872187	-105.35796	0.83688205	16420.993010759354
200	714.5	412.83017	978.0	0.0	594.7	456.36935	987.0	0.0	1000.0	1000.0	799999	104.14461	40.73681	154.49275	0.9687497	-104.7826	0.8812538	16505.475084543228
201	553.0	401.91605	964.0	106.0	606.3	433.98434	977.0	0.0	1000.0	1000.0	803999	103.57545	40.257484	151.64697	0.9590497	-104.18242	0.85170716	16590.549829244614
202	535.25	388.9199	980.0	0.0	623.6	418.27603	988.0	0.0	1000.0	1000.0	807999	102.21259	39.22642	147.51016	0.9581584	-102.76164	0.8280083	16676.019479751587
203	582.5	392.95325	976.0	115.0	477.6	476.8342	962.0	0.0	1000.0	1000.0	811999	100.23269	37.946552	143.78998	0.9579445	-100.75252	0.81832093	16761.17029953003
204	796.75	186.73293	983.0	506.0	623.7	418.741	985.0	0.0	1000.0	1000.0	815999	99.10224	37.19941	142.32104	0.9600871	-99.6895	0.8468805	16843.987361192703
205	890.5	91.74284	963.0	737.0	851.9	285.13065	997.0	4.0	1000.0	1000.0	819999	98.66296	37.009315	141.89674	0.9624219	-99.2383	0.84425634	16927.789759397507
206	624.75	381.31967	950.0	13.0	956.9	15.410711	986.0	930.0	1000.0	1000.0	823999	98.56868	37.189716	142.49059	0.96924347	-99.156815	0.85360825	17009.26338672638
207	911.25	64.8744	962.0	802.0	849.3	259.96848	982.0	76.0	1000.0	1000.0	827999	98.07496	36.807735	141.3948	0.97443926	-98.63231	0.8240137	17093.139789819717
208	959.25	17.469616	989.0	945.0	764.9	374.62552	984.0	8.0	1000.0	1000.0	831999	97.8737	36.25624	138.88527	0.9788094	-98.439766	0.80343217	17178.537137508392
209	698.25	280.64334	977.0	269.0	720.5	354.73123	993.0	1.0	1000.0	1000.0	835999	97.16752	36.277203	136.9983	0.97270334	-97.70173	0.8106967	17263.909408330917
210	683.25	307.46982	934.0	178.0	866.8	289.72635	997.0	0.0	1000.0	1000.0	839999	96.23199	36.03308	135.76169	0.9681307	-96.73855	0.77162457	17347.09577012062
211	705.0	404.18808	945.0	5.0	676.7	443.5401	996.0	0.0	1000.0	1000.0	843999	95.56049	35.90575	133.64854	0.965593	-96.08523	0.74292964	17427.5455994606
212	517.75	433.68387	971.0	9.0	767.0	382.7806	985.0	0.0	1000.0	1000.0	847999	95.25846	35.955906	134.396	0.9646241	-95.81092	0.7198085	17508.306381225586
213	586.0	339.72195	939.0	111.0	769.2	381.36905	982.0	6.0	1000.0	1000.0	851999	95.80188	35.727356	134.6312	0.9643223	-96.37894	0.750703	17590.401539325714
214	701.25	291.76306	978.0	220.0	808.4	325.86813	993.0	50.0	1000.0	1000.0	855999	96.40349	35.88426	139.0633	0.96428734	-97.004654	0.791827	17673.6118516922
215	861.5	189.01125	992.0	535.0	898.9	150.49748	978.0	452.0	1000.0	1000.0	859999	97.56718	35.993114	140.2811	0.96846473	-98.19272	0.81528664	17754.898581027985
216	584.0	349.81638	894.0	0.0	757.8	327.78738	990.0	0.0	1000.0	1000.0	863999	98.37852	36.07994	140.33656	0.9783436	-98.96756	0.7858277	17836.140820741653
217	714.25	410.1185	957.0	4.0	667.6	436.28778	980.0	0.0	1000.0	1000.0	867999	98.85454	36.360275	140.53653	0.9925163	-99.45271	0.7903031	17918.2281062603
218	982.75	11.255554	996.0	968.0	757.9	333.44757	996.0	5.0	1000.0	1000.0	871999	98.85384	36.72976	140.0073	0.996886	-99.41222	0.7750749	17999.395703077316
219	476.0	471.51404	950.0	0.0	574.0	466.37732	984.0	0.0	1000.0	1000.0	875999	98.49026	37.00553	138.59355	0.9930739	-99.042694	0.7369252	18081.910556316376
220	654.5	393.0105	1000.0	31.0	513.4	392.88248	973.0	0.0	1000.0	1000.0	879999	98.28715	37.28976	139.3054	0.9858084	-98.859955	0.74885863	18166.780483722687
221	340.25	386.24887	946.0	0.0	861.4	287.2136	970.0	0.0	1000.0	1000.0	883999	98.50066	37.60487	141.16359	0.97070515	-99.063675	0.7586189	18248.084390878677
222	738.0	146.15916	905.0	506.0	693.0	362.1853	990.0	0.0	1000.0	1000.0	887999	98.20409	37.52065	140.90514	0.95750237	-98.762215	0.7753117	18330.567451000214
223	615.75	369.70486	938.0	35.0	428.5	442.71826	956.0	0.0	1000.0	1000.0	891999	98.2707	37.590904	140.35837	0.957045	-98.85338	0.80290735	18414.055146455765
224	619.25	391.54718	961.0	5.0	730.1	384.60614	998.0	0.0	1000.0	1000.0	895999	98.48443	37.004795	139.9002	0.96503747	-99.05135	0.8168989	18497.246500730515
225	776.5	207.4036	1000.0	477.0	758.1	379.0133	984.0	0.0	1000.0	1000.0	899999	98.42791	36.837116	138.00264	0.9798432	-99.00183	0.8356433	18580.535887479782
226	959.25	1.7853571	962.0	957.0	568.3	464.17453	973.0	0.0	1000.0	1000.0	903999	99.08466	36.5765	137.86176	0.9797818	-99.68303	0.8571835	18661.341616868973
227	691.5	399.5707	948.0	0.0	668.3	437.6341	982.0	0.0	1000.0	1000.0	907999	99.36827	36.365417	139.93129	0.9798781	-99.94227	0.8671407	18743.36618733406
228	506.0	421.575	966.0	0.0	753.7	376.97586	957.0	0.0	1000.0	1000.0	911999	99.53623	36.23085	140.7174	0.9741158	-100.11264	0.8505469	18828.48729777336
229	711.5	401.59213	953.0	16.0	758.8	379.79175	985.0	0.0	1000.0	1000.0	915999	99.50708	35.847946	140.45822	0.97457296	-100.0945	0.88472205	18913.927579641342
230	924.0	58.838764	996.0	832.0	763.2	380.54877	994.0	0.0	1000.0	1000.0	919999	100.06981	35.53273	139.82967	0.9792138	-100.654015	0.8892347	18999.159018039703
231	955.75	11.92424	971.0	938.0	673.9	440.41672	996.0	0.0	1000.0	1000.0	923999	99.99834	36.36717	139.12585	0.9654741	-100.56422	0.8903677	19082.338587522507
232	767.75	229.58917	946.0	376.0	808.1	302.3516	965.0	0.0	1000.0	1000.0	927999	99.83034	37.30401	139.31868	0.9613754	-100.39725	0.85600996	19163.309498548508
233	951.5	16.800297	979.0	936.0	758.7	285.72574	986.0	0.0	1000.0	1000.0	931999	99.99692	37.941387	140.5705	0.9510321	-100.56525	0.8243763	19247.55426478386
234	861.0	74.286606	952.0	753.0	690.8	314.25302	982.0	4.0	1000.0	1000.0	935999	100.27112	38.663174	141.50874	0.9445273	-100.84523	0.81820875	19332.79548573494
235	630.75	385.38837	969.0	10.0	222.0	379.40744	997.0	0.0	1000.0	1000.0	939999	100.21723	38.592712	140.4276	0.94045806	-100.75564	0.8199233	19417.970964431763
236	497.0	290.83673	853.0	87.0	585.9	476.00745	989.0	0.0	1000.0	1000.0	943999	99.53246	38.036797	141.34232	0.93984336	-100.061066	0.83696437	19500.43677854538
237	512.5	443.00198	967.0	7.0	766.5	382.20212	988.0	0.0	1000.0	1000.0	947999	99.26593	37.451603	139.56732	0.940347	-99.82434	0.86818635	19581.06425333023
238	923.0	36.789944	963.0	869.0	883.7	218.01378	994.0	232.0	1000.0	1000.0	951999	99.40862	37.507008	141.25162	0.94536334	-99.98656	0.85483134	19661.953946113586
239	890.5	78.18088	982.0	801.0	957.1	15.971538	981.0	929.0	1000.0	1000.0	955999	99.65781	37.272472	141.56061	0.7010315	-100.2211	0.7981089	19742.866547346115
240	496.5	467.95004	965.0	0.0	870.0	281.9124	980.0	25.0	1000.0	1000.0	959999	99.91285	37.012424	141.61098	0.5646795	-100.46942	0.7539323	19823.663902282715
241	950.0	7.0356236	958.0	940.0	956.0	16.946976	992.0	937.0	1000.0	1000.0	963999	100.15383	36.826485	141.13087	0.9514426	-100.730125	0.74290496	19904.315864801407
242	740.5	427.57016	996.0	0.0	768.8	384.90747	992.0	0.0	1000.0	1000.0	967999	100.69374	36.938107	140.47139	0.95047724	-101.295235	0.72941035	19985.600434541702
243	692.75	400.47495	945.0	0.0	848.5	283.60226	970.0	0.0	1000.0	1000.0	971999	101.62359	36.748703	141.54292	-0.35266405	-102.21799	0.7716687	20067.067289590836
244	743.25	336.18698	944.0	161.0	954.4	17.51685	983.0	926.0	1000.0	1000.0	975999	101.65805	36.73116	142.97372	-1.1082203	-102.226326	0.80312765	20151.215740442276
245	854.75	111.29325	987.0	697.0	667.9	437.3487	983.0	0.0	1000.0	1000.0	979999	101.85845	36.256996	143.66849	-2.5021026	-102.425644	0.82742333	20232.528535604477
246	869.75	84.915764	941.0	725.0	862.4	288.3266	997.0	0.0	1000.0	1000.0	983999	101.97271	35.73847	144.71353	-3.2782726	-102.56435	0.8620469	20313.714255809784
247	634.0	387.83823	993.0	0.0	770.7	385.01505	988.0	0.0	1000.0	1000.0	987999	102.36653	35.250893	146.10838	-3.3982975	-102.937416	0.8984422	20395.326946020126
248	688.25	398.28406	961.0	2.0	868.3	254.14484	988.0	110.0	1000.0	1000.0	991999	102.22217	36.000847	146.20665	0.49940002	-102.79749	0.9401085	20478.839250802994
249	887.5	111.16092	955.0	695.0	569.8	463.6302	980.0	0.0	1000.0	1000.0	995999	102.9024	37.603573	148.14108	-13.096886	-103.529434	0.9449021	20564.559893369675
250	519.25	443.33078	961.0	0.0	478.1	478.26004	979.0	0.0	1000.0	1000.0	999999	104.16188	38.94709	149.61354	-12.283898	-104.80626	0.93345165	20649.754799365997
251	958.5	8.440971	970.0	949.0	852.2	282.81967	977.0	9.0	1000.0	1000.0	1003999	105.68938	39.79107	150.20996	-15.205657	-106.341095	0.8872047	20735.020304441452
252	731.75	342.34952	960.0	140.0	662.8	432.5702	965.0	0.0	1000.0	1000.0	1007999	106.53366	40.35998	151.3039	-24.163914	-107.16305	0.8488447	20815.69242501259
253	783.0	280.55392	973.0	298.0	678.6	438.02036	997.0	4.0	1000.0	1000.0	1011999	107.53178	40.313393	151.44592	-28.56902	-108.17974	0.84377515	20900.498814821243
254	947.0	6.745369	958.0	941.0	904.8	165.99806	995.0	409.0	1000.0	1000.0	1015999	108.29709	39.475002	151.75023	-37.448204	-108.9222	0.8725701	20981.494262218475
255	715.0	407.66162	961.0	9.0	714.4	382.23715	972.0	4.0	1000.0	1000.0	1019999	109.10108	38.631565	151.34647	-47.748203	-109.72664	0.8821708	21064.61256670952
256	519.75	453.4139	978.0	0.0	524.8	458.39453	981.0	0.0	1000.0	1000.0	1023999	109.86884	38.084343	152.3167	-48.92949	-110.51411	0.87250906	21148.216067314148
257	731.25	355.58008	961.0	117.0	947.8	35.445168	996.0	888.0	1000.0	1000.0	1027999	111.24368	38.052914	153.23871	-38.75222	-111.91191	0.86008286	21230.476583957672
258	727.75	405.76804	970.0	25.0	699.7	379.42722	960.0	0.0	1000.0	1000.0	1031999	112.01346	38.201508	154.31914	-16.312025	-112.65817	0.90924805	21314.35108065605
259	716.0	413.41687	962.0	0.0	762.0	381.20966	976.0	0.0	1000.0	1000.0	1035999	112.72255	37.894478	155.13539	-3.695285	-113.36387	0.88870287	21397.390344381332
260	952.0	21.035685	979.0	926.0	575.7	470.09317	968.0	0.0	1000.0	1000.0	1039999	113.22956	36.56153	154.44756	1.0274991	-113.85818	0.8429484	21482.722712755203
261	954.25	14.480591	972.0	939.0	857.4	286.9506	989.0	0.0	1000.0	1000.0	1043999	113.40943	35.061344	152.84778	1.0271394	-114.03808	0.8236526	21568.07143521309
262	962.0	10.1242285	979.0	953.0	959.5	26.579128	997.0	915.0	1000.0	1000.0	1047999	113.42575	33.80471	151.09683	1.0302987	-114.03256	0.84074867	21652.51692390442
263	955.0	7.17635	964.0	945.0	681.0	415.36465	980.0	0.0	1000.0	1000.0	1051999	113.21029	32.945114	149.92786	1.0280002	-113.80622	0.8519801	21735.776084899902
264	464.0	336.37256	957.0	11.0	594.0	462.78873	987.0	0.0	1000.0	1000.0	1055999	113.49336	32.37419	148.51007	1.0290456	-114.14644	0.8823049	21817.681662082672
265	921.25	41.28786	950.0	850.0	949.7	20.070127	991.0	929.0	1000.0	1000.0	1059999	114.92569	31.726925	147.9302	1.0297518	-115.618484	0.8565785	21897.9253013134
266	755.25	360.667	984.0	131.0	768.8	384.95892	997.0	0.0	1000.0	1000.0	1063999	116.66593	31.750319	149.13332	1.0287484	-117.395256	0.84424347	21978.543400287628
267	759.5	347.98743	975.0	157.0	951.7	22.900002	992.0	904.0	1000.0	1000.0	1067999	118.52344	31.782557	151.23727	1.0194267	-119.26528	0.84392333	22062.739911556244
268	481.5	446.87833	928.0	9.0	897.7	130.20526	969.0	509.0	1000.0	1000.0	1071999	120.75923	30.941402	152.231	1.0098383	-121.52551	0.85018176	22147.511303424835
269	934.0	29.924906	964.0	890.0	858.0	286.34558	980.0	0.0	1000.0	1000.0	1075999	122.43886	30.099808	152.57843	1.0090761	-123.18257	0.8983319	22230.58508682251
270	747.75	327.92102	946.0	180.0	737.8	378.03302	975.0	0.0	1000.0	1000.0	1079999	123.46948	29.691433	154.02084	-20.035847	-124.19555	0.8917492	22314.42120218277
271	722.5	417.3419	981.0	0.0	863.5	288.5038	985.0	0.0	1000.0	1000.0	1083999	124.55964	29.82412	154.59637	-30.069777	-125.29225	0.93371844	22398.13006901741
272	935.0	14.017846	950.0	912.0	768.1	384.21698	981.0	0.0	1000.0	1000.0	1087999	124.68822	29.313059	155.30762	-30.383533	-125.36772	0.9370892	22480.343492031097
273	165.0	200.92163	507.0	0.0	671.5	439.9855	994.0	0.0	1000.0	1000.0	1091999	124.4433	28.419147	155.42061	-24.573036	-125.11397	0.9398099	22562.970980405807
274	850.75	71.4051	951.0	766.0	770.5	385.41855	983.0	0.0	1000.0	1000.0	1095999	124.09285	27.521206	154.45145	-30.834154	-124.758316	0.9697733	22645.00897359848
275	879.5	128.53891	974.0	658.0	788.8	338.03073	990.0	7.0	1000.0	1000.0	1099999	123.50218	26.389294	153.30576	-22.09306	-124.133606	0.9182739	22729.072345733643
276	722.0	416.8531	965.0	0.0	754.3	377.66202	988.0	0.0	1000.0	1000.0	1103999	122.87763	25.72159	152.05934	-24.027527	-123.52064	0.89541197	22809.756049394608
277	487.0	339.48343	960.0	0.0	645.0	363.9228	995.0	0.0	1000.0	1000.0	1107999	122.41374	24.822573	152.31023	-13.492249	-123.05241	0.8615641	22890.17541694641
278	915.25	39.98359	951.0	848.0	787.6	354.0297	991.0	7.0	1000.0	1000.0	1111999	122.01486	24.057701	152.29544	1.0408461	-122.63197	0.8648026	22971.300992012024
279	714.75	411.4258	984.0	3.0	629.7	421.67383	997.0	0.0	1000.0	1000.0	1115999	121.46914	23.10698	150.75623	1.0414282	-122.0869	0.8347247	23053.56089901924
280	711.25	259.3293	925.0	282.0	625.5	431.77777	996.0	0.0	1000.0	1000.0	1119999	121.06871	21.768911	146.72202	1.0421218	-121.68872	0.8221539	23138.705127954483
281	797.0	226.67929	961.0	411.0	832.1	179.20795	969.0	496.0	1000.0	1000.0	1123999	120.53762	21.640516	144.90489	7.0258865	-121.15388	0.85753465	23222.561995983124
282	471.5	471.57635	955.0	0.0	736.6	388.34808	1000.0	0.0	1000.0	1000.0	1127999	120.30413	21.974125	146.4777	-5.158399	-120.92933	0.8809841	23302.936432361603
283	875.75	78.1389	947.0	745.0	648.7	423.6756	971.0	3.0	1000.0	1000.0	1131999	120.14668	22.038507	146.68254	-11.891341	-120.76739	0.86373585	23385.92752432823
284	881.5	136.64278	966.0	645.0	498.7	463.75662	977.0	0.0	1000.0	1000.0	1135999	120.0146	21.23741	147.53044	-7.964624	-120.62905	0.89299977	23471.067809343338
285	248.75	429.69373	993.0	0.0	260.6	386.59366	949.0	2.0	1000.0	1000.0	1139999	120.21497	20.702904	147.55962	-6.602778	-120.85081	0.88509876	23554.99279332161
286	304.5	389.177	954.0	0.0	390.7	470.44873	994.0	0.0	1000.0	1000.0	1143999	120.48384	20.564373	156.43616	-15.531521	-121.109955	0.8514071	23635.782316684723
287	471.75	471.8328	956.0	0.0	694.2	419.69604	991.0	0.0	1000.0	1000.0	1147999	120.2802	20.10237	157.89006	-19.982876	-120.896126	0.8766566	23718.52630853653
288	240.75	406.6653	945.0	0.0	556.4	457.44995	976.0	0.0	1000.0	1000.0	1151999	120.1334	19.793444	146.58192	-29.192646	-120.74162	0.8806876	23803.74652171135
289	252.25	410.56204	963.0	0.0	448.3	455.4743	986.0	0.0	1000.0	1000.0	1155999	119.99835	19.325003	147.04236	-28.41948	-120.59419	0.9224122	23889.042179584503
290	801.25	284.95822	997.0	309.0	605.6	431.45157	965.0	0.0	1000.0	1000.0	1159999	119.81129	18.654865	147.03444	-26.56617	-120.40047	0.9391669	23974.396881341934
291	282.25	340.28766	837.0	0.0	575.2	457.0483	975.0	0.0	1000.0	1000.0	1163999	119.47021	18.42495	146.62363	-24.321743	-120.07843	0.9333465	24059.683265686035
292	680.75	394.0256	965.0	8.0	376.0	460.45825	969.0	0.0	1000.0	1000.0	1167999	119.7111	18.424421	146.2875	30.985106	-120.338455	0.9151657	24144.933148384094
293	728.0	412.44092	981.0	14.0	659.5	429.8298	970.0	0.0	1000.0	1000.0	1171999	120.13357	18.575808	145.5662	21.29916	-120.74505	0.89493823	24230.227682590485
294	742.0	345.9747	972.0	144.0	830.7	264.27148	959.0	81.0	1000.0	1000.0	1175999	119.86569	18.415192	143.23596	6.6730494	-120.44307	0.89122385	24310.961010217667
295	481.25	433.50974	926.0	4.0	480.9	478.36627	992.0	0.0	1000.0	1000.0	1179999	119.51012	18.40846	141.19012	13.784493	-120.099205	0.8891448	24391.5377099514
296	800.0	172.07556	948.0	524.0	535.5	436.93277	960.0	0.0	1000.0	1000.0	1183999	119.34733	18.502768	141.32216	19.32855	-119.94075	0.9705884	24473.47036600113
297	748.75	163.2703	931.0	539.0	415.5	433.2905	951.0	0.0	1000.0	1000.0	1187999	119.32051	18.77561	140.98569	14.579601	-119.885284	0.94748396	24558.77621269226
298	683.75	350.41644	957.0	93.0	725.6	389.49155	987.0	0.0	1000.0	1000.0	1191999	118.44274	18.726597	142.04079	7.0703316	-118.963806	0.90338045	24644.20228910446
299	762.0	146.54181	964.0	584.0	944.3	25.923157	993.0	907.0	1000.0	1000.0	1195999	117.59113	18.49742	143.52527	12.318871	-118.130684	0.9203927	24729.51275396347
300	775.5	226.90361	983.0	432.0	957.3	19.084286	988.0	929.0	1000.0	1000.0	1199999	117.72236	18.053484	144.88617	13.234941	-118.32317	0.99285996	24815.02340745926
301	418.5	366.49728	872.0	4.0	574.8	361.48993	983.0	0.0	1000.0	1000.0	1203999	118.27392	17.507498	145.56992	38.606934	-118.86535	1.0246894	24896.206670999527
302	672.75	303.4167	951.0	218.0	757.8	379.12527	967.0	0.0	1000.0	1000.0	1207999	118.89187	17.4053	147.84338	40.283752	-119.51684	0.9851543	24979.70164656639
303	919.75	96.43748	994.0	755.0	767.2	382.32913	990.0	0.0	1000.0	1000.0	1211999	119.51682	17.651443	148.64563	39.278736	-120.11403	0.95651186	25063.910134792328
304	951.75	13.663363	969.0	931.0	840.9	284.6357	996.0	2.0	1000.0	1000.0	1215999	119.71295	18.172838	147.85666	41.229996	-120.28519	0.8746953	25144.701622247696
305	925.5	84.90141	986.0	779.0	576.1	461.14474	980.0	0.0	1000.0	1000.0	1219999	120.21977	18.903147	148.65662	36.20421	-120.86397	0.8796083	25229.9396777153
306	676.0	222.94954	966.0	362.0	829.1	281.7731	990.0	0.0	1000.0	1000.0	1223999	121.30486	18.750996	148.76839	17.926085	-121.922	0.8318424	25311.811022520065
307	522.25	432.26865	968.0	0.0	386.1	472.49924	979.0	0.0	1000.0	1000.0	1227999	121.37597	18.300503	146.73915	17.071745	-121.98005	0.8398815	25392.728079319
308	732.75	331.87225	961.0	162.0	671.1	439.57034	990.0	0.0	1000.0	1000.0	1231999	122.40626	18.280668	152.60924	17.798525	-123.07953	0.87834466	25475.581599235535
309	463.5	463.3646	966.0	0.0	575.7	457.55548	991.0	2.0	1000.0	1000.0	1235999	123.58185	17.941782	148.3976	22.732204	-124.24499	0.84288865	25559.93878507614
310	563.75	418.53458	969.0	0.0	605.8	350.26556	996.0	0.0	1000.0	1000.0	1239999	125.06499	18.495855	151.95583	27.519156	-125.77634	0.8300256	25644.872886657715
311	463.0	454.43866	997.0	0.0	507.5	454.52332	980.0	0.0	1000.0	1000.0	1243999	126.49075	19.630577	156.32295	17.863274	-127.184074	0.8279741	25728.550137758255
312	721.0	416.5105	984.0	0.0	730.8	378.12506	994.0	0.0	1000.0	1000.0	1247999	127.12038	19.677603	157.65381	17.134356	-127.77811	0.81252354	25808.88543200493
313	472.5	471.1128	958.0	0.0	474.3	474.80902	996.0	0.0	1000.0	1000.0	1251999	127.71439	20.114536	158.46346	9.25191	-128.39284	0.84206843	25889.122061491013
314	740.25	365.90598	991.0	108.0	585.4	450.9672	982.0	0.0	1000.0	1000.0	1255999	127.81017	20.352293	158.53517	12.766293	-128.43813	0.844584	25972.869386434555
315	913.75	51.353554	964.0	846.0	856.1	286.1012	984.0	0.0	1000.0	1000.0	1259999	127.59392	20.360826	159.47984	22.946604	-128.2463	0.8622168	26055.854316473007
316	579.5	365.0387	937.0	4.0	946.5	22.787058	972.0	906.0	1000.0	1000.0	1263999	127.62551	20.142029	159.02477	8.0862665	-128.24393	0.8532546	26139.347126722336
317	704.25	410.2611	990.0	0.0	811.7	312.85303	994.0	0.0	1000.0	1000.0	1267999	127.3497	19.518045	157.5141	19.57205	-127.991844	0.89766777	26220.76176047325
318	705.5	407.392	953.0	0.0	709.3	380.01263	979.0	0.0	1000.0	1000.0	1271999	127.24602	19.289364	154.39368	14.549035	-127.86255	0.8946771	26301.036811828613
319	382.25	306.96448	825.0	42.0	616.4	390.94226	977.0	5.0	1000.0	1000.0	1275999	127.21319	18.996542	151.49011	18.597439	-127.89667	0.8807466	26380.901120901108
320	908.5	29.945784	931.0	857.0	704.1	330.2888	993.0	7.0	1000.0	1000.0	1279999	128.46414	19.321274	152.10667	30.750172	-129.18422	0.88939524	26461.354356765747
321	917.0	53.935146	954.0	824.0	797.7	309.63724	987.0	16.0	1000.0	1000.0	1283999	129.84589	19.425207	153.75446	39.88477	-130.55287	0.88469666	26541.583907604218
322	473.5	447.23288	931.0	9.0	598.9	436.02832	963.0	4.0	1000.0	1000.0	1287999	130.07013	19.31822	155.32027	21.369375	-130.7177	0.8783195	26621.932653665543
323	899.0	69.82478	953.0	780.0	864.4	286.27652	992.0	7.0	1000.0	1000.0	1291999	129.75333	19.374872	155.34401	21.889187	-130.39822	0.8117868	26702.11532139778
324	708.75	390.35776	967.0	34.0	951.7	22.118093	980.0	902.0	1000.0	1000.0	1295999	129.39896	19.203169	154.28471	21.577673	-130.02002	0.7466698	26782.375097990036
325	413.25	401.68542	955.0	15.0	573.1	466.0194	975.0	1.0	1000.0	1000.0	1299999	129.03558	19.165884	152.39113	28.43189	-129.6757	0.74506384	26862.61496925354
326	721.25	336.76355	948.0	139.0	803.5	306.82706	995.0	0.0	1000.0	1000.0	1303999	128.86197	19.042068	154.46265	31.051783	-129.48167	0.7781017	26946.71549963951
327	500.0	399.85623	967.0	43.0	521.9	454.28787	980.0	0.0	1000.0	1000.0	1307999	128.42316	19.059591	153.62643	19.63195	-129.0424	0.7786295	27031.672046661377
328	599.75	337.2109	949.0	48.0	444.0	441.7085	992.0	0.0	1000.0	1000.0	1311999	128.53703	19.427885	155.46683	18.628214	-129.19925	0.79362607	27115.09273791313
329	506.25	345.62	974.0	1.0	579.3	469.38538	978.0	0.0	1000.0	1000.0	1315999	129.18169	19.786251	155.11736	26.807495	-129.84283	0.81553954	27195.465809345245
330	341.75	375.7568	946.0	6.0	738.0	376.5897	966.0	0.0	1000.0	1000.0	1319999	129.82185	20.462698	155.60274	28.254705	-130.49083	0.86561024	27279.43441915512
331	715.0	413.2475	984.0	0.0	571.8	464.22943	991.0	0.0	1000.0	1000.0	1323999	130.48103	20.343437	158.02592	15.391746	-131.16919	0.87018764	27364.363414287567
332	481.75	476.35406	972.0	4.0	784.5	331.7714	987.0	0.0	1000.0	1000.0	1327999	130.76588	19.429134	158.2551	26.32527	-131.39922	0.76664656	27447.55749821663
333	612.25	371.21515	951.0	0.0	755.2	374.16193	999.0	0.0	1000.0	1000.0	1331999	130.16423	19.180584	158.39357	17.988422	-130.77458	0.79088527	27529.088255167007
334	473.25	470.32507	955.0	0.0	578.5	457.80264	974.0	7.0	1000.0	1000.0	1335999	129.5182	18.521269	157.23769	33.543167	-130.11401	0.76604027	27614.01893734932
335	822.75	195.88437	955.0	486.0	821.5	291.93637	982.0	10.0	1000.0	1000.0	1339999	128.74513	17.718708	154.7725	9.473615	-129.33452	0.74421495	27695.20341515541
336	698.75	403.477	942.0	0.0	754.5	378.60858	971.0	0.0	1000.0	1000.0	1343999	127.53873	16.788	151.29688	20.055775	-128.07808	0.6946255	27775.67997789383
337	481.75	479.82098	973.0	0.0	192.7	381.71927	971.0	0.0	1000.0	1000.0	1347999	126.11807	16.224453	148.82117	16.002838	-126.648476	0.6772532	27856.01257777214
338	655.5	387.16437	949.0	0.0	717.3	384.03128	976.0	1.0	1000.0	1000.0	1351999	125.03521	15.80205	156.00282	16.288769	-125.57963	0.6941123	27936.31198644638
339	246.5	418.30283	971.0	0.0	608.0	422.41046	980.0	0.0	1000.0	1000.0	1355999	124.48425	15.576474	146.74002	33.772713	-125.04844	0.73454773	28016.231073379517
340	483.25	426.5931	930.0	0.0	486.4	468.99725	988.0	0.0	1000.0	1000.0	1359999	124.07331	16.13869	155.19003	1.112486	-124.64798	0.8417715	28100.065185070038
341	493.0	392.96884	978.0	0.0	673.4	440.23407	993.0	0.0	1000.0	1000.0	1363999	123.99818	17.25746	148.6079	1.1098578	-124.56313	0.8475038	28181.36878800392
342	560.0	403.5071	974.0	50.0	482.5	482.00565	998.0	0.0	1000.0	1000.0	1367999	123.79389	18.221006	148.8383	1.1128665	-124.367355	0.8289666	28266.427030086517
343	468.5	468.7582	959.0	0.0	678.1	444.06653	993.0	0.0	1000.0	1000.0	1371999	124.0915	18.610092	194.13681	-8.200212	-124.692085	0.8185153	28349.567314863205
344	239.25	414.39316	957.0	0.0	396.6	453.61133	969.0	0.0	1000.0	1000.0	1375999	123.92168	19.218748	186.5666	-41.19341	-124.49645	0.7729296	28429.86732029915
345	376.0	398.5116	946.0	0.0	947.0	33.457436	993.0	873.0	1000.0	1000.0	1379999	123.79541	17.022697	175.65518	-16.250063	-124.367355	0.71229124	28513.607656002045
346	340.5	394.23438	962.0	0.0	212.9	338.55057	957.0	0.0	1000.0	1000.0	1383999	123.4215	16.01924	169.38931	-4.883173	-123.96431	0.7589329	28598.7268948555
347	310.5	392.69614	961.0	0.0	339.3	434.8218	980.0	0.0	1000.0	1000.0	1387999	122.89054	15.693047	165.94032	1.1243334	-123.44531	0.76124537	28683.669731855392
348	254.25	386.82837	922.0	0.0	427.3	444.0545	977.0	0.0	1000.0	1000.0	1391999	122.38902	16.612764	174.6054	1.1208082	-122.941925	0.75921553	28763.958379745483
349	255.25	415.972	975.0	0.0	578.5	470.77878	990.0	0.0	1000.0	1000.0	1395999	122.30303	17.587357	158.28473	1.1206275	-122.86086	0.7666392	28844.741800308228
350	697.75	404.66675	975.0	0.0	501.5	463.53473	978.0	0.0	1000.0	1000.0	1399999	122.17764	18.353628	150.2164	1.1246811	-122.75251	0.8124093	28929.590302705765
351	571.0	368.71872	975.0	0.0	766.0	383.20203	978.0	0.0	1000.0	1000.0	1403999	123.03021	19.468643	157.9112	1.1302569	-123.66539	0.82980245	29014.365257263184
352	854.25	164.02953	967.0	571.0	535.8	457.3084	987.0	0.0	1000.0	1000.0	1407999	124.13286	19.840487	157.02254	1.1417606	-124.75137	0.74438804	29095.29887533188
353	440.0	439.85565	989.0	5.0	768.3	380.26782	991.0	0.0	1000.0	1000.0	1411999	124.78409	19.957481	155.79451	-4.5465136	-125.38259	0.70158774	29177.375236034393
354	430.25	429.93393	945.0	4.0	289.2	436.65222	979.0	0.0	1000.0	1000.0	1415999	124.5876	20.08448	156.07706	1.1443926	-125.15417	0.67002094	29262.205415725708
355	644.75	289.76834	958.0	316.0	838.7	237.02534	976.0	309.0	1000.0	1000.0	1419999	124.82017	20.36266	157.16049	-22.619358	-125.432076	0.70416254	29347.030623435974
356	375.5	342.0559	948.0	41.0	495.6	477.44324	998.0	0.0	1000.0	1000.0	1423999	125.82063	20.994183	159.74612	-41.074566	-126.46738	0.71644217	29431.84533405304
357	587.0	363.50308	958.0	120.0	433.5	440.952	983.0	0.0	1000.0	1000.0	1427999	126.52105	21.418636	161.1158	-47.00142	-127.13712	0.72219557	29513.063330173492
358	933.0	66.550735	992.0	820.0	440.1	456.04724	993.0	0.0	1000.0	1000.0	1431999	126.57945	21.20068	162.62619	-60.32642	-127.167816	0.74572045	29593.161756277084
359	860.5	155.00081	979.0	594.0	863.2	288.18945	990.0	0.0	1000.0	1000.0	1435999	126.45765	20.274714	162.11555	-60.21901	-127.058075	0.7673374	29676.877485990524
360	774.25	309.79056	988.0	239.0	811.8	296.28595	979.0	34.0	1000.0	1000.0	1439999	126.33556	19.592274	161.1949	-71.730034	-126.91749	0.7938894	29759.977375268936
361	677.75	353.48434	927.0	72.0	619.5	426.40738	980.0	0.0	1000.0	1000.0	1443999	126.04336	19.13456	161.83188	-38.818	-126.61707	0.7985503	29842.15792942047
362	491.0	449.0039	963.0	8.0	574.4	400.55142	977.0	0.0	1000.0	1000.0	1447999	125.91778	19.241653	162.12646	-29.29019	-126.51662	0.77064985	29924.310449123383
363	8.25	3.49106	13.0	4.0	458.9	387.4727	958.0	0.0	1000.0	1000.0	1451999	126.13943	19.78699	163.46994	-31.803766	-126.75634	0.7887523	30009.13598537445
364	700.0	403.25116	953.0	2.0	896.6	143.74435	992.0	472.0	1000.0	1000.0	1455999	126.10566	20.485678	163.44899	1.161357	-126.67599	0.7627164	30090.310055732727
365	848.75	136.41733	968.0	624.0	665.5	381.4953	1000.0	0.0	1000.0	1000.0	1459999	125.76835	20.461855	162.53423	1.162846	-126.36078	0.7121462	30174.97998356819
366	580.75	389.3696	969.0	10.0	402.7	400.0155	976.0	0.0	1000.0	1000.0	1463999	125.51169	20.157183	161.88742	1.1635919	-126.080505	0.70765686	30259.816514968872
367	434.0	328.613	952.0	52.0	598.4	450.43427	983.0	0.0	1000.0	1000.0	1467999	125.0524	19.690659	161.98119	0.16091406	-125.61616	0.70171905	30344.672366142273
368	852.5	141.4187	988.0	629.0	561.1	455.7913	994.0	0.0	1000.0	1000.0	1471999	123.86064	19.242014	160.55367	1.1610886	-124.365685	0.6936586	30429.59734725952
369	831.75	142.37341	948.0	588.0	556.8	418.4086	988.0	0.0	1000.0	1000.0	1475999	122.61407	18.802952	158.71658	1.1572452	-123.13346	0.74679446	30514.508338689804
370	126.25	218.67142	505.0	0.0	520.6	449.67395	980.0	0.0	1000.0	1000.0	1479999	122.35874	18.047293	157.76186	1.1571717	-122.94069	0.79343235	30595.602355718613
371	664.75	337.2272	965.0	128.0	378.8	459.9369	960.0	0.0	1000.0	1000.0	1483999	122.84095	17.850763	155.08606	1.1619697	-123.43027	0.8470635	30671.82981610298
372	349.0	362.07803	859.0	0.0	758.9	376.69336	973.0	0.0	1000.0	1000.0	1487999	123.3533	18.21678	154.01923	1.167088	-123.99725	0.9550024	30748.17872619629
373	436.75	412.7114	954.0	0.0	567.2	463.302	976.0	0.0	1000.0	1000.0	1491999	125.22879	18.864897	151.9346	1.1702442	-125.88937	0.973489	30824.870698213577
374	238.0	410.49664	949.0	0.0	905.7	83.57398	972.0	741.0	1000.0	1000.0	1495999	126.34351	19.034807	148.49652	1.1828295	-126.991684	0.98908854	30901.124012708664
375	485.25	474.91125	974.0	0.0	483.1	483.16278	988.0	0.0	1000.0	1000.0	1499999	127.4535	18.829996	150.79198	1.1952734	-128.12373	0.96664023	30977.79337954521
376	241.25	416.70337	963.0	0.0	670.0	433.53616	975.0	0.0	1000.0	1000.0	1503999	128.19946	19.14069	152.44345	-0.46447504	-128.86363	0.99207056	31054.144953727722
377	594.0	372.9055	958.0	10.0	233.9	371.36273	928.0	0.0	1000.0	1000.0	1507999	128.79488	19.82711	161.65675	-308.67123	-129.42802	1.665364	31130.555629968643
378	655.75	385.28973	991.0	0.0	290.4	416.317	979.0	0.0	1000.0	1000.0	1511999	128.70177	20.278456	163.93849	-411.46948	-129.32407	2.3849106	31206.636967658997
379	731.0	250.60028	986.0	352.0	548.6	442.60144	970.0	0.0	1000.0	1000.0	1515999	129.24133	19.8274	162.06813	-213.90459	-129.92055	1.3876911	31283.46732378006
380	670.5	393.97748	971.0	3.0	576.2	469.96466	994.0	0.0	1000.0	1000.0	1519999	129.71893	18.94758	263.05853	-226.21597	-130.3305	2.8063252	31366.593008756638
381	234.75	403.14227	933.0	0.0	742.5	377.87518	998.0	0.0	1000.0	1000.0	1523999	129.8243	18.631678	166.02357	-169.72464	-130.48044	1.2526869	31444.21179986
382	250.0	409.01038	958.0	0.0	191.4	382.81284	964.0	0.0	1000.0	1000.0	1527999	130.54987	18.182467	271.59293	-205.06386	-131.21375	2.1129005	31520.740316152573
383	457.5	458.60522	960.0	0.0	289.6	439.5762	975.0	0.0	1000.0	1000.0	1531999	131.12541	18.870739	170.80621	-221.52934	-131.81006	1.3058139	31597.12584042549
384	481.5	479.50885	965.0	1.0	575.4	471.53265	992.0	0.0	1000.0	1000.0	1535999	131.88033	19.809212	159.49757	-257.02	-132.57275	1.5540552	31673.577485084534
385	732.25	416.64456	991.0	11.0	286.0	436.69278	968.0	0.0	1000.0	1000.0	1539999	131.64679	21.241035	158.1721	-157.50684	-132.24529	1.9310056	31749.803118944168
386	495.0	489.5217	988.0	0.0	199.4	381.77774	964.0	0.0	1000.0	1000.0	1543999	130.40334	21.931904	153.66214	-140.8022	-130.99385	1.267053	31827.58595752716
387	498.75	489.3145	994.0	0.0	394.2	459.94125	978.0	0.0	1000.0	1000.0	1547999	129.33224	22.303286	154.62808	-167.58813	-129.9044	1.300814	31907.8082549572
388	736.0	424.9688	987.0	0.0	475.6	474.64453	995.0	0.0	1000.0	1000.0	1551999	128.25935	22.016544	153.37244	-113.09155	-128.81636	1.2008301	31984.930718660355
389	448.5	450.9953	964.0	0.0	382.8	466.4086	964.0	0.0	1000.0	1000.0	1555999	127.19107	22.083508	153.38855	-171.22911	-127.757454	1.2453189	32065.539365768433
390	268.75	399.22385	955.0	0.0	954.4	28.555912	1000.0	910.0	1000.0	1000.0	1559999	126.26909	22.954287	152.44226	-121.73361	-126.82324	1.1821266	32147.04030895233
391	584.0	231.3882	948.0	364.0	665.4	428.9369	985.0	0.0	1000.0	1000.0	1563999	125.57297	22.915495	151.5722	-156.62036	-126.12349	1.4333804	32226.58708500862
392	593.0	375.75192	971.0	156.0	577.1	442.7219	985.0	0.0	1000.0	1000.0	1567999	125.02936	21.848463	150.96733	-65.16268	-125.563484	1.3885057	32304.63533639908
393	331.5	379.55795	935.0	0.0	514.2	442.65308	983.0	0.0	1000.0	1000.0	1571999	124.34392	20.931719	148.95412	-75.410576	-124.88891	1.2744519	32387.876321792603
394	351.5	403.0791	982.0	0.0	740.3	371.12964	976.0	0.0	1000.0	1000.0	1575999	124.09732	20.230568	163.31328	-73.34667	-124.67302	1.211151	32467.79404234886
395	359.75	401.3056	971.0	0.0	569.7	463.01813	992.0	0.0	1000.0	1000.0	1579999	124.44829	19.760859	164.6803	-45.249397	-125.024315	1.3990428	32544.038628339767
396	941.0	23.184046	968.0	917.0	736.7	372.5561	971.0	0.0	1000.0	1000.0	1583999	124.40443	20.482845	171.82677	-147.68492	-124.97028	1.5847014	32619.695527791977
397	731.25	415.86618	978.0	11.0	656.4	428.27286	990.0	3.0	1000.0	1000.0	1587999	124.38644	21.380445	169.30588	-151.45235	-124.940674	1.526026	32698.438344478607
398	877.75	86.566086	971.0	756.0	579.6	471.9473	985.0	0.0	1000.0	1000.0	1591999	124.46334	21.952923	168.38838	-205.70201	-125.04262	1.2589638	32775.51453590393
399	478.0	477.25412	977.0	0.0	584.3	476.5866	994.0	0.0	1000.0	1000.0	1595999	125.09285	22.611937	166.08072	-117.91288	-125.69819	1.1753308	32854.980869054794
400	422.0	375.55957	935.0	3.0	360.6	404.45895	977.0	0.0	1000.0	1000.0	1599999	125.44385	22.661243	174.09	-106.55214	-126.02558	1.2009231	32937.72807741165
401	546.0	403.5765	952.0	2.0	791.0	293.4706	974.0	0.0	1000.0	1000.0	1603999	125.41053	22.267658	179.16159	-122.36936	-125.967094	1.2283692	33015.61135864258
402	714.0	412.89404	990.0	0.0	420.1	442.3312	982.0	0.0	1000.0	1000.0	1607999	125.31536	22.667862	186.71487	-122.56461	-125.8962	1.2633723	33096.92261314392
403	222.0	384.5153	888.0	0.0	563.3	458.73325	961.0	0.0	1000.0	1000.0	1611999	125.89606	22.483032	188.82756	-141.01651	-126.51527	1.3139807	33179.98300361633
404	706.25	393.02887	972.0	27.0	340.0	439.52588	982.0	0.0	1000.0	1000.0	1615999	126.7291	22.250433	180.48708	-219.5787	-127.34491	1.2998822	33262.94184398651
405	406.0	409.78348	907.0	0.0	576.3	470.72882	987.0	0.0	1000.0	1000.0	1619999	127.41603	21.627512	176.55693	-150.33318	-128.07617	1.2837107	33345.85714149475
406	241.5	344.5537	834.0	5.0	284.7	381.09238	976.0	0.0	1000.0	1000.0	1623999	128.91357	20.408636	272.33936	-159.31372	-129.66954	1.7248162	33429.19073319435
407	238.0	412.2281	952.0	0.0	388.9	471.64972	979.0	0.0	1000.0	1000.0	1627999	132.90067	24.174673	284.426	-125.75969	-133.84286	1.327958	33512.23347783089
408	209.75	333.40094	786.0	0.0	195.8	387.88058	979.0	0.0	1000.0	1000.0	1631999	137.00305	26.87568	233.3423	-129.0158	-137.86465	1.4626145	33595.352984428406
409	239.5	414.82617	958.0	0.0	185.9	371.5038	969.0	0.0	1000.0	1000.0	1635999	138.28703	26.764078	228.50496	-90.623825	-139.03423	1.2230542	33673.532329797745
410	0.75	1.299038	3.0	0.0	46.9	140.0346	467.0	0.0	1000.0	1000.0	1639999	139.51358	26.722597	194.72661	-99.4558	-140.32626	1.2233531	33755.81181240082
411	487.5	300.28696	799.0	0.0	191.3	382.73233	979.0	0.0	1000.0	1000.0	1643999	138.7434	25.173988	198.86665	-123.54339	-139.33907	1.111772	33838.680391550064
412	275.25	376.6015	914.0	0.0	193.1	383.222	967.0	0.0	1000.0	1000.0	1647999	135.4836	23.446138	192.04268	-127.29697	-136.00525	1.2550843	33921.70224070549
413	549.5	349.47137	955.0	3.0	704.9	379.17368	976.0	0.0	1000.0	1000.0	1651999	132.80519	22.851418	174.44453	-114.52788	-133.38928	1.1337652	34001.578021764755
414	504.75	444.8041	972.0	0.0	284.6	431.42584	988.0	0.0	1000.0	1000.0	1655999	131.78378	22.16924	165.64131	-98.37265	-132.409	1.2214657	34082.65852022171
415	379.5	380.51184	943.0	1.0	619.8	349.8545	980.0	0.0	1000.0	1000.0	1659999	131.30434	21.752724	173.43565	-72.57236	-131.93175	1.1360157	34165.876749038696
416	434.0	434.87527	907.0	0.0	577.5	471.0563	993.0	0.0	1000.0	1000.0	1663999	130.7423	22.018286	175.57764	-67.244385	-131.34378	1.1314903	34249.23845863342
417	731.75	159.54839	881.0	463.0	349.9	413.8334	970.0	0.0	1000.0	1000.0	1667999	129.57951	22.377478	173.7164	-69.6026	-130.14845	1.0386928	34331.99920153618
418	459.75	457.80148	927.0	0.0	434.9	453.5446	979.0	0.0	1000.0	1000.0	1671999	128.52176	22.645023	156.13567	-64.377754	-129.10362	1.0298263	34415.43301439285
419	629.25	367.83582	933.0	0.0	373.3	457.47504	971.0	0.0	1000.0	1000.0	1675999	127.61377	22.231308	153.1359	-44.72998	-128.16017	1.044895	34495.91610240936
420	454.5	451.9151	946.0	0.0	847.3	282.92935	990.0	3.0	1000.0	1000.0	1679999	126.37212	21.843424	148.82181	-31.401646	-126.92782	1.06344	34572.59385371208
421	538.25	242.14394	897.0	221.0	930.1	63.160824	984.0	751.0	1000.0	1000.0	1683999	126.28616	21.455889	151.35577	-2.3821783	-126.90352	1.0012723	34649.356674194336
422	661.0	388.54666	962.0	0.0	506.0	432.78864	989.0	0.0	1000.0	1000.0	1687999	126.45548	22.08915	158.91234	-3.4456584	-127.05844	0.9367293	34731.518390893936
423	829.75	137.20126	961.0	616.0	373.2	354.69644	963.0	0.0	1000.0	1000.0	1691999	126.42239	22.205835	169.60367	-22.006256	-127.017426	0.955278	34814.571811914444
424	655.0	298.5473	924.0	169.0	378.0	463.15332	972.0	0.0	1000.0	1000.0	1695999	126.87257	21.95009	169.4513	-29.596094	-127.50426	1.204508	34896.65234231949
425	205.5	340.52643	795.0	0.0	572.1	464.29163	1000.0	0.0	1000.0	1000.0	1699999	126.43976	22.31904	170.66728	-51.235836	-126.99725	1.1351707	34972.942683935165
426	707.0	408.19666	945.0	0.0	654.7	429.41565	1000.0	0.0	1000.0	1000.0	1703999	126.09928	22.20452	176.19499	-81.62337	-126.69978	1.0976521	35045.2458987236
427	2.5	4.3301272	10.0	0.0	198.3	377.33725	966.0	0.0	1000.0	1000.0	1707999	125.61352	21.703608	186.17137	-43.587696	-126.18783	1.2297043	35118.57030582428
428	335.5	386.11688	967.0	0.0	369.2	445.5403	954.0	0.0	1000.0	1000.0	1711999	125.78748	20.801895	192.38853	-7.3663154	-126.42043	1.3088111	35190.20415377617
429	756.0	353.96185	969.0	143.0	388.4	473.66196	999.0	0.0	1000.0	1000.0	1715999	126.53779	20.399214	181.01962	1.7562675	-127.17485	1.1405694	35261.98315620422
430	0.0	0.0	0.0	0.0	282.6	431.30783	952.0	0.0	1000.0	1000.0	1719999	127.07964	21.046928	189.8838	-29.563957	-127.736855	1.1709566	35333.855088710785
431	487.25	485.75168	974.0	0.0	325.2	386.8335	976.0	0.0	1000.0	1000.0	1723999	128.17776	22.437132	277.69495	-44.11653	-128.86922	1.2875577	35405.62961125374
432	490.25	455.94537	952.0	0.0	195.9	391.61548	995.0	0.0	1000.0	1000.0	1727999	129.49654	21.906311	254.61058	-40.881058	-130.16736	1.0947217	35477.446150541306
433	725.75	419.0217	972.0	0.0	304.6	434.2258	975.0	0.0	1000.0	1000.0	1731999	129.81885	21.212973	260.2264	-20.682467	-130.46085	0.9714599	35549.074058294296
434	246.5	405.30823	948.0	0.0	290.9	442.09033	989.0	0.0	1000.0	1000.0	1735999	129.33443	20.376532	274.7144	-26.792904	-129.92308	0.96197087	35620.87245512009
435	241.0	414.5425	959.0	0.0	326.4	378.5404	975.0	0.0	1000.0	1000.0	1739999	127.74581	19.59916	242.83789	-14.164307	-128.29369	1.0066965	35692.474262952805
436	604.0	344.92245	967.0	36.0	444.4	445.85022	989.0	0.0	1000.0	1000.0	1743999	126.68026	19.059538	255.94397	-5.5431166	-127.26073	0.9624819	35764.21703529358
437	487.5	487.5046	978.0	0.0	8.0	22.698017	76.0	0.0	1000.0	1000.0	1747999	125.88811	18.547564	246.06902	1.8227607	-126.42383	0.9657705	35841.33833312988
438	334.75	386.01126	962.0	0.0	273.0	371.91827	958.0	0.0	1000.0	1000.0	1751999	124.29906	18.822632	209.29327	-13.510308	-124.81423	0.96294415	35913.27592086792
439	237.75	411.79507	951.0	0.0	380.6	416.60394	975.0	0.0	1000.0	1000.0	1755999	123.49282	18.969133	147.14043	-7.666411	-124.062065	0.98696244	35985.38219690323
440	238.5	413.09412	954.0	0.0	96.9	287.38214	959.0	0.0	1000.0	1000.0	1759999	123.27862	19.298784	144.33418	-24.203281	-123.85712	0.86516106	36058.996118068695
441	91.25	158.04964	365.0	0.0	474.2	474.31168	964.0	0.0	1000.0	1000.0	1763999	123.17015	19.55001	145.17644	-25.964083	-123.74928	0.98912793	36140.89451313019
442	825.25	270.93115	984.0	356.0	303.5	428.97046	970.0	0.0	1000.0	1000.0	1767999	122.98894	20.208921	226.43001	-0.41982126	-123.54388	1.0190172	36218.48178887367
443	711.75	410.9972	961.0	0.0	733.5	368.43405	970.0	0.0	1000.0	1000.0	1771999	122.2779	21.146843	143.35835	1.9027331	-122.82785	0.8050509	36291.219332933426
444	685.5	388.9714	996.0	32.0	671.9	440.13553	978.0	0.0	1000.0	1000.0	1775999	122.09443	21.99828	144.4308	-40.115005	-122.67856	0.88638645	36371.921209812164
445	651.75	357.69986	985.0	126.0	669.7	438.80908	985.0	0.0	1000.0	1000.0	1779999	122.53576	22.705484	147.72519	1.9127533	-123.126595	0.93042046	36446.77197647095
446	572.0	415.24933	984.0	0.0	757.0	379.29407	988.0	0.0	1000.0	1000.0	1783999	122.9639	23.3829	145.60771	-2.5074382	-123.59728	0.9032049	36518.93110179901
447	906.5	72.07808	955.0	782.0	838.3	276.29297	990.0	13.0	1000.0	1000.0	1787999	124.12759	23.194073	146.15643	-23.43445	-124.75934	1.0381254	36590.686198711395
448	722.5	417.30475	978.0	0.0	671.4	439.72247	991.0	0.0	1000.0	1000.0	1791999	124.77746	22.975763	146.75787	-17.368723	-125.41264	0.9392263	36666.82465839386
449	949.0	27.667671	973.0	902.0	570.2	464.22665	957.0	0.0	1000.0	1000.0	1795999	124.98375	22.783834	148.61758	-26.734818	-125.56467	0.92015415	36747.084488630295
450	847.5	201.9214	974.0	498.0	818.1	310.19363	987.0	0.0	1000.0	1000.0	1799999	124.51333	22.779919	154.15656	-67.18103	-125.08185	1.2477063	36818.86537075043
451	708.75	409.22693	950.0	0.0	760.7	373.3564	972.0	9.0	1000.0	1000.0	1803999	123.85273	22.780096	150.16687	-48.101128	-124.42107	1.0409411	36890.76281285286
452	706.5	308.47406	949.0	189.0	668.6	427.66394	963.0	0.0	1000.0	1000.0	1807999	123.71647	22.212715	149.52937	-16.374544	-124.306076	1.043294	36964.19306850433
453	743.75	374.7168	976.0	95.0	765.3	368.92303	976.0	4.0	1000.0	1000.0	1811999	123.38626	22.42482	149.80956	-4.0191736	-123.93974	0.9597064	37036.284146785736
454	456.25	331.18982	836.0	93.0	800.0	305.97974	992.0	0.0	1000.0	1000.0	1815999	122.66986	23.156105	148.7198	-35.009632	-123.236465	0.98016274	37109.864649534225
455	470.75	470.87756	957.0	0.0	589.8	448.77426	985.0	0.0	1000.0	1000.0	1819999	122.57505	23.321619	147.50092	-54.261036	-123.16411	1.0192951	37192.36338877678
456	245.0	415.7036	965.0	0.0	755.7	379.6451	978.0	0.0	1000.0	1000.0	1823999	122.70664	23.61537	149.19147	-49.414112	-123.29856	0.9817334	37274.48289847374
457	728.25	420.65506	987.0	0.0	795.9	327.81866	976.0	0.0	1000.0	1000.0	1827999	122.44617	23.69497	149.14622	-83.270325	-122.99733	0.8985216	37351.18440389633
458	516.0	443.764	983.0	33.0	772.8	384.71594	992.0	0.0	1000.0	1000.0	1831999	121.41663	23.781387	149.85727	-58.421165	-121.936874	0.9331183	37423.2809112072
459	535.5	421.44662	960.0	59.0	570.9	437.5711	978.0	0.0	1000.0	1000.0	1835999	120.64879	24.024416	149.73875	-37.601566	-121.1888	0.72601783	37495.005848646164
460	479.25	469.45468	968.0	8.0	550.7	433.72827	992.0	0.0	1000.0	1000.0	1839999	120.38366	24.147642	149.4974	-40.94377	-120.94848	0.8574286	37567.93391466141
461	525.25	328.37582	937.0	34.0	521.9	434.93436	965.0	0.0	1000.0	1000.0	1843999	120.38395	24.395332	149.2045	-34.714355	-120.963615	0.7721927	37645.72739291191
462	726.75	414.50235	977.0	9.0	772.3	385.79712	985.0	0.0	1000.0	1000.0	1847999	120.85692	24.237293	146.09729	-58.990017	-121.45173	0.7993052	37722.53986167908
463	792.75	279.32095	959.0	309.0	665.9	327.664	991.0	0.0	1000.0	1000.0	1851999	121.02417	23.502077	145.97832	-91.461395	-121.592	0.75564605	37794.06862616539
464	473.5	473.57602	959.0	0.0	515.5	460.5571	981.0	0.0	1000.0	1000.0	1855999	120.82114	22.755823	145.83502	-1.1654832	-121.36965	0.61809707	37865.82371759415
465	719.0	415.14938	964.0	0.0	620.9	431.48358	979.0	0.0	1000.0	1000.0	1859999	120.19269	22.616829	146.43597	-30.987257	-120.719284	0.6829887	37945.4960436821
466	469.5	469.8066	963.0	0.0	665.8	437.5783	1000.0	0.0	1000.0	1000.0	1863999	119.65336	22.60613	145.41637	-6.652128	-120.21587	0.64599645	38020.79713320732
467	737.25	399.717	998.0	46.0	302.1	391.79956	980.0	0.0	1000.0	1000.0	1867999	119.46437	22.485775	145.06802	-5.852907	-119.99834	0.6335498	38101.076916217804
468	480.75	480.77197	968.0	0.0	288.6	436.3593	970.0	0.0	1000.0	1000.0	1871999	118.323	22.606607	144.245	-4.9627457	-118.79652	0.6007159	38183.14092421532
469	576.25	407.39746	979.0	0.0	961.8	18.835073	986.0	920.0	1000.0	1000.0	1875999	116.85523	23.584467	142.94003	-29.059214	-117.34213	0.7317167	38256.18005514145
470	574.25	366.26108	944.0	20.0	951.5	19.247078	976.0	913.0	1000.0	1000.0	1879999	116.62824	23.98281	143.02913	-9.86936	-117.16767	0.6777412	38328.647975444794
471	785.0	318.16583	977.0	234.0	855.6	286.37186	987.0	0.0	1000.0	1000.0	1883999	116.5945	24.454105	143.75983	-24.059477	-117.13362	0.6780724	38400.43889451027
472	911.5	76.62082	977.0	781.0	770.7	385.96893	991.0	0.0	1000.0	1000.0	1887999	116.97059	25.158455	144.1367	-21.951565	-117.53815	0.6911408	38475.1127076149
473	723.75	412.08942	965.0	10.0	866.4	289.33273	994.0	0.0	1000.0	1000.0	1891999	118.10475	25.69533	146.42911	-15.976402	-118.70797	0.7229308	38547.42270207405
474	954.75	10.207228	969.0	942.0	677.9	440.95496	994.0	0.0	1000.0	1000.0	1895999	118.74956	25.914536	144.91507	-22.307346	-119.313675	0.7111841	38619.41871023178
475	711.5	359.15002	955.0	91.0	949.7	16.031532	980.0	920.0	1000.0	1000.0	1899999	118.64464	25.581392	143.87398	-7.031822	-119.158585	0.68869835	38692.27774786949
476	794.5	269.30048	994.0	332.0	720.3	383.49133	989.0	0.0	1000.0	1000.0	1903999	118.4398	25.215864	146.10364	-4.7377334	-118.99787	0.74601895	38766.82815408707
477	948.75	28.994612	990.0	908.0	683.9	436.36853	994.0	6.0	1000.0	1000.0	1907999	118.80764	25.131657	149.13034	-3.4438176	-119.3687	0.65642995	38838.65585780144
478	709.5	327.3748	968.0	149.0	812.5	308.3262	983.0	0.0	1000.0	1000.0	1911999	119.0946	24.695698	151.50548	-1.4540381	-119.64869	0.62303025	38910.78150558472
479	491.25	450.40057	958.0	0.0	674.9	426.51013	997.0	5.0	1000.0	1000.0	1915999	118.9355	24.94751	150.6572	-20.557688	-119.48767	0.66507894	38982.06267571449
480	704.0	403.4427	964.0	6.0	482.6	464.88715	962.0	0.0	1000.0	1000.0	1919999	119.47607	25.25517	148.37842	-21.047518	-120.07822	0.640176	39059.62253046036
481	697.0	252.86656	936.0	312.0	756.8	378.75238	977.0	0.0	1000.0	1000.0	1923999	120.40453	25.0077	148.05759	-16.204607	-120.998085	0.6739664	39141.56330657005
482	964.0	22.748627	997.0	940.0	749.0	371.2673	968.0	0.0	1000.0	1000.0	1927999	120.76258	24.79085	148.12144	-20.835175	-121.3476	0.6799602	39223.223935842514
483	741.5	365.5937	988.0	110.0	952.3	19.869825	982.0	909.0	1000.0	1000.0	1931999	120.88971	24.555609	146.16948	-12.296083	-121.46214	0.7138482	39297.44201159477
484	731.25	291.0553	975.0	247.0	873.2	291.38455	991.0	0.0	1000.0	1000.0	1935999	121.03225	24.36906	147.77055	-29.407612	-121.627495	0.79926467	39369.5601913929
485	736.75	396.53082	973.0	50.0	730.1	369.15512	972.0	0.0	1000.0	1000.0	1939999	121.50097	24.575489	147.49138	-10.360298	-122.08808	0.7062531	39449.70676970482
486	866.5	140.23997	991.0	634.0	947.9	42.961494	992.0	829.0	1000.0	1000.0	1943999	121.9183	24.298439	148.06128	-9.617546	-122.53299	0.71368927	39531.55704474449
487	920.5	5.2201533	926.0	912.0	921.0	110.106316	975.0	593.0	1000.0	1000.0	1947999	122.35425	24.208374	149.46538	-3.029969	-122.95517	0.7274179	39613.4708211422
488	956.25	18.859678	977.0	930.0	799.5	334.40042	982.0	0.0	1000.0	1000.0	1951999	122.07783	24.490097	149.81322	1.0369279	-122.599205	0.63869786	39687.87990808487
489	956.25	31.846312	1000.0	922.0	951.7	34.60939	996.0	864.0	1000.0	1000.0	1955999	120.55401	24.244371	148.12282	-5.296444	-121.05255	0.6627104	39759.7994120121
490	688.25	292.29468	972.0	266.0	665.7	429.38864	975.0	0.0	1000.0	1000.0	1959999	119.69485	24.459486	147.56076	-4.7984686	-120.21095	0.65107167	39840.245651483536
491	834.5	152.9812	975.0	577.0	756.2	378.74234	976.0	0.0	1000.0	1000.0	1963999	118.15276	24.826641	145.92807	-11.9685	-118.59804	0.6306704	39918.97605729103
492	725.75	391.1377	977.0	49.0	666.6	436.52036	989.0	0.0	1000.0	1000.0	1967999	116.01354	25.158955	143.91174	-30.655258	-116.43402	0.67744213	39990.93860721588
493	701.5	315.77405	957.0	172.0	619.4	420.52115	974.0	0.0	1000.0	1000.0	1971999	114.34719	25.114624	140.63814	-19.476261	-114.78158	0.68816113	40063.12304139137
494	588.0	281.10052	864.0	197.0	509.2	464.56406	984.0	0.0	1000.0	1000.0	1975999	113.18796	24.950983	138.48547	-31.779667	-113.63485	0.7341825	40135.563578128815
495	689.0	399.052	946.0	0.0	383.1	459.53683	976.0	0.0	1000.0	1000.0	1979999	112.16547	24.760412	136.81621	-22.020554	-112.606064	0.7548331	40207.31767821312
496	671.25	370.3359	951.0	40.0	289.4	437.2039	986.0	0.0	1000.0	1000.0	1983999	112.19363	24.712027	136.61507	-19.661102	-112.70641	0.7898646	40279.112611055374
497	633.0	343.9862	969.0	134.0	400.7	458.01923	982.0	0.0	1000.0	1000.0	1987999	112.58154	24.850054	138.13634	-16.368137	-113.07708	0.76325727	40351.139558553696
498	630.75	341.6741	971.0	177.0	797.5	296.40182	985.0	14.0	1000.0	1000.0	1991999	112.92703	24.946373	146.24066	-24.93839	-113.454185	0.7129815	40422.67657780647
499	592.25	374.035	957.0	0.0	628.0	433.54932	984.0	0.0	1000.0	1000.0	1995999	113.63916	24.477407	138.24738	-29.844994	-114.17556	0.71419585	40494.27500104904
500	801.25	278.18823	984.0	320.0	572.6	467.35516	989.0	0.0	1000.0	1000.0	1999999	114.44216	23.663647	138.83113	-16.075785	-114.9962	0.7056576	40566.19105529785
