Epoch	AverageEpRet	StdEpRet	MaxEpRet	MinEpRet	AverageTestEpRet	StdTestEpRet	MaxTestEpRet	MinTestEpRet	EpLen	TestEpLen	TotalEnvInteracts	AverageQVals	StdQVals	MaxQVals	MinQVals	LossPi	LossQ	Time
1	3.0	3.3166249	8.0	0.0	68.6	145.3005	457.0	0.0	1000.0	1000.0	3999	0.10457979	0.08141008	2.090925	-0.38606364	-0.11626905	0.001718506	46.385939836502075
2	78.5	71.61878	195.0	0.0	95.5	283.18237	945.0	0.0	1000.0	1000.0	7999	1.3688265	2.976551	27.609615	0.062971756	-1.5937542	0.0100772595	104.95692896842957
3	0.0	0.0	0.0	0.0	99.6	289.2045	967.0	0.0	1000.0	1000.0	11999	16.998674	16.431467	68.017	-0.49806082	-18.342781	0.05426805	164.28146719932556
4	15.25	26.413774	61.0	0.0	114.4	285.0229	960.0	0.0	1000.0	1000.0	15999	44.231113	16.714834	79.33677	-0.14599535	-45.34632	0.15112206	224.15817499160767
5	87.25	83.84323	184.0	0.0	139.7	308.04675	992.0	0.0	1000.0	1000.0	19999	55.2577	15.0830345	278.91272	17.60498	-55.76524	0.097452566	284.1947147846222
6	41.25	71.4471	165.0	0.0	49.6	146.80748	490.0	0.0	1000.0	1000.0	23999	68.20128	42.36789	296.8576	9.83928	-68.4813	0.17116264	343.9053201675415
7	67.75	108.72988	256.0	0.0	27.1	76.68435	257.0	0.0	1000.0	1000.0	27999	73.94967	44.90574	256.50766	9.448598	-74.34826	0.14214258	403.84733629226685
8	136.0	150.99007	386.0	0.0	74.1	175.1933	587.0	0.0	1000.0	1000.0	31999	70.665695	35.75462	216.17285	27.339077	-70.94649	0.15109381	464.4381911754608
9	306.0	314.5481	715.0	0.0	16.3	33.970722	116.0	0.0	1000.0	1000.0	35999	64.6616	26.87485	179.50839	29.44068	-64.93433	0.118725345	525.47132396698
10	0.0	0.0	0.0	0.0	4.0	6.9856997	22.0	0.0	1000.0	1000.0	39999	59.167625	18.808558	148.70354	22.135231	-59.446705	0.1370361	586.6380217075348
11	53.0	91.79869	212.0	0.0	122.2	288.15717	955.0	0.0	1000.0	1000.0	43999	55.422726	15.107627	129.76654	18.485954	-55.723015	0.15582636	647.8246688842773
12	468.25	464.93085	951.0	0.0	299.0	445.9067	986.0	0.0	1000.0	1000.0	47999	52.833565	12.430832	115.53541	16.082422	-53.103718	0.15802184	709.2115726470947
13	1.75	3.0310888	7.0	0.0	217.8	382.12192	984.0	0.0	1000.0	1000.0	51999	50.277004	9.991421	92.365204	15.633353	-50.53372	0.17342065	771.7912237644196
14	313.0	337.66476	881.0	0.0	391.2	471.06494	980.0	0.0	1000.0	1000.0	55999	48.485836	10.078975	79.23667	14.81338	-48.74837	0.21858361	834.6737823486328
15	0.0	0.0	0.0	0.0	302.8	431.6862	961.0	0.0	1000.0	1000.0	59999	46.9463	11.748417	75.461235	-3.3281062	-47.24318	0.18846987	899.2992825508118
16	397.75	419.042	982.0	0.0	391.3	478.06906	989.0	0.0	1000.0	1000.0	63999	47.10783	12.368825	80.35739	-0.029825687	-47.455845	0.19916901	967.842990398407
17	393.0	410.15485	952.0	0.0	451.8	387.164	999.0	0.0	1000.0	1000.0	67999	48.216194	15.175875	86.16758	-2.987393	-48.64515	0.18919522	1041.730993270874
18	553.0	315.414	909.0	55.0	460.6	461.4497	982.0	0.0	1000.0	1000.0	71999	51.305595	17.554127	91.46762	-6.4634995	-51.80365	0.2517297	1118.2630202770233
19	616.5	365.97302	921.0	0.0	558.2	456.62146	994.0	0.0	1000.0	1000.0	75999	55.239616	19.680115	97.8982	-5.3807764	-55.76247	0.33047858	1195.7495453357697
20	761.0	208.52338	949.0	431.0	441.3	461.5281	1000.0	0.0	1000.0	1000.0	79999	59.575134	21.186573	107.29997	-1.3689073	-60.16155	0.33057907	1273.499525308609
21	740.75	427.74606	1000.0	0.0	351.0	385.2999	982.0	0.0	1000.0	1000.0	83999	65.01301	23.85938	113.316154	2.4814777	-65.56797	0.34833714	1351.2821335792542
22	611.75	364.98108	962.0	0.0	404.4	428.68152	973.0	0.0	1000.0	1000.0	87999	68.52638	26.011406	120.61263	1.7721835	-69.12088	0.37276873	1429.251945734024
23	406.25	333.21942	926.0	0.0	913.8	144.7106	999.0	487.0	1000.0	1000.0	91999	73.52597	27.361002	130.15762	-1.4394631	-74.25973	0.44107464	1507.3628435134888
24	868.0	153.52036	976.0	603.0	479.6	463.905	971.0	5.0	1000.0	1000.0	95999	79.14467	29.049274	135.25739	-3.9451694	-79.85375	0.43220624	1585.6917343139648
25	639.5	372.32547	979.0	10.0	565.5	395.47546	993.0	16.0	1000.0	1000.0	99999	84.62442	29.457693	137.96323	-1.3207903	-85.38895	0.42631713	1664.2551577091217
26	937.0	66.38901	998.0	826.0	762.9	380.21216	981.0	0.0	1000.0	1000.0	103999	89.39928	29.251678	137.6532	-0.39199257	-90.12159	0.4118522	1742.7366371154785
27	796.75	254.265	977.0	358.0	868.8	289.91132	985.0	0.0	1000.0	1000.0	107999	93.05001	29.074692	137.8789	-8.448656	-93.75422	0.4023092	1821.5325303077698
28	832.5	214.64447	981.0	464.0	972.7	12.783193	991.0	943.0	1000.0	1000.0	111999	95.68878	28.667034	138.64816	-12.391663	-96.35857	0.41967657	1900.222512960434
29	966.25	10.779031	984.0	955.0	774.1	387.3067	989.0	0.0	1000.0	1000.0	115999	97.56778	29.785116	140.98593	-21.862026	-98.221954	0.3960894	1979.9080393314362
30	973.25	10.825317	991.0	964.0	968.4	16.16292	992.0	946.0	1000.0	1000.0	119999	99.87975	31.347517	143.38844	-25.279257	-100.571266	0.37744427	2058.734498977661
31	737.0	387.54742	976.0	66.0	971.5	21.058252	1000.0	924.0	1000.0	1000.0	123999	102.11688	32.095387	143.9486	-27.385357	-102.77898	0.3721537	2137.645193338394
32	939.0	47.08503	982.0	862.0	584.4	462.80453	999.0	0.0	1000.0	1000.0	127999	103.32884	32.909115	143.13274	-33.366486	-103.92835	0.38442364	2216.5872461795807
33	946.0	26.34388	990.0	920.0	841.1	292.48196	985.0	17.0	1000.0	1000.0	131999	104.11736	34.02959	143.69952	-37.058014	-104.73509	0.38997278	2295.4027841091156
34	974.0	9.027735	986.0	961.0	958.4	16.162922	989.0	928.0	1000.0	1000.0	135999	104.8877	34.58429	144.54979	-38.215084	-105.474236	0.37661508	2374.25004529953
35	858.25	159.09175	958.0	583.0	760.5	375.51544	995.0	0.0	1000.0	1000.0	139999	105.59474	35.14876	145.14166	-42.204548	-106.17933	0.3669575	2453.3977715969086
36	709.75	364.17053	985.0	92.0	826.3	299.6962	996.0	0.0	1000.0	1000.0	143999	106.48608	35.37179	146.46152	-43.64824	-107.084404	0.40334308	2532.4931333065033
37	720.0	375.85568	996.0	79.0	816.9	284.4793	986.0	4.0	1000.0	1000.0	147999	107.43589	35.328377	147.72258	-42.654816	-108.046104	0.42297167	2611.570424556732
38	958.25	22.971449	991.0	927.0	676.3	431.75363	980.0	2.0	1000.0	1000.0	151999	108.14707	35.750423	147.18773	-46.866875	-108.7247	0.4126848	2690.92293381691
39	832.5	249.52205	992.0	401.0	977.5	15.272524	1000.0	951.0	1000.0	1000.0	155999	108.85139	35.932198	147.2717	-45.959557	-109.45336	0.43734944	2770.508126974106
40	949.5	23.98437	980.0	914.0	812.0	325.72382	986.0	16.0	1000.0	1000.0	159999	110.31976	35.44413	146.15848	-44.105885	-110.94138	0.41449395	2849.842627763748
41	960.75	20.240738	995.0	944.0	783.2	382.50378	1000.0	19.0	1000.0	1000.0	163999	111.20734	35.23414	145.63004	-42.533173	-111.77044	0.37049526	2929.1987597942352
42	966.5	18.980253	999.0	951.0	747.9	303.13907	984.0	162.0	1000.0	1000.0	167999	111.31114	35.32036	145.08578	-42.516594	-111.87622	0.35586593	3008.6946835517883
43	753.75	382.11148	984.0	92.0	877.7	292.2766	997.0	2.0	1000.0	1000.0	171999	112.03407	34.280468	144.53633	-40.98021	-112.62044	0.37000516	3088.0176508426666
44	969.25	17.311485	987.0	950.0	964.7	25.91544	996.0	904.0	1000.0	1000.0	175999	112.9241	32.77964	144.1077	-33.63591	-113.51085	0.36236072	3167.2456953525543
45	977.75	10.034316	993.0	965.0	913.2	164.44562	998.0	435.0	1000.0	1000.0	179999	113.54086	31.643263	143.77795	-31.018467	-114.11673	0.34972504	3246.481558084488
46	774.75	340.49698	974.0	185.0	960.1	23.123365	986.0	916.0	1000.0	1000.0	183999	114.05055	31.009865	141.50996	-30.506128	-114.61926	0.3420077	3325.9315004348755
47	951.5	46.046173	994.0	877.0	790.3	271.2298	982.0	314.0	1000.0	1000.0	187999	114.44615	31.21563	140.50691	-28.372524	-115.01343	0.35893714	3405.3934807777405
48	762.0	358.78476	1000.0	143.0	914.0	135.55441	991.0	532.0	1000.0	1000.0	191999	114.60868	31.312254	140.161	-27.67321	-115.152466	0.35979852	3484.599616765976
49	723.5	398.19247	982.0	35.0	881.8	217.92328	1000.0	263.0	1000.0	1000.0	195999	114.76065	30.515804	139.21822	-25.198507	-115.290985	0.3335481	3564.1509580612183
50	992.0	7.17635	998.0	980.0	970.0	21.968159	998.0	915.0	1000.0	1000.0	199999	114.15765	29.751284	138.71207	-24.094837	-114.63934	0.33941916	3643.643964767456
51	965.25	21.06389	994.0	935.0	977.9	9.5963545	1000.0	965.0	1000.0	1000.0	203999	113.42296	29.347439	138.1735	-25.366375	-113.906906	0.33179194	3723.186003923416
52	932.75	44.97986	963.0	855.0	963.4	14.108154	991.0	944.0	1000.0	1000.0	207999	113.16673	29.046072	136.88597	-24.997993	-113.662674	0.31479758	3802.7781064510345
53	970.5	16.00781	983.0	943.0	976.8	12.623788	1000.0	961.0	1000.0	1000.0	211999	112.93327	28.410137	136.34312	-23.16342	-113.40965	0.32004905	3882.4175419807434
54	969.5	4.7169905	976.0	963.0	967.2	21.25935	990.0	910.0	1000.0	1000.0	215999	112.6444	27.78322	136.82951	-19.86657	-113.12249	0.32318994	3962.1745851039886
55	899.0	76.677895	979.0	774.0	967.6	14.974645	981.0	930.0	1000.0	1000.0	219999	112.566	27.120113	134.09277	-18.944588	-113.023384	0.33525676	4041.70849442482
56	966.5	6.689544	975.0	959.0	972.4	12.001667	990.0	955.0	1000.0	1000.0	223999	111.69682	27.083012	133.4709	-17.472628	-112.10614	0.3117719	4121.387523651123
57	964.25	17.122719	986.0	938.0	936.3	65.63086	985.0	746.0	1000.0	1000.0	227999	110.77402	27.07535	132.67253	-18.049793	-111.1769	0.3212791	4200.926970243454
58	974.25	14.566657	999.0	962.0	975.3	16.685623	1000.0	943.0	1000.0	1000.0	231999	110.23818	27.01512	133.16689	-17.229706	-110.68856	0.29704392	4280.444362640381
59	975.75	15.1884	997.0	955.0	976.5	17.568438	1000.0	954.0	1000.0	1000.0	235999	110.75771	26.670387	133.27463	-15.542608	-111.21647	0.3039297	4359.97492313385
60	974.5	15.771811	994.0	950.0	873.6	281.3824	1000.0	31.0	1000.0	1000.0	239999	111.28561	26.4393	134.17426	-17.07658	-111.73975	0.29765502	4439.91294169426
61	738.25	423.5501	994.0	5.0	960.7	17.618456	992.0	932.0	1000.0	1000.0	243999	111.28621	26.26632	133.80573	-19.860638	-111.7285	0.2987233	4519.50200843811
62	963.25	31.578276	998.0	921.0	825.1	270.54776	1000.0	82.0	1000.0	1000.0	247999	111.50389	25.628561	133.20499	-14.409829	-111.96022	0.31023774	4599.14439868927
63	911.25	81.67428	1000.0	787.0	974.3	10.649413	989.0	957.0	1000.0	1000.0	251999	111.73582	25.240162	131.98303	-10.852936	-112.16673	0.30847552	4678.997224807739
64	977.75	4.085034	981.0	971.0	972.4	13.668943	995.0	949.0	1000.0	1000.0	255999	111.60605	25.204386	131.39085	-11.892966	-112.0214	0.3103042	4758.65348982811
65	968.0	9.380832	984.0	960.0	966.9	16.597893	997.0	948.0	1000.0	1000.0	259999	111.75645	24.710747	134.50185	-10.441952	-112.18234	0.311912	4838.4341361522675
66	968.0	11.937336	980.0	949.0	974.3	15.492255	997.0	950.0	1000.0	1000.0	263999	111.87342	24.562513	131.46548	-8.543631	-112.29417	0.29116943	4918.524996757507
67	980.25	5.3560715	988.0	973.0	969.4	25.55856	996.0	910.0	1000.0	1000.0	267999	111.66265	24.2056	130.1945	-6.559549	-112.064125	0.2938747	4998.307054042816
68	976.5	7.9214897	987.0	967.0	874.3	208.83968	993.0	364.0	1000.0	1000.0	271999	111.64034	23.538265	129.23877	-5.829056	-112.041954	0.27492493	5078.096314191818
69	795.0	181.08975	981.0	562.0	784.1	383.69168	996.0	10.0	1000.0	1000.0	275999	111.41877	23.33097	129.82852	-7.236764	-111.816185	0.2793251	5157.763138055801
70	973.5	13.738631	987.0	953.0	959.8	35.27265	989.0	856.0	1000.0	1000.0	279999	111.52102	22.768684	128.53471	-6.410863	-111.91123	0.2742914	5237.585799694061
71	964.0	22.19234	987.0	928.0	892.1	228.30745	986.0	208.0	1000.0	1000.0	283999	111.16952	22.795315	127.23059	-9.024737	-111.54556	0.25626954	5317.7417142391205
72	979.0	8.746428	990.0	969.0	980.9	12.817567	1000.0	956.0	1000.0	1000.0	287999	110.70377	22.962507	126.61163	-10.598933	-111.0662	0.26776576	5397.817567586899
73	970.0	11.401754	986.0	954.0	969.8	15.759442	998.0	949.0	1000.0	1000.0	291999	110.46838	23.092813	128.22998	-12.877045	-110.842	0.26375076	5477.826259851456
74	947.5	54.150253	991.0	856.0	975.1	14.095745	994.0	956.0	1000.0	1000.0	295999	110.17199	22.883787	126.430046	-12.465953	-110.52561	0.25517157	5557.764853954315
75	976.5	6.0207973	983.0	970.0	975.6	11.333138	995.0	956.0	1000.0	1000.0	299999	109.84916	22.861948	125.71697	-12.617466	-110.19652	0.24308358	5637.710718631744
76	946.5	67.3257	990.0	830.0	879.7	293.50027	997.0	0.0	1000.0	1000.0	303999	109.68239	22.927898	126.3642	-14.484138	-110.04637	0.2527478	5718.054012775421
77	980.5	7.889867	993.0	972.0	974.9	6.5184355	984.0	966.0	1000.0	1000.0	307999	110.10248	22.457031	127.9053	-15.101639	-110.497284	0.25529784	5798.633904457092
78	971.5	17.811514	1000.0	951.0	969.4	12.051557	987.0	942.0	1000.0	1000.0	311999	110.35871	22.109394	128.54028	-14.297559	-110.71099	0.24485323	5878.719042778015
79	978.5	9.420722	990.0	964.0	965.4	9.635352	979.0	954.0	1000.0	1000.0	315999	110.02437	22.157904	128.79443	-14.9182625	-110.3675	0.24546792	5958.857128143311
80	979.75	18.673176	999.0	949.0	963.5	21.846052	1000.0	928.0	1000.0	1000.0	319999	110.03603	22.032204	129.06476	-14.853112	-110.38516	0.24388005	6039.032698631287
81	968.75	10.520813	981.0	952.0	961.7	16.510906	989.0	939.0	1000.0	1000.0	323999	109.91101	22.032677	127.81335	-14.732534	-110.25596	0.23974775	6119.597958087921
82	974.25	10.8714075	988.0	959.0	979.2	14.027117	997.0	961.0	1000.0	1000.0	327999	109.88009	22.14052	128.27124	-17.226442	-110.22121	0.24413782	6199.897780418396
83	978.0	18.641352	1000.0	949.0	813.7	325.62128	992.0	33.0	1000.0	1000.0	331999	109.93137	21.985132	127.7473	-17.470549	-110.26938	0.23836547	6280.047100782394
84	976.0	5.5226803	982.0	967.0	973.8	15.387007	996.0	950.0	1000.0	1000.0	335999	109.77189	21.769424	127.88671	-15.163656	-110.106186	0.24503915	6360.054931879044
85	960.5	14.008925	977.0	941.0	972.9	14.166511	994.0	951.0	1000.0	1000.0	339999	109.85019	21.155586	127.94187	-14.286204	-110.183235	0.22840583	6440.3110518455505
86	980.0	20.012497	995.0	946.0	876.0	289.30988	997.0	9.0	1000.0	1000.0	343999	109.65803	20.894545	127.028564	-14.179285	-109.985954	0.23615701	6520.526413679123
87	972.0	13.360389	988.0	952.0	879.3	290.17825	1000.0	10.0	1000.0	1000.0	347999	109.812	20.47365	126.75755	-12.662766	-110.14386	0.25276855	6600.80265212059
88	978.25	10.42533	994.0	967.0	981.9	13.765537	1000.0	958.0	1000.0	1000.0	351999	109.90432	20.336973	127.95826	-11.297266	-110.24175	0.24342643	6681.134028911591
89	968.5	6.726812	977.0	959.0	585.6	457.56882	1000.0	0.0	1000.0	1000.0	355999	110.10303	20.148577	128.17307	-10.221266	-110.43825	0.26226288	6761.594588518143
90	984.5	12.932517	996.0	963.0	962.2	32.984238	1000.0	883.0	1000.0	1000.0	359999	110.20812	20.018835	128.53561	-8.613423	-110.53435	0.24373099	6841.990778207779
91	973.25	11.818947	991.0	958.0	973.5	10.688779	992.0	959.0	1000.0	1000.0	363999	110.27679	20.208197	129.50183	-9.242422	-110.6055	0.24828635	6922.346134185791
92	961.75	22.785686	998.0	935.0	976.8	10.675205	1000.0	962.0	1000.0	1000.0	367999	110.45973	20.224754	130.01459	-8.431663	-110.796936	0.2431409	7002.704338312149
93	967.25	14.131083	988.0	949.0	965.7	9.633795	983.0	951.0	1000.0	1000.0	371999	110.80073	19.833363	129.4223	-7.686145	-111.136566	0.24251528	7083.048201560974
94	966.25	13.311179	988.0	954.0	870.0	286.4088	997.0	13.0	1000.0	1000.0	375999	110.81764	19.365368	128.00977	-6.9105077	-111.139015	0.2481717	7163.385708332062
95	940.0	36.62649	985.0	889.0	964.4	17.839283	994.0	923.0	1000.0	1000.0	379999	111.04508	18.817787	129.0223	-4.686772	-111.387764	0.24331428	7244.023093700409
96	976.75	11.519006	994.0	962.0	947.3	78.86831	997.0	715.0	1000.0	1000.0	383999	111.46539	18.513842	128.62823	-3.3819656	-111.80056	0.2401923	7324.340236902237
97	739.25	411.4501	993.0	27.0	976.3	12.69685	1000.0	957.0	1000.0	1000.0	387999	111.5079	18.381294	128.8293	-2.86002	-111.83764	0.2390681	7404.762332201004
98	972.75	17.04956	1000.0	956.0	978.8	16.672132	1000.0	948.0	1000.0	1000.0	391999	111.68811	18.73148	128.14743	-0.77477586	-112.036736	0.24618967	7485.102344512939
99	969.25	15.171931	979.0	943.0	968.9	18.5766	997.0	943.0	1000.0	1000.0	395999	111.945	18.497152	128.61966	0.049496353	-112.270256	0.23646146	7565.433272361755
100	972.75	12.794042	982.0	951.0	871.2	290.5353	984.0	0.0	1000.0	1000.0	399999	111.87356	18.611023	128.32448	0.88771284	-112.190926	0.23100717	7645.874451875687
101	773.5	337.39627	998.0	190.0	973.5	12.265806	997.0	957.0	1000.0	1000.0	403999	111.6886	18.715296	126.806694	0.897565	-111.99466	0.22692567	7726.373757839203
102	979.75	12.457428	1000.0	969.0	963.4	16.481504	997.0	936.0	1000.0	1000.0	407999	111.40273	18.671814	126.14399	0.903523	-111.710594	0.22348802	7806.637454986572
103	859.75	198.36755	994.0	517.0	967.3	17.228174	999.0	942.0	1000.0	1000.0	411999	111.09839	18.398054	125.90675	0.9127168	-111.398155	0.22263148	7887.2402555942535
104	957.0	36.95944	991.0	895.0	974.2	8.953212	988.0	962.0	1000.0	1000.0	415999	110.80657	18.448256	128.15808	0.9214826	-111.09939	0.22542988	7967.709361791611
105	744.0	388.67404	982.0	71.0	968.7	9.0890045	981.0	950.0	1000.0	1000.0	419999	110.66265	18.453045	127.109024	0.92878026	-110.96194	0.24071686	8048.216436386108
106	968.5	17.385338	984.0	940.0	956.0	25.837955	988.0	893.0	1000.0	1000.0	423999	110.57087	18.236032	126.68592	0.93683547	-110.877144	0.23346804	8128.774149179459
107	966.75	23.647146	997.0	935.0	978.1	10.62497	994.0	959.0	1000.0	1000.0	427999	110.74142	18.118639	127.14847	0.94585425	-111.05752	0.24708284	8209.410201787949
108	810.25	272.70715	976.0	338.0	942.7	100.89406	990.0	642.0	1000.0	1000.0	431999	111.10159	18.010782	127.57135	0.9580203	-111.43282	0.24606176	8290.117082357407
109	958.25	20.437405	987.0	937.0	971.9	12.715739	989.0	940.0	1000.0	1000.0	435999	111.52102	18.220633	128.60094	0.97184896	-111.84472	0.24131241	8370.713588476181
110	977.75	22.58733	1000.0	940.0	897.2	218.91359	998.0	242.0	1000.0	1000.0	439999	111.79697	17.840374	127.948845	0.987227	-112.114426	0.2386568	8451.402896881104
111	984.0	13.322912	997.0	965.0	963.1	11.121601	978.0	945.0	1000.0	1000.0	443999	111.70807	17.427357	126.43913	1.0001693	-112.01246	0.2264279	8532.2285861969
112	975.25	10.709225	992.0	963.0	958.9	15.443122	990.0	932.0	1000.0	1000.0	447999	111.65884	17.08908	125.47935	1.0102054	-111.96585	0.22388522	8612.796082496643
113	981.0	16.170961	997.0	954.0	964.9	25.386806	991.0	896.0	1000.0	1000.0	451999	111.71815	16.943535	130.14227	1.0212656	-112.027626	0.22537076	8693.32417011261
114	976.75	3.269174	981.0	972.0	877.3	287.1181	1000.0	17.0	1000.0	1000.0	455999	111.88877	16.90487	146.82921	1.035525	-112.205	0.22145799	8773.891577720642
115	964.75	11.882235	982.0	951.0	874.4	291.65158	991.0	0.0	1000.0	1000.0	459999	112.23261	16.956638	159.70715	1.0555415	-112.5655	0.22141571	8854.588898897171
116	971.0	9.669539	983.0	956.0	981.2	11.034492	1000.0	956.0	1000.0	1000.0	463999	112.5875	16.75776	169.41978	1.0706465	-112.90094	0.22051865	8935.11409330368
117	933.75	71.55549	993.0	814.0	976.7	11.027693	995.0	962.0	1000.0	1000.0	467999	112.58731	16.770697	181.67604	1.0861759	-112.89581	0.21350586	9015.868404865265
118	965.0	13.152946	980.0	946.0	951.0	98.29547	997.0	658.0	1000.0	1000.0	471999	112.94364	16.638168	179.9274	1.0993598	-113.288155	0.208483	9096.700627803802
119	968.25	27.462475	992.0	925.0	970.2	12.560255	992.0	951.0	1000.0	1000.0	475999	113.50861	16.652962	178.59842	1.1106538	-113.84581	0.22992712	9177.538333654404
120	763.75	376.90012	986.0	111.0	881.0	293.77847	997.0	0.0	1000.0	1000.0	479999	113.78818	16.43887	178.38512	1.1222587	-114.11506	0.22720736	9258.364697694778
121	940.0	61.335144	1000.0	840.0	628.0	385.65945	986.0	0.0	1000.0	1000.0	483999	114.04404	16.234085	149.92705	1.1354729	-114.36388	0.23154269	9339.175760030746
122	974.25	11.431864	985.0	955.0	974.0	11.027239	996.0	960.0	1000.0	1000.0	487999	113.89154	16.40059	125.523094	1.1470575	-114.20002	0.22630273	9420.313487768173
123	982.5	9.394147	998.0	975.0	966.9	8.166394	976.0	954.0	1000.0	1000.0	491999	113.82481	16.167727	125.2652	1.1544646	-114.12633	0.21692248	9501.034402608871
124	974.5	10.7354555	986.0	961.0	981.4	10.278132	1000.0	966.0	1000.0	1000.0	495999	113.43836	15.909413	125.13153	1.1628252	-113.728264	0.20590563	9581.759930610657
125	951.75	29.24359	988.0	922.0	781.1	382.9722	987.0	10.0	1000.0	1000.0	499999	113.22961	15.572391	125.223495	1.170515	-113.5377	0.22019702	9662.717204809189
126	973.25	7.7580605	982.0	961.0	979.5	11.074746	997.0	960.0	1000.0	1000.0	503999	113.53447	15.577486	126.28175	1.1788046	-113.85733	0.2151488	9743.995470523834
127	975.25	15.610494	1000.0	960.0	970.4	16.965847	997.0	937.0	1000.0	1000.0	507999	113.73733	15.382751	125.17371	1.1882545	-114.04737	0.22201814	9824.87094092369
128	973.5	8.616844	982.0	963.0	966.3	28.393837	998.0	892.0	1000.0	1000.0	511999	113.69353	15.246839	124.56755	1.1987224	-113.988464	0.21158731	9905.668871164322
129	965.5	21.242645	991.0	944.0	978.1	11.734139	996.0	954.0	1000.0	1000.0	515999	113.4739	14.994129	124.412224	1.6195564	-113.76627	0.2096976	9986.552917480469
130	958.25	25.262373	980.0	916.0	978.9	9.353609	997.0	960.0	1000.0	1000.0	519999	113.26626	14.989118	124.22384	4.4095774	-113.55925	0.20312272	10067.483116149902
131	989.75	8.55497	1000.0	979.0	968.0	13.601471	993.0	950.0	1000.0	1000.0	523999	113.13436	14.749905	124.83796	4.383511	-113.41349	0.20685187	10148.428404569626
132	947.25	37.211388	972.0	883.0	972.2	14.076932	995.0	947.0	1000.0	1000.0	527999	112.74782	14.843192	126.338104	3.9338315	-113.02089	0.19938116	10229.235793828964
133	966.0	5.612486	973.0	960.0	974.5	12.0519705	991.0	957.0	1000.0	1000.0	531999	112.39982	14.93168	128.07755	3.560078	-112.67132	0.19990452	10310.204302310944
134	981.0	6.363961	990.0	975.0	981.0	11.054411	1000.0	958.0	1000.0	1000.0	535999	112.23084	14.793899	128.09378	2.9531603	-112.5082	0.19864817	10391.2437479496
135	972.75	11.053845	991.0	963.0	876.3	292.35254	1000.0	0.0	1000.0	1000.0	539999	112.02354	15.068291	130.51701	1.2518597	-112.29285	0.19922687	10472.338717460632
136	961.75	8.042854	970.0	949.0	842.9	294.94318	987.0	0.0	1000.0	1000.0	543999	111.98365	15.337908	129.37372	1.2525605	-112.27008	0.20684224	10553.416099309921
137	906.75	83.28078	982.0	776.0	977.0	11.96662	1000.0	962.0	1000.0	1000.0	547999	111.93268	15.375101	129.38057	1.2599871	-112.20144	0.20964459	10634.575720787048
138	974.25	6.2998013	981.0	964.0	976.8	8.829496	1000.0	969.0	1000.0	1000.0	551999	111.78237	15.190379	127.89813	1.2688859	-112.047356	0.20569073	10715.698877096176
139	969.25	15.562374	989.0	946.0	972.9	18.598118	995.0	934.0	1000.0	1000.0	555999	111.59573	15.029517	125.27448	1.2740136	-111.855385	0.20375107	10796.99674487114
140	970.75	16.857862	990.0	953.0	976.6	21.30352	1000.0	925.0	1000.0	1000.0	559999	111.2694	15.017157	123.5977	1.2816904	-111.52683	0.20485815	10878.387899398804
141	972.75	9.756408	989.0	963.0	973.4	10.632027	987.0	953.0	1000.0	1000.0	563999	111.14225	14.811672	124.49602	1.2889587	-111.4071	0.22053288	10959.572589159012
142	952.0	17.535679	969.0	925.0	976.4	14.079774	997.0	947.0	1000.0	1000.0	567999	111.14241	14.74158	123.94809	1.298457	-111.40386	0.20744944	11040.982995986938
143	983.75	8.2272415	991.0	970.0	974.1	15.915088	1000.0	947.0	1000.0	1000.0	571999	111.08197	14.889638	124.96928	1.3104527	-111.35411	0.20506252	11122.372906208038
144	976.0	17.930422	1000.0	950.0	971.8	14.770241	995.0	954.0	1000.0	1000.0	575999	111.22123	14.616355	125.10849	1.3227879	-111.48885	0.24795529	11203.752375364304
145	971.0	14.335271	987.0	948.0	974.2	11.276525	993.0	959.0	1000.0	1000.0	579999	111.29925	14.504076	124.16162	1.3428802	-111.564125	0.19201256	11285.159264564514
146	834.75	217.54123	963.0	458.0	876.6	292.37653	994.0	0.0	1000.0	1000.0	583999	111.2153	14.55347	123.066055	1.3543005	-111.469284	0.21209843	11366.613027334213
147	990.25	9.337424	1000.0	976.0	976.3	10.080178	997.0	961.0	1000.0	1000.0	587999	111.07226	14.583251	123.16787	1.3671968	-111.326065	0.19710226	11448.14920091629
148	977.0	18.47972	1000.0	949.0	974.1	18.495676	995.0	935.0	1000.0	1000.0	591999	111.00133	14.570161	124.20563	1.3817828	-111.256645	0.19897139	11529.725475788116
149	968.0	20.988092	999.0	942.0	977.2	7.44043	993.0	968.0	1000.0	1000.0	595999	110.93629	14.276713	125.261406	1.39701	-111.18194	0.20246765	11611.365293741226
150	966.0	26.935106	1000.0	926.0	975.7	13.296991	999.0	957.0	1000.0	1000.0	599999	110.73581	14.170854	126.529495	1.4091086	-110.981636	0.1907901	11692.899678945541
151	979.75	2.8613808	984.0	976.0	977.5	12.411688	1000.0	956.0	1000.0	1000.0	603999	110.4855	14.092822	126.262505	1.4181116	-110.72064	0.19987397	11774.341589927673
152	970.25	15.270478	993.0	950.0	969.8	12.921301	991.0	949.0	1000.0	1000.0	607999	110.30762	13.988481	125.635544	1.4248104	-110.55022	0.20276994	11855.794194936752
153	978.0	15.049917	997.0	960.0	975.8	13.159027	994.0	959.0	1000.0	1000.0	611999	110.22344	14.122243	124.97355	1.4346836	-110.46088	0.19839585	11937.308025836945
154	980.25	11.776566	1000.0	969.0	976.3	12.633685	999.0	950.0	1000.0	1000.0	615999	110.11936	14.277107	123.77219	-2.208948	-110.364784	0.19224958	12018.870297908783
155	970.75	13.102958	984.0	949.0	978.5	17.839563	999.0	946.0	1000.0	1000.0	619999	110.2405	14.087395	123.18427	-9.327491	-110.48952	0.20184687	12100.425580739975
156	972.75	8.870598	982.0	962.0	956.2	59.929626	997.0	782.0	1000.0	1000.0	623999	110.27662	14.144109	123.42348	-8.941086	-110.51505	0.20129794	12181.81173324585
157	978.25	13.645054	988.0	955.0	974.2	11.79661	997.0	954.0	1000.0	1000.0	627999	110.12773	14.285116	123.1859	-12.280458	-110.359184	0.20324634	12263.39388871193
158	976.0	10.392304	986.0	962.0	979.0	11.436783	991.0	956.0	1000.0	1000.0	631999	109.97674	14.217914	122.54367	-11.672792	-110.212204	0.20735724	12344.947286605835
159	962.0	8.774964	969.0	947.0	970.8	6.9397407	982.0	956.0	1000.0	1000.0	635999	110.02373	13.971185	121.9752	-11.794335	-110.26328	0.21214592	12426.619865655899
160	973.75	16.946608	992.0	946.0	973.5	15.869782	1000.0	940.0	1000.0	1000.0	639999	109.95059	13.897249	122.72906	-7.640228	-110.183784	0.21899723	12508.110285282135
161	968.0	16.867128	996.0	951.0	968.9	12.988072	1000.0	952.0	1000.0	1000.0	643999	109.95957	13.783153	121.600464	-3.1421735	-110.200905	0.18874784	12589.6420981884
162	966.0	18.547237	990.0	946.0	963.8	13.1362095	983.0	938.0	1000.0	1000.0	647999	110.11874	13.799992	121.794754	-4.0205116	-110.35736	0.17964593	12671.1445145607
163	940.75	61.511684	994.0	836.0	980.8	12.623788	1000.0	962.0	1000.0	1000.0	651999	110.02953	13.794323	120.45229	-7.3561788	-110.253845	0.17766067	12752.706045627594
164	977.75	12.597123	997.0	966.0	984.2	8.704021	997.0	970.0	1000.0	1000.0	655999	109.79058	13.770451	120.276825	-4.3471985	-110.01489	0.16821918	12834.3403403759
165	976.0	10.099504	988.0	966.0	957.9	15.9777975	974.0	914.0	1000.0	1000.0	659999	109.67788	13.675716	122.54508	-4.1187654	-109.89944	0.17619191	12915.913057088852
166	984.0	13.546217	996.0	961.0	972.1	9.3	986.0	954.0	1000.0	1000.0	663999	109.51324	13.5042305	121.65928	-7.366786	-109.73386	0.17589867	12997.568444728851
167	982.75	12.173229	995.0	965.0	970.8	12.4964	987.0	950.0	1000.0	1000.0	667999	109.3353	13.490646	120.82466	-11.467392	-109.552765	0.17911755	13079.226639509201
168	965.75	14.821858	984.0	943.0	924.0	145.45859	993.0	490.0	1000.0	1000.0	671999	109.34531	13.611555	121.47091	-10.6087265	-109.57553	0.17146294	13160.845367908478
169	970.75	8.814052	986.0	965.0	977.2	11.382443	997.0	961.0	1000.0	1000.0	675999	109.45198	13.663428	122.18226	-11.625999	-109.67984	0.17055735	13242.480048894882
170	982.75	8.257572	993.0	970.0	979.3	14.993666	996.0	954.0	1000.0	1000.0	679999	109.59068	13.781616	123.045685	-10.2539425	-109.82852	0.17542024	13323.966674566269
171	980.5	9.096703	996.0	974.0	975.7	11.081967	993.0	961.0	1000.0	1000.0	683999	109.90287	13.633439	123.88157	-8.921931	-110.1432	0.17153949	13405.750972747803
172	982.0	8.860023	990.0	967.0	973.7	13.251792	1000.0	959.0	1000.0	1000.0	687999	110.05504	13.579604	124.51813	-10.401423	-110.28095	0.16769296	13487.38070845604
173	975.5	6.689544	983.0	967.0	976.8	9.516302	997.0	958.0	1000.0	1000.0	691999	110.00166	14.000133	123.81662	-14.680757	-110.23076	0.18035875	13569.132480859756
174	967.25	7.7902184	975.0	956.0	969.8	12.4964	999.0	953.0	1000.0	1000.0	695999	110.03133	14.119809	122.633675	-21.253202	-110.25321	0.16242279	13650.871780872345
175	971.25	12.397077	990.0	957.0	975.5	10.375452	993.0	959.0	1000.0	1000.0	699999	109.91975	14.2430525	123.03854	-24.58229	-110.140274	0.16655374	13732.68890786171
176	969.0	12.5499	988.0	955.0	963.2	16.851112	989.0	932.0	1000.0	1000.0	703999	109.76253	14.184751	121.28627	-26.748173	-109.976395	0.16389194	13814.34572839737
177	973.0	7.314369	981.0	962.0	980.5	10.688779	1000.0	963.0	1000.0	1000.0	707999	109.63411	14.148636	120.496765	-30.70872	-109.84422	0.16266766	13896.0370824337
178	977.5	7.826238	988.0	966.0	984.5	7.877182	1000.0	973.0	1000.0	1000.0	711999	109.3799	14.459269	119.59938	-28.831161	-109.583	0.15048653	13977.819734334946
179	948.25	73.49617	994.0	821.0	918.1	103.33001	993.0	648.0	1000.0	1000.0	715999	109.08182	14.821088	118.79427	-28.436707	-109.288506	0.15351322	14059.600301980972
180	983.0	9.974969	1000.0	975.0	870.2	194.1282	993.0	408.0	1000.0	1000.0	719999	109.06004	14.940183	119.37833	-30.38206	-109.26987	0.15704678	14141.272969007492
181	964.75	13.311179	982.0	949.0	972.8	11.382443	993.0	953.0	1000.0	1000.0	723999	108.92559	15.381438	120.54143	-33.243008	-109.1354	0.14202233	14223.118841171265
182	975.0	15.0996685	997.0	961.0	878.1	293.3726	1000.0	0.0	1000.0	1000.0	727999	108.85618	15.233135	118.82446	-32.166283	-109.06381	0.15282272	14305.050804376602
183	981.75	7.7580605	992.0	972.0	974.0	16.546904	996.0	953.0	1000.0	1000.0	731999	108.91448	14.910596	118.906105	-28.513031	-109.13238	0.16776285	14386.910801649094
184	974.75	14.254385	992.0	953.0	978.4	13.879481	1000.0	957.0	1000.0	1000.0	735999	109.04075	14.713553	120.32201	-29.327782	-109.25417	0.17180374	14468.71008682251
185	975.25	15.92757	994.0	958.0	977.5	8.464632	993.0	963.0	1000.0	1000.0	739999	109.12408	14.858417	119.98967	-28.895435	-109.33917	0.16723703	14550.426864385605
186	973.75	13.863171	994.0	957.0	873.7	287.73672	992.0	11.0	1000.0	1000.0	743999	109.27429	15.020296	121.34904	-30.71748	-109.488716	0.16789004	14632.052335500717
187	946.25	21.764362	976.0	915.0	977.8	20.580574	1000.0	933.0	1000.0	1000.0	747999	109.20213	15.315706	121.576675	-35.132614	-109.41073	0.17258237	14713.761375904083
188	983.5	6.1032777	992.0	975.0	975.5	15.34438	988.0	942.0	1000.0	1000.0	751999	109.13347	15.3174	121.60632	-32.61445	-109.33853	0.17061783	14795.452594518661
189	963.75	41.871082	997.0	892.0	970.6	13.380583	984.0	933.0	1000.0	1000.0	755999	109.14216	15.178662	123.01562	-30.83025	-109.352264	0.16990519	14877.1709420681
190	954.75	17.991318	970.0	925.0	887.2	254.03064	1000.0	126.0	1000.0	1000.0	759999	109.32564	14.870924	123.66906	-28.586357	-109.55462	0.18680774	14958.886096477509
191	973.5	4.1533117	978.0	968.0	970.4	21.689629	997.0	917.0	1000.0	1000.0	763999	109.74761	14.841993	124.87685	-29.114794	-109.97717	0.17836195	15040.649109601974
192	979.0	6.204837	989.0	972.0	953.5	51.58924	1000.0	805.0	1000.0	1000.0	767999	109.96448	14.6521635	125.26437	-27.607555	-110.18123	0.17467572	15122.50348687172
193	972.25	15.57843	987.0	947.0	976.4	12.784367	1000.0	956.0	1000.0	1000.0	771999	110.00532	14.863323	126.09753	-25.66898	-110.225876	0.17050743	15204.172496318817
194	968.5	6.0207973	978.0	962.0	972.6	12.854572	1000.0	956.0	1000.0	1000.0	775999	110.03703	14.926397	126.19325	-25.204706	-110.25458	0.1687576	15286.063683271408
195	969.0	16.109003	990.0	947.0	978.5	13.865424	1000.0	956.0	1000.0	1000.0	779999	110.04831	14.7241125	127.169785	-22.905506	-110.253845	0.16181873	15368.077024936676
196	958.5	5.8523498	967.0	951.0	956.6	35.81955	992.0	868.0	1000.0	1000.0	783999	109.84258	14.6393385	127.00483	-21.587194	-110.04345	0.16110681	15449.923095941544
197	975.25	2.2776084	978.0	973.0	970.0	11.6876	992.0	955.0	1000.0	1000.0	787999	109.65311	14.5784235	125.940636	-24.181637	-109.84995	0.15835291	15531.766975402832
198	949.75	42.59328	984.0	877.0	879.3	293.23917	989.0	0.0	1000.0	1000.0	791999	109.4676	14.579012	124.86496	-23.893911	-109.66375	0.14906923	15613.443083286285
199	968.75	24.933662	1000.0	932.0	980.9	12.895349	1000.0	957.0	1000.0	1000.0	795999	109.26153	14.740069	124.08136	-25.089022	-109.45742	0.15133213	15695.19498205185
200	966.5	14.044572	984.0	945.0	882.4	294.3689	997.0	0.0	1000.0	1000.0	799999	109.30788	14.749889	123.13028	-25.977184	-109.517456	0.1477385	15776.878797531128
201	975.0	11.067972	991.0	962.0	970.2	15.695859	988.0	937.0	1000.0	1000.0	803999	109.48202	14.66188	121.99886	-26.498497	-109.69681	0.14631361	15858.485491275787
202	956.0	14.4048605	980.0	942.0	976.4	12.322338	1000.0	963.0	1000.0	1000.0	807999	109.60862	14.702466	122.96909	-24.34258	-109.81889	0.1412813	15940.311477661133
203	984.25	11.712707	996.0	967.0	967.0	11.072489	985.0	947.0	1000.0	1000.0	811999	109.76124	14.457562	121.925385	-22.489702	-109.97078	0.14306311	16021.989140987396
204	976.75	15.270478	997.0	961.0	865.0	285.78452	999.0	20.0	1000.0	1000.0	815999	109.80297	14.266856	122.53134	-19.746452	-110.0089	0.13864535	16103.672873735428
205	975.25	10.034316	988.0	964.0	779.8	386.9493	1000.0	0.0	1000.0	1000.0	819999	109.78583	14.12441	122.58892	-18.409723	-109.99477	0.14111073	16185.503502130508
206	972.75	12.871965	987.0	954.0	691.1	438.60587	1000.0	16.0	1000.0	1000.0	823999	110.02447	13.880993	123.69949	-16.22418	-110.24869	0.14712106	16267.110286474228
207	976.75	8.496323	987.0	964.0	874.0	284.39725	995.0	22.0	1000.0	1000.0	827999	110.361	13.9250765	123.50885	-14.928321	-110.58822	0.1429705	16348.94142317772
208	731.25	416.70935	992.0	10.0	901.1	151.79358	986.0	513.0	1000.0	1000.0	831999	110.59501	13.816168	125.15598	-14.813581	-110.811424	0.14588542	16430.742077112198
209	985.5	8.87412	996.0	974.0	923.3	146.95921	997.0	484.0	1000.0	1000.0	835999	110.69403	13.631953	126.194725	-13.738424	-110.916306	0.1476036	16512.956654787064
210	946.25	53.190105	996.0	858.0	974.6	17.828068	1000.0	943.0	1000.0	1000.0	839999	110.79729	13.607615	126.27674	-13.578752	-111.009705	0.15076941	16594.47970533371
211	921.75	55.77802	980.0	831.0	979.4	10.956278	1000.0	966.0	1000.0	1000.0	843999	110.60974	13.621693	126.09913	-11.859545	-110.81425	0.1518175	16676.25419640541
212	984.25	8.785642	994.0	972.0	973.5	12.027053	991.0	952.0	1000.0	1000.0	847999	110.58237	13.6833105	126.13952	-11.7834	-110.79358	0.14754021	16758.00392651558
213	969.25	17.795715	988.0	946.0	882.2	286.66977	997.0	23.0	1000.0	1000.0	851999	110.49112	13.840168	126.54629	-12.219312	-110.69486	0.15112844	16839.8479886055
214	961.5	13.865424	985.0	950.0	775.7	383.96097	998.0	0.0	1000.0	1000.0	855999	110.31029	13.852359	126.49786	-13.098564	-110.508026	0.15280871	16921.737970113754
215	974.25	15.368393	996.0	955.0	977.4	14.499655	999.0	949.0	1000.0	1000.0	859999	110.1851	13.861931	126.82811	-13.701663	-110.387955	0.14495863	17003.695650815964
216	972.0	18.027756	989.0	943.0	976.3	12.23969	994.0	954.0	1000.0	1000.0	863999	110.05462	13.825094	127.068405	-16.001945	-110.24755	0.14104256	17085.555857419968
217	967.75	9.470348	977.0	953.0	967.4	14.437452	984.0	940.0	1000.0	1000.0	867999	109.75369	13.674045	126.26165	-16.25189	-109.93655	0.14105621	17167.456793546677
218	972.0	23.398718	996.0	943.0	872.7	286.48145	1000.0	18.0	1000.0	1000.0	871999	109.46724	13.560878	126.318375	-15.843587	-109.65625	0.13191308	17248.941643238068
219	879.5	143.22273	987.0	633.0	966.0	26.683329	994.0	894.0	1000.0	1000.0	875999	109.45033	13.418166	125.72686	-16.731981	-109.65606	0.13967115	17330.77930521965
220	985.25	11.66994	997.0	966.0	871.4	284.8969	986.0	18.0	1000.0	1000.0	879999	109.76999	13.314197	126.1531	-16.49606	-109.990845	0.13994877	17412.458347082138
221	724.25	413.00204	969.0	9.0	840.6	291.56552	990.0	26.0	1000.0	1000.0	883999	110.1464	13.48803	125.68442	-19.321646	-110.365456	0.13863671	17494.221517562866
222	901.0	59.07622	963.0	839.0	981.3	18.303278	1000.0	948.0	1000.0	1000.0	887999	110.32918	13.60067	125.85992	-23.087578	-110.5383	0.14512481	17576.130876541138
223	966.0	9.77241	982.0	956.0	870.7	290.38528	980.0	0.0	1000.0	1000.0	891999	110.32998	13.6785755	126.22202	-23.548721	-110.52945	0.13880883	17658.0287399292
224	960.0	24.402868	979.0	919.0	978.8	14.126571	1000.0	957.0	1000.0	1000.0	895999	110.12341	13.676217	125.638016	-23.772163	-110.318214	0.1416102	17740.065370559692
225	983.0	17.131842	1000.0	963.0	974.0	12.529964	994.0	954.0	1000.0	1000.0	899999	109.9269	13.485529	124.52891	-22.826038	-110.11525	0.14620392	17822.680186986923
226	971.25	5.3091903	979.0	964.0	977.9	10.662552	1000.0	962.0	1000.0	1000.0	903999	109.72493	13.359709	124.52294	-25.049585	-109.91764	0.1337531	17905.317633390427
227	966.25	10.497024	980.0	951.0	971.9	15.378232	998.0	952.0	1000.0	1000.0	907999	109.68946	13.487829	124.37517	-24.126205	-109.8917	0.13876867	17987.899029493332
228	981.0	8.573215	992.0	968.0	982.4	13.610291	1000.0	960.0	1000.0	1000.0	911999	109.75319	13.366435	124.70707	-24.886023	-109.95007	0.13568954	18070.574085712433
229	978.5	13.518506	993.0	959.0	974.1	13.080138	995.0	957.0	1000.0	1000.0	915999	109.70398	13.266352	125.8587	-25.14325	-109.89759	0.13952753	18153.389442920685
230	978.5	13.518506	1000.0	966.0	982.3	9.434511	1000.0	972.0	1000.0	1000.0	919999	109.66312	12.961146	125.785095	-26.4143	-109.85565	0.1445046	18236.15684890747
231	965.0	12.083046	983.0	949.0	975.7	14.966963	1000.0	945.0	1000.0	1000.0	923999	109.51207	12.903569	126.24132	-23.762135	-109.70098	0.13100202	18318.95082783699
232	967.25	4.7631397	972.0	960.0	977.7	11.44596	998.0	961.0	1000.0	1000.0	927999	109.45678	12.921732	126.70813	-22.0939	-109.646194	0.13098526	18401.87717819214
233	964.0	12.903488	983.0	949.0	959.2	56.02464	994.0	795.0	1000.0	1000.0	931999	109.39819	12.879834	126.361565	-21.060114	-109.587006	0.1333157	18484.669564008713
234	978.5	12.175796	996.0	964.0	972.1	12.644762	989.0	942.0	1000.0	1000.0	935999	109.34192	12.887654	128.17401	-20.167557	-109.53183	0.12716581	18567.471483945847
235	968.25	8.584143	977.0	954.0	979.5	16.972036	1000.0	941.0	1000.0	1000.0	939999	109.34073	12.830238	128.94981	-20.430355	-109.52898	0.12654541	18650.05327486992
236	969.5	5.59017	974.0	960.0	882.4	289.94836	989.0	13.0	1000.0	1000.0	943999	109.34109	12.654438	128.58823	-20.429623	-109.52798	0.12721734	18733.090737342834
237	973.5	11.884864	994.0	965.0	885.6	279.26517	997.0	49.0	1000.0	1000.0	947999	109.1702	12.6309395	129.69713	-20.858536	-109.35109	0.12472361	18815.868299245834
238	959.0	7.5828753	972.0	953.0	913.2	174.23766	998.0	392.0	1000.0	1000.0	951999	109.09678	12.375524	129.15843	-22.152811	-109.28412	0.12848386	18898.674201250076
239	976.0	14.983324	989.0	951.0	977.5	12.134661	1000.0	954.0	1000.0	1000.0	955999	109.1469	12.328708	127.98325	-21.995398	-109.33857	0.12266216	18981.50966310501
240	973.5	16.224981	997.0	954.0	972.1	8.287943	983.0	956.0	1000.0	1000.0	959999	109.17284	12.227694	127.51919	-24.904137	-109.36199	0.12285214	19064.321479320526
241	977.25	6.8693156	989.0	972.0	976.9	10.454186	992.0	957.0	1000.0	1000.0	963999	109.20451	12.235343	126.773994	-24.549486	-109.39091	0.12200287	19147.318499088287
242	981.0	13.057565	1000.0	967.0	979.0	12.336936	1000.0	957.0	1000.0	1000.0	967999	109.21173	12.429697	126.46272	-24.023457	-109.399605	0.119447455	19230.19815802574
243	980.75	5.3091903	988.0	973.0	970.1	13.141157	989.0	951.0	1000.0	1000.0	971999	109.3007	12.285912	125.83248	-21.316118	-109.48886	0.12569591	19312.864584207535
244	984.75	9.627435	1000.0	974.0	975.3	7.9755874	988.0	963.0	1000.0	1000.0	975999	109.34755	12.22006	125.76335	-19.628578	-109.541115	0.12516545	19395.70277571678
245	982.75	13.273564	997.0	962.0	874.0	291.72485	994.0	0.0	1000.0	1000.0	979999	109.54087	12.035355	127.02326	-15.232363	-109.74056	0.1258189	19478.60759830475
246	973.25	13.899191	997.0	963.0	981.3	18.13312	1000.0	947.0	1000.0	1000.0	983999	109.7131	12.078816	128.13257	-17.231384	-109.9052	0.124469966	19561.423986434937
247	989.75	7.5952287	997.0	977.0	974.8	11.2676525	990.0	947.0	1000.0	1000.0	987999	109.70386	12.125614	128.45203	-19.978495	-109.894775	0.12280646	19644.48087000847
248	968.25	7.6607766	977.0	956.0	978.6	10.641429	993.0	956.0	1000.0	1000.0	991999	109.72358	12.05943	129.45557	-19.936533	-109.913765	0.1272649	19727.237528324127
249	967.5	8.077747	979.0	957.0	977.8	16.904438	1000.0	951.0	1000.0	1000.0	995999	109.7768	11.96793	128.88596	-20.675447	-109.96686	0.12704667	19810.1524412632
250	973.75	14.35923	998.0	961.0	971.3	14.973643	994.0	946.0	1000.0	1000.0	999999	109.78872	12.171705	128.71275	-20.48984	-109.9815	0.12325313	19892.223958015442
251	967.5	9.552486	981.0	954.0	979.1	8.190848	992.0	963.0	1000.0	1000.0	1003999	109.888	12.097009	127.1753	-18.99134	-110.07665	0.12408568	19974.172288894653
252	977.5	12.579745	997.0	965.0	966.3	16.739475	985.0	925.0	1000.0	1000.0	1007999	109.94055	12.05087	126.118546	-19.66706	-110.124825	0.12004787	20056.268005371094
253	971.25	10.985786	987.0	956.0	977.9	14.376718	1000.0	953.0	1000.0	1000.0	1011999	109.96231	12.026221	125.36479	-19.45464	-110.13958	0.1222587	20138.43379354477
254	965.5	4.7169905	970.0	958.0	977.3	13.740815	1000.0	963.0	1000.0	1000.0	1015999	109.98752	12.077712	128.77632	-21.771461	-110.17393	0.116966024	20220.488781690598
255	970.25	17.62633	997.0	949.0	964.4	11.280071	987.0	951.0	1000.0	1000.0	1019999	110.39082	12.0097475	130.1495	-23.797903	-110.58587	0.12453041	20302.377623558044
256	979.75	13.00721	996.0	966.0	977.7	12.296747	996.0	952.0	1000.0	1000.0	1023999	110.91278	10.601566	131.78728	-19.276928	-111.09991	0.11982021	20384.480246543884
257	817.75	245.38885	972.0	393.0	878.1	293.02985	1000.0	0.0	1000.0	1000.0	1027999	111.37522	8.736898	132.00981	-15.632968	-111.55995	0.12165166	20466.422751426697
258	967.75	8.437268	982.0	960.0	976.0	16.062378	1000.0	953.0	1000.0	1000.0	1031999	111.69204	7.182821	133.00034	-8.925355	-111.87264	0.11903173	20548.496489286423
259	962.0	3.6055512	967.0	957.0	969.1	8.7	984.0	955.0	1000.0	1000.0	1035999	111.87207	6.398902	130.22049	48.106293	-112.05593	0.11721252	20630.66245484352
260	981.5	6.538348	987.0	971.0	879.2	293.12857	990.0	0.0	1000.0	1000.0	1039999	112.07962	6.2866173	131.45659	43.86577	-112.26278	0.12051959	20712.77282834053
261	966.75	12.049377	977.0	947.0	973.3	15.119854	995.0	944.0	1000.0	1000.0	1043999	112.15153	6.1841826	129.45793	39.19587	-112.318535	0.10222199	20794.84783768654
262	966.0	16.062378	982.0	940.0	883.9	283.13934	1000.0	36.0	1000.0	1000.0	1047999	112.11593	5.9189334	127.11141	35.20875	-112.280045	0.09598474	20876.73078727722
263	965.5	5.0249376	970.0	957.0	969.8	12.8514595	993.0	949.0	1000.0	1000.0	1051999	112.01329	5.7566104	124.33955	33.42251	-112.17285	0.09316574	20958.90071296692
264	964.75	12.152675	982.0	948.0	880.2	293.5135	992.0	0.0	1000.0	1000.0	1055999	111.92489	5.5317616	122.864586	32.81993	-112.08063	0.0900594	21040.817395687103
265	958.25	41.912857	990.0	887.0	975.4	15.278743	996.0	946.0	1000.0	1000.0	1059999	111.84245	5.230871	122.5285	29.51082	-111.99566	0.090475075	21122.751544713974
266	974.25	14.872374	993.0	956.0	979.2	10.609429	1000.0	966.0	1000.0	1000.0	1063999	111.80845	5.149433	120.70504	29.949799	-111.95976	0.090194836	21204.88911294937
267	973.0	9.246621	985.0	964.0	974.4	11.394735	996.0	963.0	1000.0	1000.0	1067999	111.69804	5.129493	120.945694	22.575108	-111.83912	0.08864153	21286.87734389305
268	983.25	5.3091903	991.0	977.0	970.6	10.772187	993.0	960.0	1000.0	1000.0	1071999	111.56231	5.115207	120.23974	22.925407	-111.706	0.086554915	21368.734731197357
269	970.75	12.754901	988.0	952.0	965.8	13.444702	998.0	948.0	1000.0	1000.0	1075999	111.54129	5.1926045	120.367805	20.21107	-111.690926	0.0850453	21450.661995887756
270	949.75	39.27706	989.0	885.0	973.3	7.5637293	985.0	963.0	1000.0	1000.0	1079999	111.42463	4.934094	118.92862	18.43159	-111.55066	0.08346943	21532.787548303604
271	974.0	8.860023	987.0	962.0	977.6	7.539231	991.0	967.0	1000.0	1000.0	1083999	111.10456	4.89792	118.55597	18.12342	-111.233345	0.08035396	21614.880633831024
272	970.5	14.044572	988.0	949.0	928.5	126.62642	986.0	551.0	1000.0	1000.0	1087999	111.00642	4.7284293	117.59543	20.354422	-111.14358	0.08173212	21696.96047449112
273	976.25	17.893784	998.0	949.0	979.4	11.842298	999.0	961.0	1000.0	1000.0	1091999	111.04101	4.505381	117.03375	23.931988	-111.17986	0.07986722	21779.189824581146
274	963.0	2.9154758	967.0	959.0	976.5	10.161201	992.0	959.0	1000.0	1000.0	1095999	111.16833	4.495524	116.96715	28.936314	-111.312325	0.07898176	21861.256960868835
275	731.25	394.45557	981.0	49.0	964.8	54.740845	996.0	803.0	1000.0	1000.0	1099999	111.12859	4.5663614	117.10085	27.392324	-111.256935	0.07703106	21943.340052843094
276	968.25	8.407586	980.0	957.0	934.8	103.73119	992.0	627.0	1000.0	1000.0	1103999	111.11542	4.4874873	116.465996	28.361647	-111.25626	0.08256667	22025.62893152237
277	967.0	12.247449	985.0	953.0	964.9	20.578875	1000.0	919.0	1000.0	1000.0	1107999	111.24656	4.3971515	116.844505	31.78909	-111.389435	0.08363509	22107.82515859604
278	823.75	184.68538	959.0	509.0	973.6	14.171803	997.0	956.0	1000.0	1000.0	1111999	111.33167	4.401176	117.55533	23.042812	-111.46322	0.08462794	22190.113069057465
279	967.25	15.0229	992.0	953.0	898.1	251.43446	1000.0	145.0	1000.0	1000.0	1115999	111.07336	4.4410777	116.882195	29.448887	-111.19355	0.07930035	22272.358491897583
280	966.25	4.81534	972.0	961.0	949.2	78.37193	1000.0	718.0	1000.0	1000.0	1119999	110.98251	4.445325	116.54261	32.37497	-111.12099	0.07268119	22354.441655874252
281	968.25	20.27776	990.0	935.0	973.8	10.438391	991.0	957.0	1000.0	1000.0	1123999	111.13024	4.3492823	116.52055	30.717417	-111.26609	0.07561657	22436.630246400833
282	970.0	12.349089	987.0	953.0	977.0	12.345039	1000.0	962.0	1000.0	1000.0	1127999	111.05548	4.300301	117.351746	30.544655	-111.181564	0.07495719	22518.87366461754
283	862.5	174.64894	964.0	560.0	965.1	10.596698	977.0	946.0	1000.0	1000.0	1131999	110.93935	4.121403	117.44636	42.0748	-111.06664	0.0705067	22601.14353442192
284	967.5	8.077747	976.0	958.0	854.2	289.42004	989.0	5.0	1000.0	1000.0	1135999	110.90049	4.0404186	117.834984	40.05433	-111.03286	0.07074585	22683.57975745201
285	980.0	11.85327	1000.0	969.0	878.8	290.0151	985.0	9.0	1000.0	1000.0	1139999	110.9642	3.86416	118.6739	45.897156	-111.10189	0.06936638	22765.853065013885
286	899.5	115.53463	980.0	700.0	972.9	15.940201	999.0	944.0	1000.0	1000.0	1143999	111.02244	3.9061246	119.40207	45.338905	-111.15431	0.068611965	22848.15306353569
287	545.75	436.66257	977.0	0.0	948.4	49.433186	995.0	808.0	1000.0	1000.0	1147999	111.04167	3.9529963	119.25509	30.99209	-111.18202	0.067720294	22930.2417948246
288	978.25	9.858372	990.0	968.0	971.4	5.936329	980.0	961.0	1000.0	1000.0	1151999	111.09106	4.1641965	119.12945	27.186821	-111.2242	0.06939307	23012.48693060875
289	977.0	12.0415945	990.0	964.0	911.9	194.87556	995.0	328.0	1000.0	1000.0	1155999	111.08072	4.6121697	119.42693	5.332477	-111.21681	0.06723756	23094.676888227463
290	975.0	26.692696	1000.0	930.0	854.2	286.58884	980.0	0.0	1000.0	1000.0	1159999	111.33027	4.803049	119.7716	4.085559	-111.48639	0.0686495	23177.036472797394
291	746.0	398.37985	979.0	56.0	682.1	441.4971	1000.0	0.0	1000.0	1000.0	1163999	111.68756	4.549409	119.77064	22.252106	-111.838005	0.0691628	23259.450609207153
292	656.0	389.1902	971.0	15.0	971.5	12.90155	992.0	946.0	1000.0	1000.0	1167999	111.91074	4.620795	119.859604	26.872799	-112.06717	0.07410565	23341.656394720078
293	978.75	3.6996622	982.0	973.0	799.1	278.19794	993.0	303.0	1000.0	1000.0	1171999	112.58448	4.663968	123.13247	23.838383	-112.79352	0.080644	23424.12810945511
294	825.0	270.32297	994.0	357.0	956.0	27.313	984.0	894.0	1000.0	1000.0	1175999	113.62322	4.7097945	122.19533	36.289806	-113.79942	0.087794214	23506.72710251808
295	988.0	11.445523	997.0	969.0	911.3	138.12389	995.0	626.0	1000.0	1000.0	1179999	113.32369	4.628878	122.45157	34.27787	-113.45162	0.08339858	23588.89830970764
296	939.25	54.773968	989.0	848.0	971.3	13.733535	996.0	954.0	1000.0	1000.0	1183999	112.75158	4.481794	123.415504	36.92965	-112.875	0.08113325	23671.287419080734
297	778.75	292.6665	970.0	273.0	779.2	367.23584	992.0	2.0	1000.0	1000.0	1187999	112.27548	4.2567487	123.40262	43.452923	-112.39932	0.0767312	23753.692533493042
298	950.75	45.488323	979.0	872.0	807.7	336.96353	992.0	33.0	1000.0	1000.0	1191999	111.93578	4.356131	123.36035	35.081814	-112.063736	0.07281216	23836.042768001556
299	726.5	419.48807	975.0	0.0	739.1	391.92892	1000.0	0.0	1000.0	1000.0	1195999	111.67067	4.228432	123.58863	38.53545	-111.79991	0.07113855	23918.418365955353
300	492.25	492.25012	985.0	0.0	981.5	5.6964903	990.0	972.0	1000.0	1000.0	1199999	111.47981	4.245989	124.5896	35.46183	-111.61358	0.06981883	24000.66040968895
301	932.75	76.375305	985.0	801.0	681.1	435.41785	986.0	0.0	1000.0	1000.0	1203999	111.49758	4.322073	122.35681	22.611668	-111.64799	0.07248685	24083.006098508835
302	866.0	184.48035	987.0	547.0	967.6	18.757399	996.0	936.0	1000.0	1000.0	1207999	111.57541	4.3918	122.50135	20.704563	-111.717026	0.08092857	24165.38472700119
303	941.5	65.20928	988.0	829.0	827.6	318.90692	994.0	16.0	1000.0	1000.0	1211999	111.70024	4.426615	122.02404	38.851776	-111.86178	0.079940245	24247.8939807415
304	873.25	125.453926	980.0	664.0	971.5	14.354442	1000.0	948.0	1000.0	1000.0	1215999	112.29854	4.4960856	121.00643	27.726856	-112.47719	0.082194455	24330.10356736183
305	589.0	405.69016	969.0	4.0	482.7	433.2399	993.0	0.0	1000.0	1000.0	1219999	112.68705	4.546929	123.98521	33.275978	-112.845764	0.08700828	24412.64622402191
306	963.25	7.628073	971.0	951.0	957.8	43.77168	992.0	832.0	1000.0	1000.0	1223999	112.74478	4.492809	123.53139	59.660835	-112.91113	0.09231126	24494.975402593613
307	938.0	45.304523	974.0	861.0	976.0	9.95992	994.0	962.0	1000.0	1000.0	1227999	112.71729	4.2732143	120.533714	64.60861	-112.85687	0.08757772	24577.469258069992
308	788.5	254.66695	982.0	352.0	933.7	144.08264	1000.0	503.0	1000.0	1000.0	1231999	112.32299	4.267936	121.55203	65.58709	-112.45313	0.08641707	24659.91965174675
309	794.5	318.11752	1000.0	244.0	845.2	286.10934	1000.0	22.0	1000.0	1000.0	1235999	111.87594	4.0288568	123.244804	66.44317	-112.00473	0.08606833	24742.30302453041
310	784.75	351.54755	1000.0	176.0	605.0	430.1479	998.0	0.0	1000.0	1000.0	1239999	111.69262	3.905845	125.63866	69.22608	-111.83924	0.085234866	24824.57891511917
311	881.5	172.22151	1000.0	584.0	969.0	19.728153	987.0	915.0	1000.0	1000.0	1243999	111.85085	4.1040635	126.38748	68.37221	-112.01136	0.090759724	24907.035574674606
312	968.5	15.724185	991.0	948.0	973.7	25.34581	996.0	901.0	1000.0	1000.0	1247999	112.0145	4.1179256	126.021835	65.59751	-112.16703	0.09080763	24989.713475704193
313	956.25	34.629288	986.0	898.0	839.7	189.72826	1000.0	504.0	1000.0	1000.0	1251999	112.06646	4.24935	125.56907	62.541317	-112.22071	0.087503724	25072.134436368942
314	875.75	180.93697	994.0	563.0	967.8	12.655434	991.0	946.0	1000.0	1000.0	1255999	112.23415	4.024982	125.47858	66.58397	-112.393555	0.088357486	25154.57899928093
315	972.5	10.712143	987.0	957.0	961.0	49.549973	996.0	816.0	1000.0	1000.0	1259999	112.16819	3.9145184	125.7961	65.387115	-112.3122	0.07986987	25237.104462385178
316	950.25	35.555416	982.0	890.0	878.2	292.8825	987.0	0.0	1000.0	1000.0	1263999	112.15036	3.8445537	125.268	65.751	-112.30497	0.08257046	25319.607449293137
317	968.5	17.951323	997.0	948.0	878.4	293.15668	998.0	0.0	1000.0	1000.0	1267999	112.07682	3.9699771	124.69942	65.42461	-112.21531	0.080815844	25402.14440393448
318	959.0	3.391165	964.0	955.0	968.1	15.687257	988.0	945.0	1000.0	1000.0	1271999	111.77392	4.075556	123.82904	63.987247	-111.90322	0.08136981	25484.632723093033
319	896.5	117.555305	970.0	693.0	890.1	226.74411	991.0	211.0	1000.0	1000.0	1275999	111.51005	4.050965	122.9636	64.657364	-111.64097	0.08114456	25567.11767745018
320	980.5	13.955286	994.0	962.0	970.0	15.283978	1000.0	955.0	1000.0	1000.0	1279999	111.19502	4.003713	122.186066	64.36796	-111.322	0.07995291	25649.807237625122
321	981.25	11.4537115	993.0	965.0	864.2	293.32605	991.0	0.0	1000.0	1000.0	1283999	110.9459	3.8630004	122.619804	65.6602	-111.07417	0.07546292	25732.24831175804
322	971.0	19.723083	996.0	944.0	958.9	13.809055	987.0	943.0	1000.0	1000.0	1287999	110.76573	3.8947012	121.59106	64.72312	-110.895424	0.076734416	25814.91807770729
323	978.75	5.1173725	987.0	973.0	978.0	14.484474	1000.0	950.0	1000.0	1000.0	1291999	110.70166	3.9299474	121.31453	66.4695	-110.83808	0.078830555	25897.509855747223
324	976.25	2.772634	979.0	973.0	878.1	276.14578	993.0	51.0	1000.0	1000.0	1295999	110.70314	3.7918844	119.831764	64.88142	-110.84039	0.07643149	25979.880709648132
325	957.5	21.453438	983.0	926.0	941.0	101.963715	998.0	638.0	1000.0	1000.0	1299999	110.79614	3.751018	118.87301	61.751194	-110.94251	0.08909679	26062.406935691833
326	727.75	413.3306	980.0	12.0	968.3	14.422552	997.0	951.0	1000.0	1000.0	1303999	111.06686	6.419401	124.02568	-373.46384	-111.24412	0.2381929	26144.922308921814
327	969.25	8.407586	981.0	958.0	979.8	12.064825	997.0	965.0	1000.0	1000.0	1307999	111.6365	9.319668	125.84621	-313.86328	-111.811	0.14785394	26227.237390756607
328	974.75	6.759253	986.0	968.0	911.4	176.00294	997.0	387.0	1000.0	1000.0	1311999	112.17428	9.087868	129.84174	-270.6267	-112.35555	0.15245992	26309.42318534851
329	719.25	373.57288	983.0	80.0	707.5	381.5561	990.0	0.0	1000.0	1000.0	1315999	112.7764	8.78582	138.04927	-226.5165	-112.96662	0.14203328	26391.901967287064
330	619.25	369.40247	949.0	25.0	977.1	11.03132	994.0	963.0	1000.0	1000.0	1319999	113.44877	8.448998	139.72816	-175.34729	-113.64347	0.13674325	26474.244592905045
331	732.0	380.75253	991.0	78.0	597.2	386.947	998.0	0.0	1000.0	1000.0	1323999	113.70384	7.796954	138.78325	-125.04554	-113.87567	0.13858505	26556.673329114914
332	728.0	420.7618	989.0	0.0	583.0	467.44366	989.0	0.0	1000.0	1000.0	1327999	113.87228	7.525352	135.31104	-119.09143	-114.06228	0.1584616	26639.087215423584
333	743.25	387.73276	984.0	72.0	890.1	149.36897	1000.0	562.0	1000.0	1000.0	1331999	114.11963	6.709722	133.15904	-26.53532	-114.30611	0.12826663	26721.269294977188
334	973.0	19.862024	993.0	940.0	830.5	233.49014	986.0	315.0	1000.0	1000.0	1335999	114.48584	6.3283153	130.75078	-10.630373	-114.68628	0.13166556	26803.57673382759
335	752.0	255.40164	976.0	340.0	427.2	430.6657	981.0	0.0	1000.0	1000.0	1339999	114.98473	6.3921847	177.52316	2.051658	-115.20291	0.13502927	26886.075121164322
336	742.25	392.41965	1000.0	64.0	681.3	434.54324	980.0	16.0	1000.0	1000.0	1343999	115.45841	6.846115	169.8933	2.0510197	-115.636345	0.13761011	26968.417693138123
337	964.75	12.813567	979.0	944.0	862.0	290.3646	995.0	0.0	1000.0	1000.0	1347999	114.87268	6.662961	137.00038	2.0513427	-115.03234	0.12119215	27050.690469264984
338	737.25	299.46735	986.0	248.0	689.9	433.86688	993.0	0.0	1000.0	1000.0	1351999	114.39918	6.5327053	126.09666	2.0553803	-114.55734	0.12634136	27132.87931370735
339	938.5	41.716305	981.0	884.0	735.3	347.6789	999.0	0.0	1000.0	1000.0	1355999	113.97132	6.3278894	128.59132	2.05735	-114.12351	0.1257743	27215.105608940125
340	370.75	373.8097	809.0	0.0	648.0	429.11722	987.0	6.0	1000.0	1000.0	1359999	113.78486	6.4387717	130.883	2.0593464	-113.97416	0.13579205	27297.333167791367
341	756.5	369.3376	985.0	117.0	680.3	443.73932	997.0	0.0	1000.0	1000.0	1363999	114.06483	6.5384526	131.89941	2.0612154	-114.26096	0.13698798	27379.423001289368
342	552.75	426.03955	976.0	3.0	917.9	185.94485	1000.0	361.0	1000.0	1000.0	1367999	114.66909	7.1355653	127.366745	-35.75911	-114.9043	0.14982861	27461.7745783329
343	834.75	226.66426	986.0	443.0	970.4	16.45114	998.0	938.0	1000.0	1000.0	1371999	115.22913	7.6896935	128.49913	-125.692764	-115.42824	0.21976137	27544.02603507042
344	762.0	365.4634	974.0	129.0	872.0	287.39798	995.0	12.0	1000.0	1000.0	1375999	115.08298	8.839413	126.33844	-178.21004	-115.27185	0.16241248	27626.51085615158
345	967.5	19.5	1000.0	948.0	975.3	18.552898	1000.0	953.0	1000.0	1000.0	1379999	114.90812	8.824134	124.829346	-199.58702	-115.08475	0.16069628	27708.708198785782
346	716.0	360.42404	993.0	102.0	781.2	389.94327	1000.0	0.0	1000.0	1000.0	1383999	114.50575	8.568846	125.05722	-152.43375	-114.671364	0.14719471	27790.995903730392
347	936.5	80.14518	991.0	798.0	971.5	21.546461	996.0	917.0	1000.0	1000.0	1387999	114.04778	8.7098055	126.92951	-154.25119	-114.21211	0.1437082	27873.445107460022
348	935.25	51.96814	1000.0	864.0	974.0	12.907363	1000.0	950.0	1000.0	1000.0	1391999	113.69454	9.054384	125.22556	-178.88203	-113.856	0.14418359	27955.959592819214
349	985.75	9.443913	1000.0	975.0	946.1	73.55468	996.0	731.0	1000.0	1000.0	1395999	113.24549	9.274444	122.218216	-170.90775	-113.41069	0.15318295	28038.383261203766
350	722.75	418.05167	991.0	0.0	875.1	291.91864	992.0	0.0	1000.0	1000.0	1399999	113.20903	8.741678	121.515594	-199.95384	-113.37949	0.15393165	28120.853219985962
351	952.5	42.81063	985.0	879.0	953.5	67.721855	995.0	754.0	1000.0	1000.0	1403999	112.99291	8.320976	120.15299	-154.92607	-113.15482	0.12729993	28203.16346502304
352	542.0	391.43198	957.0	141.0	784.9	390.64905	994.0	0.0	1000.0	1000.0	1407999	112.62602	8.911088	119.34616	-157.00963	-112.77664	0.13314188	28285.70694231987
353	981.75	9.364161	997.0	972.0	878.5	292.3478	991.0	2.0	1000.0	1000.0	1411999	112.08253	8.920343	118.42627	-158.20674	-112.22103	0.13186859	28368.05339884758
354	978.0	12.806249	992.0	960.0	875.0	288.5103	999.0	12.0	1000.0	1000.0	1415999	111.63142	8.882831	117.90029	-176.36882	-111.77513	0.13505736	28450.200077533722
355	889.5	129.04747	977.0	667.0	877.7	282.1241	992.0	32.0	1000.0	1000.0	1419999	111.29246	8.847996	121.8262	-165.07166	-111.434814	0.12993775	28532.5435526371
356	972.75	27.56243	1000.0	927.0	853.4	288.53534	997.0	29.0	1000.0	1000.0	1423999	111.02192	8.88907	120.99704	-157.19621	-111.1673	0.12844598	28614.945459604263
357	779.25	322.36966	975.0	221.0	872.0	278.2269	992.0	39.0	1000.0	1000.0	1427999	110.87712	8.883575	116.63803	-154.04916	-111.025795	0.12535161	28697.20274400711
358	741.75	399.69012	996.0	50.0	961.7	38.491684	1000.0	856.0	1000.0	1000.0	1431999	110.7688	9.15605	116.26686	-154.37703	-110.92336	0.13331915	28779.63156056404
359	961.75	17.32592	984.0	942.0	919.5	147.81897	994.0	478.0	1000.0	1000.0	1435999	110.9635	8.9153385	118.97372	-167.4285	-111.13523	0.13874887	28861.85986638069
360	959.0	24.46426	994.0	925.0	975.6	9.604166	993.0	962.0	1000.0	1000.0	1439999	111.25564	9.043871	120.386154	-149.87656	-111.43024	0.1310957	28944.17411184311
361	761.75	369.53036	993.0	122.0	964.2	10.665833	981.0	947.0	1000.0	1000.0	1443999	111.45759	8.87084	120.68702	-157.502	-111.62419	0.13605197	29026.29611849785
362	839.25	201.08379	980.0	492.0	927.7	121.88687	989.0	564.0	1000.0	1000.0	1447999	111.53377	8.632637	120.11417	-130.7369	-111.699	0.13581915	29108.797090530396
363	825.75	239.86076	990.0	412.0	952.6	51.81737	998.0	811.0	1000.0	1000.0	1451999	111.6635	7.9622555	119.23881	-119.74452	-111.83536	0.13608989	29190.976473093033
364	959.5	22.276669	986.0	925.0	962.7	28.837648	1000.0	910.0	1000.0	1000.0	1455999	111.75418	8.368295	118.359886	-125.40441	-111.927414	0.1322684	29273.78834247589
365	918.0	64.94998	972.0	811.0	884.8	295.28894	1000.0	0.0	1000.0	1000.0	1459999	111.991	8.344162	118.419846	-122.02518	-112.17383	0.138309	29356.086454868317
366	968.5	8.87412	980.0	958.0	920.5	137.63376	1000.0	511.0	1000.0	1000.0	1463999	112.34134	8.610019	132.10847	-121.58592	-112.531456	0.14279985	29438.392966747284
367	975.75	12.910751	997.0	964.0	978.8	12.480385	1000.0	966.0	1000.0	1000.0	1467999	112.66243	8.711947	147.86511	-102.658936	-112.84609	0.14021453	29520.617191314697
368	954.0	36.07631	995.0	902.0	876.9	277.664	998.0	45.0	1000.0	1000.0	1471999	112.71129	8.775915	169.81615	-84.23474	-112.881035	0.13249321	29602.92781996727
369	961.25	30.946526	994.0	926.0	950.3	51.283627	994.0	809.0	1000.0	1000.0	1475999	112.65558	8.788204	180.98712	-92.43733	-112.83202	0.13783559	29684.995229005814
370	982.0	4.7434163	989.0	976.0	974.9	12.267437	993.0	956.0	1000.0	1000.0	1479999	112.75602	8.680031	170.5051	-73.027985	-112.93744	0.12870772	29767.243046998978
371	944.25	31.767712	970.0	890.0	813.4	307.13263	990.0	0.0	1000.0	1000.0	1483999	112.72758	8.717052	142.76062	-62.066273	-112.897	0.12341001	29849.641535282135
372	936.0	57.510868	979.0	838.0	868.4	287.397	984.0	7.0	1000.0	1000.0	1487999	112.71832	8.514844	118.90077	-56.113136	-112.89079	0.12568519	29931.799910068512
373	948.25	69.09188	995.0	829.0	971.0	14.436066	991.0	941.0	1000.0	1000.0	1491999	112.53398	8.533551	118.67954	-35.508858	-112.69357	0.118203096	30014.2797832489
374	967.0	10.700467	979.0	950.0	959.3	21.236996	983.0	910.0	1000.0	1000.0	1495999	112.21802	8.534814	118.48343	-23.092579	-112.36919	0.11762991	30096.645175457
375	740.75	424.31555	999.0	6.0	899.7	246.73753	999.0	160.0	1000.0	1000.0	1499999	112.01519	8.279366	119.54421	-17.150326	-112.184044	0.126651	30179.051608085632
376	966.25	29.886242	1000.0	918.0	972.1	8.466995	990.0	955.0	1000.0	1000.0	1503999	111.98283	8.23873	138.42883	-2.5194867	-112.14939	0.12573072	30261.336077451706
377	969.5	9.861542	983.0	957.0	965.7	21.335651	994.0	931.0	1000.0	1000.0	1507999	111.99121	7.97976	142.24756	-2.1423032	-112.165	0.12153195	30343.720769166946
378	976.5	13.275918	993.0	956.0	971.7	13.856767	989.0	944.0	1000.0	1000.0	1511999	112.05593	7.7017336	147.43375	0.24909246	-112.219925	0.11694568	30425.999581098557
379	910.0	91.972824	971.0	751.0	935.4	96.035614	993.0	650.0	1000.0	1000.0	1515999	111.83826	7.376536	146.45511	2.0094476	-111.9942	0.116667844	30508.232991933823
380	966.5	15.337862	982.0	947.0	869.4	281.94583	997.0	25.0	1000.0	1000.0	1519999	111.67009	6.949189	142.56128	2.0112782	-111.83255	0.12366828	30590.629029750824
381	962.75	19.626194	993.0	939.0	885.0	286.90347	1000.0	26.0	1000.0	1000.0	1523999	111.68245	6.7907043	140.39641	2.014176	-111.85323	0.1368307	30672.943594932556
382	721.75	404.00333	957.0	22.0	972.6	10.248902	990.0	954.0	1000.0	1000.0	1527999	111.81023	6.5502753	240.21571	2.0238774	-111.98	0.17946175	30755.175733566284
383	971.25	13.553136	992.0	954.0	973.8	14.985327	992.0	950.0	1000.0	1000.0	1531999	111.79855	6.679779	264.46143	2.0443404	-111.96103	0.2745873	30837.078573703766
384	974.25	9.337424	986.0	962.0	982.4	15.147277	1000.0	951.0	1000.0	1000.0	1535999	111.75707	6.772698	250.0888	2.0629408	-111.92145	0.15772921	30919.099159240723
385	977.25	18.766659	998.0	947.0	873.1	289.68033	992.0	5.0	1000.0	1000.0	1539999	111.72531	6.7603335	266.51132	2.0709853	-111.89416	0.17932145	31000.950609207153
386	973.5	19.474342	992.0	942.0	977.2	13.934131	995.0	956.0	1000.0	1000.0	1543999	111.8161	6.8455076	260.1706	2.081747	-111.99345	0.18334745	31082.849094867706
387	759.0	397.90137	999.0	70.0	977.5	12.273956	997.0	950.0	1000.0	1000.0	1547999	112.00886	6.8939114	221.2463	2.0875819	-112.180046	0.21378376	31164.883397579193
388	970.5	12.61943	988.0	953.0	980.8	16.642115	1000.0	949.0	1000.0	1000.0	1551999	111.90689	6.917925	241.24597	2.0997093	-112.06676	0.20788105	31246.755773067474
389	982.0	8.514693	996.0	973.0	905.1	221.7451	1000.0	241.0	1000.0	1000.0	1555999	111.77696	7.04855	229.39742	2.102729	-111.93908	0.2769226	31328.684024333954
390	967.75	18.005207	994.0	947.0	946.5	88.55422	1000.0	685.0	1000.0	1000.0	1559999	111.61871	7.149536	173.9663	2.112013	-111.775185	0.19968648	31410.536210775375
391	973.5	9.75961	986.0	959.0	976.3	14.408678	1000.0	954.0	1000.0	1000.0	1563999	111.46442	7.299707	203.28513	2.1218922	-111.62337	0.18508688	31492.07811808586
392	970.75	19.421316	996.0	943.0	879.9	284.5577	988.0	27.0	1000.0	1000.0	1567999	111.42665	7.5610285	136.19815	2.1280613	-111.59264	0.18745719	31573.69713115692
393	733.5	423.53305	988.0	0.0	971.6	10.697664	994.0	953.0	1000.0	1000.0	1571999	111.34002	7.6421466	147.05443	-3.4876661	-111.502686	0.23744078	31655.359493732452
394	736.25	415.55347	993.0	17.0	788.1	390.1657	1000.0	5.0	1000.0	1000.0	1575999	111.13932	7.8789353	124.21284	2.152473	-111.29283	0.17161152	31737.16690182686
395	973.0	8.689074	988.0	967.0	975.8	17.775265	993.0	940.0	1000.0	1000.0	1579999	110.97979	8.145472	120.51442	2.1583767	-111.13776	0.15190168	31818.96130299568
396	951.5	13.425721	966.0	934.0	867.6	289.731	996.0	0.0	1000.0	1000.0	1583999	110.94941	7.890514	145.25758	-1.2807424	-111.11183	0.16580778	31900.715265512466
397	963.5	15.580437	981.0	947.0	973.4	14.086874	993.0	946.0	1000.0	1000.0	1587999	110.76216	7.8468018	140.73509	-0.13603139	-110.90744	0.14705645	31982.348363161087
398	965.5	13.219304	980.0	944.0	918.2	103.82851	986.0	642.0	1000.0	1000.0	1591999	110.49381	8.163818	132.47528	-3.6391325	-110.63885	0.16126475	32063.964948177338
399	987.25	9.679231	1000.0	976.0	967.7	27.14793	997.0	903.0	1000.0	1000.0	1595999	110.24466	8.716676	119.36179	-10.198486	-110.38803	0.1618604	32145.659904241562
400	971.25	7.292976	981.0	962.0	975.5	12.947972	1000.0	956.0	1000.0	1000.0	1599999	109.99692	9.233451	119.657486	-11.422241	-110.13983	0.15544032	32227.21781516075
401	957.0	15.508062	972.0	931.0	971.1	13.501482	990.0	944.0	1000.0	1000.0	1603999	109.74359	9.540502	119.10779	-7.801736	-109.88176	0.12820248	32308.89172554016
402	964.0	21.737064	1000.0	943.0	982.3	11.296459	993.0	953.0	1000.0	1000.0	1607999	109.60386	9.398683	118.475685	0.57905984	-109.75186	0.13190375	32390.513905763626
403	840.5	238.75772	982.0	427.0	878.0	278.9602	992.0	42.0	1000.0	1000.0	1611999	109.76947	9.3136635	124.07366	2.2534683	-109.933525	0.14055456	32472.20802283287
404	974.75	4.43706	980.0	968.0	979.5	13.433167	997.0	955.0	1000.0	1000.0	1615999	110.08555	9.524569	130.20447	2.2533445	-110.25712	0.14142743	32553.74586391449
405	961.25	17.253622	990.0	946.0	973.0	13.236314	993.0	953.0	1000.0	1000.0	1619999	110.429	9.487286	131.9399	1.8787513	-110.605965	0.13555124	32635.471924304962
406	976.5	9.313968	990.0	966.0	973.0	12.271919	992.0	950.0	1000.0	1000.0	1623999	110.86584	9.407247	127.305046	0.6668595	-111.04754	0.12859836	32717.38122534752
407	988.25	11.797775	1000.0	972.0	972.8	17.73584	994.0	934.0	1000.0	1000.0	1627999	111.27337	9.682613	123.79814	-0.13090134	-111.464516	0.12817316	32799.110755205154
408	983.0	13.341664	997.0	961.0	960.6	16.770212	986.0	938.0	1000.0	1000.0	1631999	111.80364	9.6413555	124.578705	-0.35016513	-112.00022	0.13096777	32880.805693626404
409	980.25	10.615437	993.0	967.0	878.3	292.96555	993.0	0.0	1000.0	1000.0	1635999	112.19445	9.568173	124.7658	1.150216	-112.38031	0.1314858	32962.72052145004
410	935.5	59.331696	991.0	838.0	961.9	30.33628	993.0	900.0	1000.0	1000.0	1639999	112.27238	9.636668	123.878136	2.2743013	-112.45579	0.11916768	33044.60864067078
411	853.75	171.16129	986.0	560.0	827.8	272.2127	986.0	177.0	1000.0	1000.0	1643999	112.45278	9.4986515	123.93488	2.2775156	-112.64291	0.12042143	33126.418531894684
412	949.5	8.261355	962.0	939.0	965.9	16.729914	987.0	930.0	1000.0	1000.0	1647999	112.68699	9.6342745	123.39073	2.2817535	-112.87678	0.12507844	33208.31530547142
413	963.0	11.247222	975.0	946.0	761.7	377.38443	969.0	0.0	1000.0	1000.0	1651999	112.88092	9.80344	123.015564	2.28382	-113.07793	0.12879917	33290.39294099808
414	841.75	215.52885	985.0	469.0	935.1	79.794044	999.0	703.0	1000.0	1000.0	1655999	113.10982	9.667929	123.03088	2.1664388	-113.30252	0.12392233	33372.38765835762
415	727.75	393.3811	975.0	47.0	982.3	14.656399	1000.0	951.0	1000.0	1000.0	1659999	113.20268	9.569134	123.26909	1.3660531	-113.39525	0.12669791	33454.13055419922
416	941.0	34.48913	973.0	883.0	958.6	36.995136	996.0	877.0	1000.0	1000.0	1663999	113.28199	9.647538	123.570045	0.9823637	-113.476654	0.13152134	33536.26042556763
417	960.5	20.694202	976.0	925.0	843.2	296.36356	1000.0	0.0	1000.0	1000.0	1667999	113.23872	9.682807	123.32209	-0.2805555	-113.41975	0.12220601	33618.107756614685
418	977.0	14.764823	993.0	953.0	975.8	11.408769	991.0	959.0	1000.0	1000.0	1671999	113.11623	9.529681	122.57116	-0.67494273	-113.29522	0.12049075	33699.924531936646
419	759.5	372.10382	976.0	115.0	833.7	308.18793	1000.0	25.0	1000.0	1000.0	1675999	113.02491	9.526665	121.21445	2.2966344	-113.21864	0.12983574	33781.94678926468
420	973.75	11.233321	990.0	961.0	936.5	131.05438	994.0	544.0	1000.0	1000.0	1679999	113.32433	9.5022135	120.84529	2.2990975	-113.53789	0.13470884	33863.954561948776
421	495.5	482.02203	984.0	13.0	856.9	292.34344	994.0	11.0	1000.0	1000.0	1683999	113.96418	9.547024	126.53548	2.3025272	-114.20203	0.15598856	33946.043181180954
422	967.5	7.2629194	979.0	959.0	543.0	451.7993	1000.0	0.0	1000.0	1000.0	1687999	115.02347	9.453046	139.80779	2.3077507	-115.28748	0.16290186	34028.01605272293
423	623.0	402.80206	992.0	0.0	787.8	362.73566	1000.0	24.0	1000.0	1000.0	1691999	116.05165	9.657657	146.28603	2.3152945	-116.317924	0.17636912	34110.02128243446
424	736.75	419.21796	994.0	11.0	808.0	277.7632	986.0	33.0	1000.0	1000.0	1695999	116.9222	9.564441	161.29282	2.32073	-117.18669	0.19413687	34192.20036768913
425	970.25	16.768646	994.0	953.0	962.3	48.67042	1000.0	836.0	1000.0	1000.0	1699999	117.4653	9.547748	144.02045	2.330814	-117.71329	0.1846209	34274.42975687981
426	973.5	9.63068	990.0	966.0	947.7	84.54236	997.0	696.0	1000.0	1000.0	1703999	117.45398	9.411034	137.56033	2.3409886	-117.67563	0.17495386	34356.46470332146
427	977.75	13.423394	994.0	964.0	979.2	12.859238	995.0	955.0	1000.0	1000.0	1707999	117.25255	9.301524	135.40431	2.3497567	-117.48084	0.17717797	34438.61755847931
428	975.5	10.062305	989.0	962.0	974.2	15.184202	994.0	952.0	1000.0	1000.0	1711999	117.16065	9.209513	133.01915	2.3628254	-117.384796	0.16377813	34520.73831629753
429	971.25	20.104414	996.0	943.0	985.1	9.016097	1000.0	968.0	1000.0	1000.0	1715999	116.89464	9.461991	128.81163	2.3715487	-117.1043	0.15640938	34602.78427863121
430	967.25	5.2141633	973.0	959.0	978.5	8.980535	996.0	968.0	1000.0	1000.0	1719999	116.39371	9.58341	125.94973	0.39156008	-116.58868	0.14308117	34684.90195584297
431	974.25	18.267115	997.0	953.0	975.9	11.742658	997.0	962.0	1000.0	1000.0	1723999	115.87112	9.520193	125.65159	1.7957108	-116.06189	0.1423708	34767.12796378136
432	965.75	13.235842	976.0	943.0	943.0	106.34943	1000.0	626.0	1000.0	1000.0	1727999	115.33492	9.493704	126.19134	2.3771906	-115.52642	0.14451437	34849.28092503548
433	971.0	4.0620193	974.0	964.0	980.1	8.993887	994.0	966.0	1000.0	1000.0	1731999	114.9664	9.473359	134.6797	2.380531	-115.16029	0.14562933	34931.54313611984
434	970.25	13.571569	988.0	951.0	969.6	25.104582	992.0	902.0	1000.0	1000.0	1735999	114.66067	9.530045	134.37538	2.3829813	-114.85264	0.14915775	35013.76319050789
435	937.0	61.282135	977.0	831.0	970.8	19.182283	1000.0	931.0	1000.0	1000.0	1739999	114.43055	9.692078	128.32646	2.3863826	-114.628716	0.14406091	35096.024529218674
436	981.5	6.689544	993.0	977.0	963.4	53.07768	1000.0	811.0	1000.0	1000.0	1743999	114.42188	9.5015545	133.4976	2.3921885	-114.62864	0.14328294	35178.21058368683
437	775.5	351.40753	988.0	167.0	947.6	69.735504	983.0	739.0	1000.0	1000.0	1747999	114.47451	9.206155	123.43621	2.4035575	-114.676285	0.1422786	35260.6604514122
438	959.5	33.018932	991.0	904.0	951.5	58.325382	1000.0	793.0	1000.0	1000.0	1751999	114.34229	9.23433	122.38155	2.4108298	-114.542046	0.14535879	35342.99689292908
439	913.0	98.797775	974.0	742.0	802.8	342.82382	989.0	7.0	1000.0	1000.0	1755999	114.28205	9.064081	124.58151	2.418399	-114.48909	0.15286519	35425.19550061226
440	969.5	9.233092	983.0	957.0	966.1	17.609373	988.0	924.0	1000.0	1000.0	1759999	114.38219	9.096376	124.92475	2.4252715	-114.59259	0.15372826	35507.37060689926
441	971.0	9.137834	982.0	961.0	779.4	381.93512	995.0	13.0	1000.0	1000.0	1763999	114.32726	9.127563	124.489044	2.4307961	-114.52625	0.16379672	35589.73794722557
442	981.5	6.946222	991.0	972.0	973.4	16.18765	990.0	943.0	1000.0	1000.0	1767999	114.22026	9.072357	124.3088	2.4359848	-114.42238	0.15747109	35671.99773979187
443	983.75	12.457428	1000.0	966.0	909.8	183.21234	984.0	361.0	1000.0	1000.0	1771999	114.17495	9.044822	126.168724	2.4428334	-114.376564	0.15492938	35754.16792535782
444	984.0	11.467345	1000.0	970.0	969.8	11.711533	989.0	956.0	1000.0	1000.0	1775999	114.08738	9.047345	126.31192	2.4479759	-114.28208	0.14680506	35836.390964984894
445	987.75	3.344772	993.0	984.0	982.3	10.247438	997.0	968.0	1000.0	1000.0	1779999	113.87913	9.122614	126.42246	2.4518235	-114.067375	0.14311789	35918.39805030823
446	967.0	13.28533	989.0	956.0	944.1	78.19904	991.0	713.0	1000.0	1000.0	1783999	113.70303	8.942269	126.480064	2.4568732	-113.89773	0.14596955	36000.585654973984
447	958.25	16.437382	971.0	930.0	979.5	9.84124	996.0	965.0	1000.0	1000.0	1787999	113.65466	9.180535	127.044785	2.460283	-113.84654	0.15190485	36082.46904373169
448	966.75	12.616953	983.0	948.0	963.1	24.295883	995.0	899.0	1000.0	1000.0	1791999	113.48264	9.5041895	125.64324	2.468885	-113.67195	0.14438367	36164.567509651184
449	955.25	9.858372	967.0	945.0	965.5	14.739403	984.0	944.0	1000.0	1000.0	1795999	113.39977	9.623909	124.60419	2.472627	-113.59873	0.1385799	36247.09878516197
450	913.75	112.655174	990.0	719.0	944.7	101.11582	990.0	642.0	1000.0	1000.0	1799999	113.48114	9.623723	124.37373	1.4900248	-113.67827	0.14480741	36328.9829185009
451	959.75	36.46488	993.0	899.0	972.7	19.277187	1000.0	932.0	1000.0	1000.0	1803999	113.37668	9.806845	124.80504	2.474715	-113.56501	0.14260596	36411.08089017868
452	968.0	18.894444	991.0	941.0	966.7	18.601343	985.0	924.0	1000.0	1000.0	1807999	113.30157	9.793676	125.09784	2.4771159	-113.50172	0.14804089	36493.233051776886
453	946.5	26.024027	984.0	911.0	952.5	40.893154	986.0	840.0	1000.0	1000.0	1811999	113.43612	9.6719475	124.02085	-2.7199633	-113.638	0.15316164	36575.5644030571
454	977.5	18.768324	1000.0	948.0	966.5	33.927128	1000.0	896.0	1000.0	1000.0	1815999	113.46243	9.836119	123.28585	-1.7888086	-113.65675	0.15408945	36657.60141277313
455	969.5	20.670027	1000.0	942.0	842.7	292.3782	993.0	29.0	1000.0	1000.0	1819999	113.34182	9.830706	122.411606	0.78542733	-113.530235	0.14736529	36739.720937013626
456	977.75	14.618053	995.0	960.0	904.6	183.10446	984.0	356.0	1000.0	1000.0	1823999	113.16118	9.535714	123.26319	-2.2114553	-113.34357	0.16158819	36821.83175301552
457	895.25	145.62173	996.0	644.0	964.9	12.185648	990.0	950.0	1000.0	1000.0	1827999	112.95467	9.353428	121.91132	-1.4511912	-113.140434	0.1656269	36904.00349497795
458	642.0	312.78107	978.0	230.0	878.8	293.1453	997.0	0.0	1000.0	1000.0	1831999	112.84217	9.267392	127.0163	-5.0442724	-113.02909	0.16608688	36986.261573553085
459	961.25	23.209642	982.0	922.0	970.0	10.497619	987.0	955.0	1000.0	1000.0	1835999	112.72415	9.276691	159.37506	-5.5816946	-112.9068	0.18614656	37068.310609579086
460	974.25	14.44602	991.0	955.0	786.4	392.39502	997.0	0.0	1000.0	1000.0	1839999	112.53241	9.271661	162.13835	-4.5775285	-112.71538	0.19768003	37150.52652311325
461	978.75	8.613216	993.0	970.0	881.5	267.94934	990.0	78.0	1000.0	1000.0	1843999	112.66132	9.075709	163.41023	-8.109835	-112.859314	0.18806991	37232.708884716034
462	728.75	420.77393	978.0	0.0	973.8	14.091132	995.0	953.0	1000.0	1000.0	1847999	112.78035	9.232355	170.08534	-13.553926	-112.97816	0.1910919	37314.62035679817
463	974.25	8.407586	986.0	963.0	983.9	14.031751	1000.0	957.0	1000.0	1000.0	1851999	112.92465	9.12969	165.63501	-17.465689	-113.12644	0.19643213	37396.82084465027
464	952.0	34.949963	978.0	892.0	975.7	17.99472	996.0	934.0	1000.0	1000.0	1855999	113.05367	8.986149	141.665	-16.711872	-113.24703	0.16877794	37478.6753385067
465	874.75	161.02388	975.0	596.0	872.2	284.464	988.0	20.0	1000.0	1000.0	1859999	112.95802	8.857243	145.22363	-10.618331	-113.14789	0.18377307	37560.75523138046
466	963.0	5.91608	970.0	954.0	958.3	66.82671	1000.0	762.0	1000.0	1000.0	1863999	112.90581	8.836717	136.80653	-7.9838195	-113.09595	0.16551718	37642.99503159523
467	990.5	12.278029	1000.0	970.0	961.5	61.1772	1000.0	783.0	1000.0	1000.0	1867999	112.92078	8.59633	130.64519	-2.6620793	-113.11783	0.16797574	37725.14841771126
468	980.75	17.166464	1000.0	953.0	979.9	10.765223	1000.0	960.0	1000.0	1000.0	1871999	113.07305	8.565804	127.46228	-0.7642627	-113.27247	0.18443072	37807.52339911461
469	971.5	16.635805	988.0	952.0	974.6	16.841614	1000.0	950.0	1000.0	1000.0	1875999	113.19962	8.676736	124.80286	-0.05261755	-113.40094	0.16840863	37889.55887079239
470	974.25	13.479151	984.0	951.0	964.5	13.200378	981.0	936.0	1000.0	1000.0	1879999	113.37745	8.804887	120.04571	2.5713985	-113.58525	0.1768201	37971.85685992241
471	972.25	9.038114	983.0	958.0	965.2	15.157836	992.0	941.0	1000.0	1000.0	1883999	113.65325	8.759303	120.32265	2.5684373	-113.86003	0.15800916	38053.98219323158
472	967.0	15.264338	982.0	942.0	982.9	11.978732	1000.0	963.0	1000.0	1000.0	1887999	113.75201	9.181253	120.41044	2.5679276	-113.96194	0.18202503	38136.134172677994
473	967.25	2.9474566	970.0	963.0	877.4	280.2068	998.0	38.0	1000.0	1000.0	1891999	114.0816	9.144064	120.92475	2.5671914	-114.29938	0.18591367	38218.247685194016
474	958.75	30.111252	1000.0	918.0	980.0	13.416408	997.0	953.0	1000.0	1000.0	1895999	114.4064	9.195327	121.9005	2.5707874	-114.63028	0.17749426	38300.30520439148
475	959.5	17.226433	987.0	943.0	958.7	53.077396	990.0	803.0	1000.0	1000.0	1899999	114.73211	9.104215	121.50211	1.8454053	-114.947495	0.17563023	38382.385842084885
476	740.75	417.47177	997.0	18.0	786.7	371.3562	993.0	25.0	1000.0	1000.0	1903999	114.56496	9.02578	122.021965	2.577863	-114.75517	0.1752225	38464.146158218384
477	734.75	408.21646	982.0	28.0	926.4	131.24495	999.0	536.0	1000.0	1000.0	1907999	114.35382	9.077642	121.66616	2.5798469	-114.557236	0.17387694	38546.278633117676
478	964.25	16.708904	978.0	936.0	978.6	13.462542	994.0	952.0	1000.0	1000.0	1911999	114.24084	9.139675	122.371414	2.580579	-114.436584	0.1797595	38628.56972694397
479	724.75	379.34045	971.0	69.0	878.7	293.06384	1000.0	0.0	1000.0	1000.0	1915999	114.1334	9.1366415	123.33195	2.5846398	-114.3358	0.18038046	38710.743436813354
480	973.0	11.55422	986.0	961.0	873.0	287.42374	992.0	12.0	1000.0	1000.0	1919999	114.15607	9.298861	123.26077	2.5876813	-114.37239	0.18665507	38792.970358133316
481	757.25	125.07273	931.0	597.0	818.8	318.67783	996.0	12.0	1000.0	1000.0	1923999	114.46469	9.509659	124.69017	2.5892568	-114.69047	0.19670704	38875.0037355423
482	731.0	412.73175	1000.0	17.0	912.9	141.02655	1000.0	520.0	1000.0	1000.0	1927999	114.80866	9.7022085	126.62173	2.588679	-115.034065	0.21710654	38957.14221715927
483	749.25	394.66718	989.0	66.0	854.2	246.87195	985.0	134.0	1000.0	1000.0	1931999	115.07085	9.846969	127.50047	2.5871806	-115.29831	0.20636427	39039.19049358368
484	976.0	17.930422	1000.0	950.0	883.3	294.69785	997.0	0.0	1000.0	1000.0	1935999	115.24392	9.883198	127.18681	2.584852	-115.46588	0.19171536	39121.38045859337
485	983.5	12.114041	1000.0	970.0	946.8	33.08716	997.0	889.0	1000.0	1000.0	1939999	115.13022	10.015371	126.451385	-6.931978	-115.33744	0.18214111	39203.535853385925
486	730.75	392.35532	978.0	52.0	880.4	286.46298	991.0	22.0	1000.0	1000.0	1943999	114.87369	9.982063	125.747826	-5.813376	-115.07575	0.18123062	39285.75437784195
487	644.5	407.039	1000.0	0.0	873.6	285.10846	987.0	19.0	1000.0	1000.0	1947999	114.56511	10.123154	125.80002	-15.002243	-114.76434	0.17583273	39367.84494662285
488	916.0	101.14346	990.0	744.0	972.9	12.957238	992.0	945.0	1000.0	1000.0	1951999	114.40758	10.04113	124.54372	-11.505673	-114.61776	0.17018275	39449.7514231205
489	975.75	18.552292	1000.0	948.0	804.9	344.2602	1000.0	0.0	1000.0	1000.0	1955999	114.39274	10.219642	124.26295	-6.6425486	-114.6092	0.1767335	39532.02807831764
490	973.5	11.58663	987.0	956.0	899.0	217.62445	1000.0	248.0	1000.0	1000.0	1959999	114.46843	10.2992115	124.2901	-10.359103	-114.68562	0.17305483	39614.20090842247
491	726.0	419.41626	992.0	0.0	944.5	101.46059	992.0	641.0	1000.0	1000.0	1963999	114.47311	10.576466	123.35563	-18.038109	-114.69069	0.17374732	39696.358632564545
492	874.5	141.88464	984.0	631.0	978.3	11.61938	995.0	958.0	1000.0	1000.0	1967999	114.51462	11.094486	123.851814	-31.423624	-114.73781	0.17539264	39778.574905872345
493	895.0	135.46771	986.0	661.0	773.3	386.95456	1000.0	0.0	1000.0	1000.0	1971999	114.76289	10.911734	124.840645	-27.111206	-115.00036	0.1878225	39860.62860941887
494	812.0	272.19937	988.0	341.0	980.2	10.796296	1000.0	963.0	1000.0	1000.0	1975999	115.07159	10.789355	127.94848	-29.885027	-115.30731	0.20576908	39942.735939741135
495	766.0	381.64447	992.0	105.0	783.5	391.46423	1000.0	0.0	1000.0	1000.0	1979999	115.27514	10.863862	127.79185	-33.051815	-115.50857	0.20040403	40024.94302606583
496	729.25	409.40283	998.0	21.0	788.7	385.5329	993.0	0.0	1000.0	1000.0	1983999	115.20689	11.166293	124.44956	-37.64987	-115.4271	0.19053018	40107.04148340225
497	768.25	388.7585	1000.0	95.0	619.6	446.6142	989.0	0.0	1000.0	1000.0	1987999	115.02772	11.49491	124.43545	-36.54671	-115.25133	0.18688296	40189.150666475296
498	983.25	13.718145	995.0	960.0	891.1	230.99457	991.0	200.0	1000.0	1000.0	1991999	115.02254	11.135571	124.751396	-25.245773	-115.24912	0.18870363	40271.23791384697
499	966.75	14.44602	986.0	948.0	838.7	253.64032	988.0	304.0	1000.0	1000.0	1995999	115.0089	11.04999	124.51317	-28.15494	-115.234024	0.1887914	40353.70786714554
500	970.75	31.427496	997.0	918.0	876.1	292.47375	995.0	0.0	1000.0	1000.0	1999999	115.08784	10.936931	124.210045	-22.952757	-115.31853	0.18891995	40435.87549328804
