Epoch	AverageEpRet	StdEpRet	MaxEpRet	MinEpRet	AverageTestEpRet	StdTestEpRet	MaxTestEpRet	MinTestEpRet	EpLen	TestEpLen	TotalEnvInteracts	AverageQVals	StdQVals	MaxQVals	MinQVals	LossPi	LossQ	Time
1	138.59966	6.8391232	145.56538	130.2235	214.73709	82.672424	269.7409	21.48161	1000.0	1000.0	3999	1.7013533	1.2052027	11.960075	-1.9580381	-1.8575726	0.012815399	63.46225118637085
2	136.21103	6.3570986	144.33804	126.58536	167.7954	114.35614	265.5855	26.251738	1000.0	1000.0	7999	8.2955065	3.4725525	26.386856	0.9234488	-8.845755	0.05024733	131.77121090888977
3	193.96172	66.933495	263.45514	114.03564	99.58659	116.58642	377.1797	25.605082	1000.0	1000.0	11999	22.651518	5.521367	39.30809	2.2868733	-23.54573	0.23009637	207.33081316947937
4	146.01857	112.17397	328.3362	21.937662	161.83412	85.06797	335.32938	93.12974	1000.0	1000.0	15999	32.43722	4.5094285	50.106968	12.74638	-33.003048	0.3030706	280.8303997516632
5	233.7245	68.96584	324.11435	131.334	224.538	36.824455	264.85614	173.11113	1000.0	1000.0	19999	34.35628	4.561439	50.87703	18.192446	-34.584473	0.15209429	351.2782475948334
6	130.34268	79.284935	254.83473	37.04152	154.6984	8.079742	165.78929	143.82	1000.0	1000.0	23999	35.31661	3.68246	50.611298	20.222075	-35.64781	0.11544286	421.3104498386383
7	109.74229	49.974243	165.12427	52.268158	83.64659	85.670425	254.2939	24.638775	1000.0	1000.0	27999	37.833252	3.1191485	51.726395	24.76494	-38.218647	0.14891772	491.8051381111145
8	175.8776	86.58932	274.15625	54.98139	196.10733	132.42223	336.38126	53.330227	1000.0	1000.0	31999	40.11052	1.9881473	53.994785	31.1611	-40.50155	0.13056502	561.6786181926727
9	219.34766	106.03164	378.4928	86.80925	220.2021	22.686165	257.6022	196.38187	1000.0	1000.0	35999	42.342525	1.9818598	58.376255	33.612167	-42.661186	0.10949932	630.372563123703
10	330.53198	82.62535	405.0715	194.08907	88.509254	58.114628	184.73372	26.352953	1000.0	1000.0	39999	42.609726	2.4105663	58.807724	35.106617	-42.91566	0.1223154	701.2605555057526
11	363.49918	124.28688	454.4854	149.97672	330.89102	112.70467	433.9421	26.25835	1000.0	1000.0	43999	44.403606	3.4395387	62.307095	34.08305	-44.791492	0.15689768	772.526891708374
12	435.67462	42.17674	491.7524	374.64322	574.03186	33.61463	610.12024	516.72766	1000.0	1000.0	47999	47.312683	4.293964	68.98641	36.861492	-47.73031	0.2076755	843.508969783783
13	453.28503	172.20245	676.7337	194.24754	464.4913	43.89828	533.1063	389.01456	1000.0	1000.0	51999	50.774956	4.351259	77.42057	37.57586	-51.22003	0.31021598	914.3639640808105
14	467.99152	76.40285	574.7462	359.63397	591.0853	306.1257	890.2672	26.183384	1000.0	1000.0	55999	54.013447	5.1876273	85.60275	41.034077	-54.537537	0.46009055	985.1899175643921
15	537.301	140.5472	761.8678	376.79944	559.7	115.67809	758.39484	440.02518	1000.0	1000.0	59999	59.673454	5.79786	89.12394	43.325462	-60.305264	0.62323827	1055.4678308963776
16	755.37366	47.08912	792.6831	675.3905	676.429	110.921234	800.3224	459.12903	1000.0	1000.0	63999	65.2203	6.1677346	93.30964	49.66898	-65.837265	0.663883	1131.1368741989136
17	677.54553	37.014458	739.8224	642.9368	895.0231	72.52876	999.5086	799.6457	1000.0	1000.0	67999	70.01933	7.2292266	96.78479	51.916225	-70.619576	0.7161574	1205.8871002197266
18	916.0768	60.85281	993.8976	829.6408	930.08514	24.963829	968.0713	878.04553	1000.0	1000.0	71999	74.35803	8.124771	100.50968	54.583424	-74.942795	0.85094947	1300.733526468277
19	921.58875	26.52904	957.5107	891.01025	905.6951	35.577007	957.43036	840.47003	1000.0	1000.0	75999	79.20154	8.930242	104.57327	59.597115	-79.86253	0.8458168	1376.0939648151398
20	882.14856	45.42489	940.90674	823.23987	837.0983	258.9738	999.168	299.72424	1000.0	1000.0	79999	84.74001	8.528703	109.39181	63.980938	-85.41879	0.84141123	1452.0016133785248
21	902.9485	50.388977	955.3074	820.0336	495.88174	152.6178	718.00854	293.2714	1000.0	1000.0	83999	88.3174	8.098166	111.33661	70.193115	-88.91	0.6777986	1528.2022726535797
22	622.2576	199.849	857.5508	405.72018	805.2329	51.6439	884.73145	708.3104	1000.0	1000.0	87999	90.75967	8.222369	111.627785	69.84457	-91.31989	0.6173838	1604.0029106140137
23	870.5806	46.574707	946.2321	819.11395	893.81525	64.99246	971.41565	761.03723	1000.0	1000.0	91999	92.45885	8.367911	113.30727	71.144	-93.00122	0.61845034	1679.950154542923
24	894.40393	55.482933	959.949	826.94055	973.01874	19.378939	999.12555	928.8951	1000.0	1000.0	95999	94.45272	8.306267	114.449005	72.05482	-95.0111	0.6440292	1756.476241350174
25	938.54095	49.271114	985.35895	860.41626	968.2407	11.684663	979.0793	943.1998	1000.0	1000.0	99999	96.19404	8.125515	112.819695	72.114815	-96.74606	0.61801064	1841.5038294792175
26	962.9982	16.017614	986.56494	941.378	925.44666	41.323246	971.8884	824.2172	1000.0	1000.0	103999	97.62035	7.9575415	115.130295	71.54007	-98.1237	0.572895	1916.6424522399902
27	939.8043	19.630863	960.1363	915.8813	915.5462	64.129395	999.0474	805.3114	1000.0	1000.0	107999	98.34227	7.952598	114.452225	77.23584	-98.81635	0.5191291	1992.1087596416473
28	939.62683	31.606995	971.38666	887.2397	956.0218	26.205387	996.50464	902.6285	1000.0	1000.0	111999	98.917	7.8665533	114.58333	76.86187	-99.38859	0.53813803	2069.042475938797
29	888.8745	50.044228	940.5435	814.8658	876.7549	33.499706	914.57074	823.5954	1000.0	1000.0	115999	99.58	7.497159	118.37518	77.41938	-100.048294	0.51339537	2145.88055562973
30	944.8049	33.954285	973.13324	886.877	932.87646	25.596575	956.6957	877.34143	1000.0	1000.0	119999	99.7458	7.3185463	116.677734	76.589806	-100.16583	0.47740567	2222.374501466751
31	948.5588	43.36475	995.47656	882.62415	877.83777	54.650135	961.8884	768.0367	1000.0	1000.0	123999	99.58361	7.672815	114.26012	76.01669	-99.989876	0.46157414	2298.844607114792
32	951.8124	24.364334	977.24884	913.83734	978.6616	16.861061	998.2408	943.32544	1000.0	1000.0	127999	99.77914	7.7880936	113.154175	74.82379	-100.18969	0.4746521	2375.486852169037
33	959.7213	24.217129	980.4777	918.70135	940.7926	37.925858	997.35986	872.3267	1000.0	1000.0	131999	99.73865	7.9251323	113.91589	74.76201	-100.125275	0.43892255	2452.3282029628754
34	970.3821	24.941492	997.2253	936.2605	946.57776	36.2863	988.3376	848.94104	1000.0	1000.0	135999	99.93272	7.7991037	113.44781	75.13463	-100.32457	0.43659455	2528.8741393089294
35	921.4886	59.860085	985.33276	828.09064	821.1227	255.38686	935.5323	58.70958	1000.0	1000.0	139999	99.97185	7.4401984	114.67699	76.27463	-100.34222	0.4155261	2605.499736070633
36	913.8559	41.094246	941.93134	842.9618	952.80096	36.802433	998.78766	897.2561	1000.0	1000.0	143999	99.81788	7.3822565	112.631516	77.072075	-100.164925	0.39542067	2682.392968416214
37	939.8574	16.666039	951.51105	911.1182	959.3666	22.920492	998.54913	929.85706	1000.0	1000.0	147999	99.58028	7.402228	111.70252	75.63896	-99.92268	0.39205697	2758.6807708740234
38	970.25507	14.397863	994.59863	959.1748	939.5374	37.34503	997.5174	890.64386	1000.0	1000.0	151999	99.23298	7.5377073	110.84112	75.746735	-99.55291	0.38017434	2833.936457157135
39	979.43567	16.293646	996.991	953.99365	964.2674	20.59814	992.22864	928.5895	1000.0	1000.0	155999	98.86803	7.8287654	111.50562	72.328896	-99.185905	0.3889827	2909.4885728359222
40	976.65985	20.89856	998.28973	948.09894	956.56067	28.08735	996.1604	911.24347	1000.0	1000.0	159999	98.95764	7.608496	110.93081	72.11712	-99.281425	0.37655726	3002.21843457222
41	989.9717	9.930315	998.0246	973.16974	956.682	27.185217	977.3701	882.4606	1000.0	1000.0	163999	98.91148	7.5306826	109.977936	74.98209	-99.22977	0.36171618	3091.2067472934723
42	961.0188	32.474205	988.157	906.2799	878.7801	39.923798	952.8401	824.26495	1000.0	1000.0	167999	99.02903	7.325853	109.670815	76.47313	-99.33816	0.33610997	3167.752645254135
43	967.31616	21.313444	998.90393	939.0662	974.5853	16.44806	998.67804	935.77924	1000.0	1000.0	171999	99.03334	7.254201	109.21136	75.18391	-99.33432	0.33948335	3244.4287917613983
44	945.13916	25.763182	977.96924	911.82886	969.21906	20.803516	996.76074	917.7353	1000.0	1000.0	175999	98.963	7.2152896	110.14637	75.18227	-99.246445	0.32525	3321.5116510391235
45	919.87354	59.62518	998.9177	833.4661	976.6896	10.798247	997.90344	959.98566	1000.0	1000.0	179999	98.84979	7.316806	109.421196	75.014244	-99.13547	0.33250532	3409.719367980957
46	982.84576	9.4173155	994.44183	971.5355	972.1808	18.826406	998.77075	924.6647	1000.0	1000.0	183999	98.73682	7.405879	110.16245	74.74656	-99.01335	0.33111537	3493.841992378235
47	969.42615	22.77636	999.1138	935.6894	979.4933	6.464954	988.6332	968.2866	1000.0	1000.0	187999	98.82217	7.3602686	109.03902	74.261154	-99.09345	0.33449122	3570.973363161087
48	980.4539	5.0742917	986.33856	973.17	961.2656	22.622372	996.52264	929.2405	1000.0	1000.0	191999	98.72794	7.5281024	109.4914	72.95875	-98.9965	0.32453886	3647.9314198493958
49	987.44055	11.416795	998.5437	969.3624	969.65393	13.892199	996.45044	949.0068	1000.0	1000.0	195999	98.95114	7.383964	109.87487	72.571434	-99.23248	0.31997034	3728.8945183753967
50	959.0778	21.440084	978.30786	924.1248	977.1245	9.432775	989.28094	954.0439	1000.0	1000.0	199999	99.12408	7.068234	109.31247	71.245544	-99.385826	0.3072996	3819.956382036209
51	975.4363	20.178925	997.4792	942.766	972.6654	13.605753	998.10004	947.72595	1000.0	1000.0	203999	99.14436	7.0164294	108.77818	73.33278	-99.4002	0.29690856	3895.8238480091095
52	965.2726	12.102971	978.7301	950.3495	953.23474	25.670742	998.66113	893.3444	1000.0	1000.0	207999	98.99888	7.205828	108.81642	73.12665	-99.24387	0.3004411	3972.978613615036
53	981.6461	9.376614	995.84143	970.47253	926.4938	41.640903	979.7728	812.82324	1000.0	1000.0	211999	98.96001	7.2302995	108.43548	71.707016	-99.208435	0.3071469	4050.3496227264404
54	931.54175	73.784424	997.35767	809.3622	965.24493	24.234362	999.3281	921.2399	1000.0	1000.0	215999	99.01378	7.107373	111.11622	71.80536	-99.25218	0.29862133	4127.356989860535
55	952.725	29.903807	980.2357	903.69507	971.4009	12.410586	988.76886	954.741	1000.0	1000.0	219999	98.7772	7.2494507	108.116905	72.52191	-99.003	0.29072016	4204.025708198547
56	974.0628	4.7080746	979.1657	968.35315	966.2708	28.095312	998.54	923.6703	1000.0	1000.0	223999	98.79599	7.210715	108.20596	70.579475	-99.03944	0.3101294	4280.993789196014
57	963.84125	18.775131	978.1727	931.7841	975.4376	15.014566	997.7883	952.6344	1000.0	1000.0	227999	98.94566	7.1303205	109.627945	69.988495	-99.17398	0.2895459	4358.043958425522
58	964.0969	2.1032238	966.9148	961.2637	967.5081	11.791846	983.22833	945.2368	1000.0	1000.0	231999	98.88869	7.2488523	107.61245	70.96749	-99.118835	0.28379613	4455.184201002121
59	974.13153	15.586938	998.20905	957.0341	971.8201	13.753056	996.39984	950.5737	1000.0	1000.0	235999	99.04127	6.974366	109.04501	71.120094	-99.269585	0.29003662	4531.834558963776
60	974.32605	8.752051	986.8263	962.1556	977.61926	18.492027	998.59735	942.7545	1000.0	1000.0	239999	99.09721	6.823746	107.487	71.68668	-99.31921	0.27558184	4608.759238004684
61	974.95984	5.7823763	979.44934	965.0453	973.15515	25.797836	998.8262	917.1586	1000.0	1000.0	243999	99.14815	6.758986	108.11228	70.16428	-99.368126	0.26843897	4703.909940481186
62	961.23303	11.714722	975.8952	945.607	976.96405	14.456054	998.6505	954.88116	1000.0	1000.0	247999	99.13277	6.725192	107.689156	69.62163	-99.34087	0.26227075	4779.374239206314
63	956.9038	16.262821	977.6478	933.91974	969.66125	17.36453	995.4691	938.63574	1000.0	1000.0	251999	98.96344	6.96373	108.25982	70.23119	-99.17012	0.27797598	4858.119943618774
64	980.0592	6.873492	989.81476	972.95197	969.6654	19.33977	997.93097	924.17456	1000.0	1000.0	255999	99.00358	6.8043623	107.33986	68.899895	-99.21148	0.26848364	4934.7621421813965
65	938.20825	29.358759	980.54675	904.3496	971.0496	9.078715	985.6411	957.72626	1000.0	1000.0	259999	99.04133	6.6108685	106.56685	69.471375	-99.24502	0.25890887	5026.198166370392
66	977.71985	13.046454	991.0344	963.0722	975.2858	11.56182	987.8458	944.9612	1000.0	1000.0	263999	98.90259	6.7050548	108.559364	70.385155	-99.09352	0.2525766	5102.702852725983
67	979.1821	6.466358	985.16986	968.79016	981.4671	11.889648	998.37115	957.2581	1000.0	1000.0	267999	98.78126	6.739121	109.16031	70.84439	-98.97298	0.25841913	5179.325466156006
68	979.2129	4.4289827	984.44226	972.1785	977.1654	12.438043	999.4366	957.17413	1000.0	1000.0	271999	98.74773	6.789018	107.5884	68.17247	-98.949196	0.2642085	5256.481097459793
69	948.0661	32.26766	997.1342	908.3312	965.83093	19.084528	999.45935	933.7308	1000.0	1000.0	275999	98.86722	6.5832086	106.63833	70.452965	-99.04939	0.25905767	5337.570613622665
70	974.89166	11.373973	989.84015	958.9691	975.8058	8.544433	994.13116	959.4167	1000.0	1000.0	279999	98.72423	6.7246013	106.104866	70.84331	-98.91775	0.26591998	5428.2266166210175
71	983.5646	4.422604	989.4093	977.9238	978.1263	15.360431	998.5794	958.25616	1000.0	1000.0	283999	98.75334	6.530438	105.96994	67.325356	-98.93556	0.24704276	5507.747359752655
72	967.4293	21.284925	991.6192	935.34314	967.6169	34.942883	997.7174	873.82043	1000.0	1000.0	287999	98.69185	6.659846	108.639084	67.54233	-98.87577	0.25676483	5584.727940797806
73	963.339	24.988045	986.6502	921.85156	953.151	30.544592	985.2646	881.96246	1000.0	1000.0	291999	98.67497	6.6981497	106.3903	66.92735	-98.85155	0.24269207	5661.165800333023
74	967.87146	16.16266	979.4687	940.0407	964.08514	26.009916	999.15393	912.5239	1000.0	1000.0	295999	98.61184	6.6914477	108.55351	67.060875	-98.78795	0.24519305	5737.020327806473
75	978.76074	13.424862	998.75635	961.2102	977.9696	15.380585	999.27423	945.90393	1000.0	1000.0	299999	98.60881	6.6738834	105.673325	68.04182	-98.781784	0.2452861	5813.062860012054
76	974.6832	11.486876	991.6083	961.9649	980.47424	12.162536	999.0715	961.926	1000.0	1000.0	303999	98.52059	6.671321	106.62976	68.539345	-98.688614	0.24197903	5890.169535398483
77	976.8882	12.731606	998.19415	964.4906	949.93	23.779621	979.5703	892.3553	1000.0	1000.0	307999	98.5343	6.6768355	106.752716	68.18875	-98.70232	0.24000366	5971.686545372009
78	978.05237	11.660917	994.0293	962.3001	959.75916	20.619457	990.21576	914.7427	1000.0	1000.0	311999	98.50366	6.6972384	105.719086	68.70532	-98.668625	0.23981772	6048.750729799271
79	989.02264	9.943357	999.13635	978.46454	986.42444	10.119797	998.91846	974.0476	1000.0	1000.0	315999	98.64591	6.4758267	106.044174	69.8774	-98.8243	0.24481887	6125.67897605896
80	962.3168	25.134659	996.44354	937.0912	968.3454	20.449194	999.15765	935.6996	1000.0	1000.0	319999	98.7583	6.267977	105.398994	65.75727	-98.92575	0.23983812	6202.486147403717
81	983.29425	9.0440855	998.82196	976.53394	973.6957	13.61293	995.318	950.92334	1000.0	1000.0	323999	98.71096	6.330086	106.02615	65.85061	-98.86625	0.23515661	6279.50319314003
82	972.25745	8.904762	984.30493	960.12744	971.76794	17.44775	998.7984	935.9725	1000.0	1000.0	327999	98.54384	6.5513983	105.50409	67.89046	-98.69731	0.2365632	6356.692588806152
83	986.30457	9.567394	999.399	975.6122	961.8922	17.081715	993.7256	933.1375	1000.0	1000.0	331999	98.46703	6.616948	107.13896	68.019035	-98.62892	0.23245828	6442.6840488910675
84	965.69495	28.752867	988.28314	916.72595	979.1688	9.618408	998.56775	969.2432	1000.0	1000.0	335999	98.66082	6.4203925	105.6047	68.52417	-98.82678	0.23068671	6519.633328199387
85	987.0674	11.964443	998.9388	972.17175	966.58466	25.045326	998.18164	918.0676	1000.0	1000.0	339999	98.71629	6.371502	106.37452	68.61541	-98.87122	0.21619491	6598.684668540955
86	955.686	24.435522	979.7899	915.5969	965.38293	20.6003	999.0078	935.60474	1000.0	1000.0	343999	98.67018	6.459543	106.00126	65.56027	-98.828156	0.2308566	6674.340557575226
87	975.9482	6.4997244	984.5904	966.8068	981.9009	18.979212	999.50354	935.3724	1000.0	1000.0	347999	98.74487	6.281165	106.27692	67.94532	-98.89467	0.22166185	6767.517343997955
88	984.083	15.110696	999.1771	964.31665	977.62177	24.80397	998.8225	911.02905	1000.0	1000.0	351999	98.71289	6.2634363	107.23406	69.716896	-98.863464	0.22429118	6852.3308346271515
89	905.5498	80.66251	975.6348	769.58636	973.046	24.136484	996.2291	909.0181	1000.0	1000.0	355999	98.73078	6.23232	108.07648	70.168526	-98.88006	0.22699036	6935.112605333328
90	970.6866	9.951993	981.32043	954.3518	972.379	14.445703	998.52997	954.78143	1000.0	1000.0	359999	98.55134	6.4774446	106.245125	69.36209	-98.69016	0.2248198	7011.712540149689
91	957.98254	12.326488	972.094	943.09485	980.2837	10.727676	998.6304	962.222	1000.0	1000.0	363999	98.44474	6.588115	105.36037	67.166374	-98.586494	0.2274118	7089.147565841675
92	971.0143	29.362713	996.7426	921.4816	962.65607	21.477253	986.76416	918.69147	1000.0	1000.0	367999	98.48659	6.4443593	107.25374	65.955574	-98.63362	0.24488313	7165.997900009155
93	982.59576	5.576372	986.5375	972.98096	985.0952	11.008074	999.36096	967.7016	1000.0	1000.0	371999	98.52475	6.283519	105.97548	64.12017	-98.66816	0.23187512	7242.765214443207
94	972.55505	15.506809	999.07825	960.6182	983.22235	10.611583	999.19904	966.2135	1000.0	1000.0	375999	98.48498	6.242265	105.12029	68.97955	-98.61863	0.21529846	7322.715064764023
95	978.41077	16.22532	999.3676	954.5319	973.6517	9.590905	994.3887	962.41644	1000.0	1000.0	379999	98.36615	6.327305	105.36822	70.15839	-98.50224	0.21887672	7399.8262712955475
96	964.8119	12.801224	979.79724	949.1086	986.3768	8.13231	999.2347	970.56024	1000.0	1000.0	383999	98.41719	6.195322	104.54981	69.369484	-98.55895	0.22562534	7475.921519756317
97	972.6993	6.254322	977.8631	962.0407	979.1537	10.425839	999.4671	956.6563	1000.0	1000.0	387999	98.43416	6.1138525	104.81464	69.73962	-98.56821	0.2242109	7551.8111255168915
98	988.6568	11.940354	999.3	969.41956	977.8591	14.916891	998.4457	957.761	1000.0	1000.0	391999	98.37199	6.340823	105.32611	70.96568	-98.502106	0.22856842	7627.519298315048
99	968.85645	4.744116	976.6289	964.07733	981.4679	12.155426	998.19946	963.3693	1000.0	1000.0	395999	98.3417	6.504808	106.08358	68.10918	-98.474434	0.2331098	7704.650830507278
100	955.47687	24.138865	982.1694	927.58655	979.21277	13.860244	998.3243	945.48413	1000.0	1000.0	399999	98.38563	6.4610195	106.12511	68.70244	-98.518814	0.2311863	7782.505859136581
101	969.8059	24.662489	998.17944	930.6776	974.25146	22.73344	999.3376	918.169	1000.0	1000.0	403999	98.48271	6.323646	105.0993	68.307655	-98.61814	0.23108275	7859.548894882202
102	994.23474	8.26565	999.43225	979.9311	979.9779	12.03487	999.51605	963.8042	1000.0	1000.0	407999	98.60419	6.1090827	105.10082	65.5831	-98.736176	0.22164321	7936.565197229385
103	958.1421	27.293402	980.2627	913.25244	968.2799	25.194717	998.6476	916.26843	1000.0	1000.0	411999	98.5975	6.250585	105.51346	65.70992	-98.7275	0.21982898	8033.435388326645
104	979.9023	20.00704	999.13153	951.7817	977.9165	16.739424	998.1298	946.107	1000.0	1000.0	415999	98.57428	6.2002864	105.21571	67.3803	-98.7032	0.21383417	8118.749795198441
105	974.2339	10.833005	987.96735	957.6538	981.6854	10.70679	996.1699	962.5967	1000.0	1000.0	419999	98.59714	6.1326795	106.44853	67.47957	-98.72616	0.21987487	8195.69852924347
106	967.91406	20.234156	996.49896	941.5794	968.4219	24.302029	999.5371	906.855	1000.0	1000.0	423999	98.59652	6.157403	105.88978	67.49796	-98.72112	0.21524578	8280.57242488861
107	972.6323	17.123856	985.3517	943.13135	974.412	11.000754	998.9636	957.40466	1000.0	1000.0	427999	98.56902	6.272855	105.06492	68.486015	-98.69503	0.22702801	8369.449399471283
108	979.8266	4.636653	987.68286	975.71326	980.34796	12.134206	999.17786	957.4578	1000.0	1000.0	431999	98.57993	6.237148	105.12235	67.566444	-98.706345	0.22244225	8451.904966831207
109	981.7212	13.403806	998.6685	965.09625	971.8965	20.468132	999.67145	933.5363	1000.0	1000.0	435999	98.60664	6.116305	104.64295	67.645065	-98.73077	0.2157628	8543.983301877975
110	980.1379	12.594511	999.3293	964.128	969.6305	25.454447	999.53217	918.1652	1000.0	1000.0	439999	98.6614	6.0287023	105.98464	68.636665	-98.791016	0.21372849	8627.680016040802
111	984.9169	8.883357	998.3177	976.2158	966.97424	28.869637	999.7892	897.905	1000.0	1000.0	443999	98.72368	5.9027677	105.87256	66.100266	-98.848	0.20880635	8705.4302983284
112	961.3554	16.410622	976.3073	933.7627	880.8701	74.02938	980.5635	775.693	1000.0	1000.0	447999	98.77622	5.8235803	104.89216	69.13435	-98.90455	0.2187788	8783.197861671448
113	974.2775	8.113764	980.03107	960.27936	977.4211	13.476391	999.722	941.5454	1000.0	1000.0	451999	98.83439	5.9364276	105.40155	69.30403	-98.95309	0.21388382	8860.423806667328
114	973.47375	9.396781	985.84863	959.59937	981.23145	10.613943	999.13806	961.0967	1000.0	1000.0	455999	98.76055	6.197878	105.64476	69.36769	-98.87512	0.22256996	8937.528439998627
115	971.0678	13.021485	988.65204	955.2264	959.1066	32.184822	996.57367	894.8282	1000.0	1000.0	459999	98.78372	5.971048	105.140724	70.11632	-98.90339	0.21490861	9014.216968536377
116	984.4827	7.177011	992.01105	975.39154	976.23535	18.288315	997.9516	941.27954	1000.0	1000.0	463999	98.78739	5.8413863	105.032104	66.765465	-98.901215	0.20180239	9091.271938562393
117	984.5509	8.2838335	998.65875	977.3837	939.98566	50.738724	998.17523	805.8295	1000.0	1000.0	467999	98.71052	5.9259005	105.64269	66.425514	-98.821205	0.20122261	9168.19626736641
118	971.7462	12.795297	983.7246	953.03503	972.68524	12.335773	997.6025	949.0536	1000.0	1000.0	471999	98.73258	5.9557	105.72792	61.550125	-98.85169	0.21105802	9244.83478975296
119	962.6356	30.640245	990.2475	910.7127	966.76337	10.136539	982.4387	948.1966	1000.0	1000.0	475999	98.88893	5.837455	105.29789	69.8272	-99.01397	0.21147169	9328.47286272049
120	969.4624	11.751642	986.0279	953.8136	980.3659	15.022076	996.35455	950.802	1000.0	1000.0	479999	98.97938	5.7568016	105.62259	68.54754	-99.09852	0.2071393	9404.872136354446
121	976.5194	18.294146	997.79895	947.8965	957.18146	28.868282	998.5448	894.39636	1000.0	1000.0	483999	98.97937	5.772938	105.425026	68.56002	-99.092094	0.21680807	9488.689218521118
122	976.8459	5.1089396	981.8345	968.9082	967.1035	43.008434	998.18286	843.33215	1000.0	1000.0	487999	98.92617	5.7891855	104.94166	66.65704	-99.03856	0.20520218	9566.044575452805
123	975.7211	3.8591738	979.52325	969.77924	966.26843	25.073322	998.9223	919.50806	1000.0	1000.0	491999	98.96864	5.7110415	105.85682	68.72417	-99.08196	0.19769752	9643.342887163162
124	959.51434	14.483449	979.5544	938.6703	969.5835	14.243709	990.3557	937.7845	1000.0	1000.0	495999	98.90264	5.829822	107.11122	56.626972	-99.01616	0.21223088	9720.375166893005
125	981.55853	7.9377875	993.63837	971.5485	975.47235	20.980104	998.8402	936.3582	1000.0	1000.0	499999	99.11729	5.9036865	105.958824	62.116123	-99.23889	0.22076434	9800.832400083542
126	974.3589	15.583649	998.3556	954.7422	982.14844	12.295659	998.35156	956.3473	1000.0	1000.0	503999	99.21384	5.784146	105.6155	62.18798	-99.33163	0.20652051	9883.25559258461
127	955.94135	17.57778	978.14276	929.69086	962.9163	26.313204	988.80725	892.03204	1000.0	1000.0	507999	99.34163	5.6726823	105.91876	65.08793	-99.46484	0.20330682	9965.748693466187
128	954.08386	35.75435	998.1316	900.0369	964.7943	22.165897	997.6594	931.1074	1000.0	1000.0	511999	99.38681	5.693431	105.487816	69.141754	-99.49736	0.20106937	10043.098854541779
129	970.9204	14.856187	985.3829	946.063	977.8717	14.042068	996.0222	949.9727	1000.0	1000.0	515999	99.33587	5.751231	106.56784	71.48915	-99.44448	0.20335156	10120.716675519943
130	978.3755	3.5357099	983.8771	975.03735	971.1323	13.128897	985.99243	935.87915	1000.0	1000.0	519999	99.30689	5.723006	106.03743	69.12537	-99.41983	0.2062198	10197.246834039688
131	956.9209	16.491692	982.41345	939.3144	983.6341	13.351033	998.7027	948.84283	1000.0	1000.0	523999	99.34365	5.45125	104.91117	71.96939	-99.4526	0.19505613	10273.40036725998
132	977.0189	13.574713	998.47894	962.90784	981.7743	13.946864	996.5836	954.2236	1000.0	1000.0	527999	99.25181	5.488446	104.86242	70.53312	-99.35798	0.19059147	10350.179085731506
133	963.75977	18.142895	975.1867	932.3667	968.4709	22.891521	989.9992	924.5777	1000.0	1000.0	531999	99.23173	5.5394573	106.86	71.41019	-99.33775	0.1937219	10446.649945259094
134	967.7239	14.802359	987.54443	953.1172	970.20447	13.927658	985.843	936.9494	1000.0	1000.0	535999	99.2084	5.6903825	105.05843	70.45945	-99.318146	0.19579948	10537.638092279434
135	977.63574	8.750828	985.17883	962.93134	980.27734	15.041428	998.9229	948.0944	1000.0	1000.0	539999	99.21507	5.6729083	104.74219	72.6561	-99.32179	0.19189624	10614.921293497086
136	962.5891	3.3100386	967.56177	959.0151	978.1489	9.151527	997.97034	969.2293	1000.0	1000.0	543999	99.21301	5.601342	104.92661	72.6369	-99.316086	0.19831228	10692.043195724487
137	972.7632	14.309181	996.7747	961.32983	949.3165	26.40128	991.8056	902.44794	1000.0	1000.0	547999	99.19972	5.4621735	104.82509	71.39402	-99.30347	0.19750744	10792.321585893631
138	954.9451	12.843318	970.9843	941.3519	971.4027	21.960192	997.8567	922.0647	1000.0	1000.0	551999	99.17159	5.481399	105.97767	69.68066	-99.27339	0.18866117	10869.720362663269
139	964.48126	39.193104	998.5567	897.7708	971.68933	19.688044	997.672	929.72986	1000.0	1000.0	555999	99.1942	5.4589295	105.67696	72.39352	-99.301216	0.19300784	10947.11322426796
140	970.4993	8.397114	976.33887	956.00775	969.24023	18.32275	998.57196	931.9065	1000.0	1000.0	559999	99.15599	5.382333	105.62389	68.159775	-99.25288	0.19461112	11038.779174804688
141	969.2416	21.563313	997.3274	939.02893	961.81067	15.723151	976.6284	921.2539	1000.0	1000.0	563999	99.02818	5.529901	104.97655	70.48738	-99.12507	0.19920945	11137.072342395782
142	969.0476	39.17774	998.52905	902.772	971.21643	15.449164	996.2698	932.8811	1000.0	1000.0	567999	99.00495	5.562911	104.7186	70.02918	-99.10735	0.21031398	11213.877038955688
143	955.7727	26.306524	997.31573	931.80634	972.6107	13.004261	995.5342	950.96497	1000.0	1000.0	571999	99.03443	5.5130024	105.41589	68.65694	-99.136925	0.20108175	11291.993072986603
144	977.00916	1.9439615	979.5618	974.6004	965.53827	19.432434	993.65906	930.0418	1000.0	1000.0	575999	99.11184	5.4164324	104.934944	70.43694	-99.21383	0.19769827	11378.111247062683
145	981.59686	12.297549	995.8998	962.4085	971.00116	16.219599	992.3208	941.32635	1000.0	1000.0	579999	99.13605	5.440353	104.31606	70.477394	-99.23542	0.19007613	11455.667128801346
146	964.30505	6.001297	971.4681	955.74506	944.8713	28.174963	976.6929	890.4381	1000.0	1000.0	583999	99.16813	5.341174	105.2139	69.77679	-99.267555	0.19248217	11533.15415930748
147	960.23047	36.712166	987.5944	897.00757	988.285	8.246429	997.8229	977.4092	1000.0	1000.0	587999	99.13459	5.3793297	105.5555	69.98136	-99.23038	0.19000876	11610.992411851883
148	966.3485	11.800015	975.1237	946.08575	972.1627	13.79544	997.54865	951.38934	1000.0	1000.0	591999	99.07193	5.4334984	104.16583	70.03254	-99.16524	0.18932739	11688.609295845032
149	957.3663	40.766937	997.5204	891.7375	971.10547	21.28489	999.1108	920.17786	1000.0	1000.0	595999	99.03155	5.466594	106.69287	68.8035	-99.12514	0.1937874	11766.205721139908
150	927.6083	29.181622	956.78314	885.5843	978.59784	10.54021	998.2638	954.0028	1000.0	1000.0	599999	98.95119	5.620513	105.08599	70.227646	-99.04485	0.19232327	11846.693059921265
151	981.8984	21.472471	998.5795	945.892	973.9888	12.681785	994.56305	953.379	1000.0	1000.0	603999	98.96832	5.64888	104.37092	68.60618	-99.061455	0.19295278	11925.912639379501
152	956.86035	26.965334	979.7351	910.97516	960.23083	22.96905	991.65686	913.1384	1000.0	1000.0	607999	98.98793	5.6149244	107.27025	67.8252	-99.08284	0.19839041	12002.134514570236
153	967.60333	3.0217195	970.5637	962.5503	949.06805	75.61246	998.76105	730.3481	1000.0	1000.0	611999	98.95077	5.6194096	105.39775	67.027435	-99.042076	0.19694252	12079.87762761116
154	971.7927	11.636205	990.3331	959.1634	954.0625	20.533043	982.3964	907.5864	1000.0	1000.0	615999	98.99443	5.4720545	104.48392	66.49616	-99.08683	0.18798356	12157.723919153214
155	967.55804	12.646992	984.75543	949.7231	969.3586	23.472383	994.9372	920.329	1000.0	1000.0	619999	98.96369	5.5021358	105.077126	67.673225	-99.05654	0.18956238	12235.714277267456
156	970.0619	6.3809013	975.18854	959.16766	974.81165	14.835331	996.67303	948.2693	1000.0	1000.0	623999	98.98247	5.5364203	104.31443	68.68439	-99.07795	0.19100262	12313.216102838516
157	973.1159	16.03087	996.8343	953.7185	977.1681	15.496134	997.6894	947.14703	1000.0	1000.0	627999	99.01795	5.5349483	104.98107	68.38378	-99.10759	0.19410397	12390.667534589767
158	963.034	23.332268	986.65594	928.07043	975.3009	19.55333	998.08813	938.95056	1000.0	1000.0	631999	98.96294	5.56325	104.209015	69.47634	-99.05381	0.1932442	12475.294961452484
159	976.44165	2.542318	978.78986	972.31604	970.792	14.822803	990.7975	946.2438	1000.0	1000.0	635999	99.05927	5.4082303	104.34683	66.33284	-99.1535	0.19510955	12552.90135025978
160	985.81506	8.32685	999.0833	977.40576	973.3876	18.551018	998.8326	933.95514	1000.0	1000.0	639999	98.9995	5.375925	105.846565	68.26613	-99.08364	0.18641633	12630.574980974197
161	981.119	9.9766865	992.3695	965.8968	977.96466	8.0235405	997.0677	966.5264	1000.0	1000.0	643999	99.00002	5.3944464	104.13136	68.342255	-99.090485	0.19053876	12708.468458414078
162	971.7317	6.7519183	978.9798	960.9002	962.9243	20.224167	996.0232	929.2284	1000.0	1000.0	647999	99.04683	5.316669	108.20744	64.7949	-99.140594	0.1907984	12785.922718048096
163	970.20715	8.954947	978.74176	956.3882	981.96826	9.844152	998.065	962.96344	1000.0	1000.0	651999	99.09263	5.2009363	104.33076	66.170944	-99.18167	0.18717399	12866.788582086563
164	966.9203	6.8234134	971.62305	955.1385	966.24774	31.670708	999.177	908.36584	1000.0	1000.0	655999	99.0513	5.297175	105.4107	70.00479	-99.13963	0.18311223	12943.00485253334
165	951.96594	27.984348	978.9327	912.0085	970.35144	16.224287	995.8475	937.8721	1000.0	1000.0	659999	99.04757	5.3295636	105.93603	69.211365	-99.13667	0.19654693	13019.312351703644
166	953.8718	27.226257	986.5468	911.51904	973.52277	13.066056	995.21924	957.0652	1000.0	1000.0	663999	99.09476	5.2657547	104.84036	69.53657	-99.190544	0.20231035	13102.674947500229
167	981.25073	22.009466	999.01794	944.84503	959.075	21.494175	988.3207	917.5797	1000.0	1000.0	667999	99.14439	5.162395	106.326385	70.11374	-99.23348	0.18275179	13180.988807678223
168	951.3285	30.241875	981.44977	905.50696	949.6383	24.00799	983.18085	899.6068	1000.0	1000.0	671999	99.09429	5.262228	104.36022	69.401245	-99.17975	0.18211026	13258.955120563507
169	965.62714	14.911785	978.3135	940.5686	982.59503	10.987877	996.64777	956.5074	1000.0	1000.0	675999	99.02611	5.349961	105.82737	70.42499	-99.10927	0.17874448	13336.541419506073
170	979.2462	7.2603264	990.1236	972.523	977.52783	13.161933	997.9877	955.42096	1000.0	1000.0	679999	98.99472	5.354183	104.14571	70.134834	-99.07846	0.18223901	13413.767528533936
171	984.9017	11.463817	999.0073	971.23193	974.9796	17.525946	998.46405	942.9173	1000.0	1000.0	683999	99.0019	5.388975	104.309456	70.550865	-99.087654	0.1904942	13491.289055347443
172	965.55554	21.74921	980.3111	927.976	984.90393	9.464093	998.0528	970.03357	1000.0	1000.0	687999	98.99362	5.448877	105.51703	69.58651	-99.07772	0.1994855	13579.878710985184
173	978.3938	24.628632	998.8284	936.9814	976.529	20.001171	999.35675	920.32776	1000.0	1000.0	691999	99.03227	5.390243	105.82164	67.386086	-99.11723	0.19840662	13657.29192996025
174	972.37274	12.236991	980.27655	951.20465	976.27966	16.506065	998.5633	946.27875	1000.0	1000.0	695999	99.05817	5.2472286	105.64427	68.05828	-99.14585	0.18541816	13734.430837392807
175	945.5149	43.10842	984.5674	873.9093	980.46155	15.84536	998.9172	939.3866	1000.0	1000.0	699999	99.10856	5.172066	105.55842	68.38679	-99.19294	0.18931235	13811.913895606995
176	978.3612	17.750504	995.14484	952.7072	980.8346	13.60303	998.79736	959.2467	1000.0	1000.0	703999	99.14677	5.139899	104.80751	68.66734	-99.23392	0.18182498	13888.449395418167
177	978.0486	24.465803	999.38965	938.85114	938.1466	45.877632	995.2324	830.7959	1000.0	1000.0	707999	99.13264	5.153278	105.83715	64.27116	-99.21199	0.17484872	13964.693999052048
178	983.9148	14.722699	998.8475	963.13763	985.79474	9.115708	998.8156	975.3072	1000.0	1000.0	711999	99.00652	5.3102155	106.069595	68.8173	-99.08247	0.18260871	14041.973224878311
179	980.01855	12.512048	998.749	963.5039	976.1693	9.4337635	998.93896	961.11755	1000.0	1000.0	715999	98.98855	5.375255	104.46758	66.26202	-99.07348	0.19267298	14125.996678352356
180	981.4957	10.334854	998.84924	973.0399	960.69434	21.766039	981.06476	903.3519	1000.0	1000.0	719999	99.03727	5.2831655	105.22003	71.26746	-99.12044	0.18318738	14209.097299337387
181	974.09985	6.5532613	985.32666	968.8339	981.79065	10.3430605	998.3968	968.2789	1000.0	1000.0	723999	99.08019	5.1374216	105.536766	67.93231	-99.16389	0.1787711	14286.147827148438
182	965.8657	13.055181	978.5261	946.3158	901.3591	158.71869	987.76086	476.9555	1000.0	1000.0	727999	99.14995	4.93419	105.52982	67.12312	-99.23135	0.17584936	14363.564603567123
183	979.12976	8.952688	992.0724	966.7686	975.4914	9.253164	996.9622	958.7139	1000.0	1000.0	731999	99.0969	5.0741096	105.62816	66.82902	-99.17675	0.17046297	14440.807644367218
184	991.246	10.574044	998.28015	972.9586	918.1655	163.44797	998.08057	430.0641	1000.0	1000.0	735999	99.12337	5.1317034	105.40344	68.537796	-99.203514	0.16657464	14518.102893829346
185	859.8767	209.26064	998.59955	498.07385	979.8234	15.268294	999.2351	949.8566	1000.0	1000.0	739999	99.09628	5.2338705	106.55021	69.216545	-99.17945	0.18668325	14608.004314422607
186	948.47	41.957066	988.4461	878.69806	974.223	9.465003	995.00885	955.05804	1000.0	1000.0	743999	99.15621	5.07627	107.330315	69.574715	-99.23734	0.1821158	14685.024515628815
187	980.98706	7.572422	993.8617	975.18335	943.7376	67.64026	989.6096	751.32666	1000.0	1000.0	747999	99.09768	5.152468	105.01791	68.760956	-99.17653	0.18338895	14761.64574098587
188	987.3778	8.811307	998.80365	977.736	972.3919	14.284968	988.39026	939.33746	1000.0	1000.0	751999	99.02387	5.2404766	104.881065	68.805695	-99.09739	0.17606845	14837.429609060287
189	978.82007	15.383719	994.19196	957.5995	973.9222	16.18145	997.74365	936.5831	1000.0	1000.0	755999	98.93968	5.4883	104.764145	68.57833	-99.016785	0.19582534	14913.148152828217
190	978.4532	3.106069	983.71875	975.6582	979.8003	15.774354	997.78296	954.76953	1000.0	1000.0	759999	99.04673	5.3846197	105.15159	65.846085	-99.13268	0.20296052	14990.26529788971
191	975.28827	17.469246	995.736	947.6157	980.5384	10.770913	997.87933	958.5909	1000.0	1000.0	763999	99.09327	5.481696	104.083115	60.68797	-99.1738	0.20093603	15068.665371894836
192	955.077	22.263859	977.401	925.14545	969.50244	15.981231	994.1984	936.85754	1000.0	1000.0	767999	99.15197	5.3880925	105.473694	57.667976	-99.23081	0.20247306	15145.630079746246
193	975.478	10.851391	988.9851	959.9258	981.0101	14.086675	999.019	955.0766	1000.0	1000.0	771999	99.13729	5.5785775	107.365814	56.83363	-99.21453	0.22020787	15226.265374422073
194	984.71857	8.498982	998.4262	975.84186	964.8024	26.792017	997.93	916.3668	1000.0	1000.0	775999	99.1029	5.8220925	108.54591	59.80459	-99.1785	0.2277593	15303.293954133987
195	972.763	11.937432	988.06024	954.77136	952.30725	21.039644	975.40424	906.1296	1000.0	1000.0	779999	99.19754	5.6696734	107.38894	58.47541	-99.28632	0.22598207	15380.44942855835
196	982.551	12.279125	999.089	967.64685	962.7961	17.305792	998.1671	931.8711	1000.0	1000.0	783999	99.3805	5.368742	106.91956	64.92738	-99.4685	0.21739636	15457.33400464058
197	988.30707	9.775164	998.4372	977.86664	975.2626	29.350578	998.3241	913.33624	1000.0	1000.0	787999	99.42269	5.2878456	107.48017	58.690643	-99.49836	0.19833316	15538.970968723297
198	985.53424	13.204537	997.92523	966.1194	971.95056	20.668137	999.3513	927.6138	1000.0	1000.0	791999	99.33108	5.6204796	107.01341	59.198494	-99.408134	0.20678072	15623.170227527618
199	978.71594	5.335589	986.24426	973.2739	944.4834	35.6773	994.3853	865.33386	1000.0	1000.0	795999	99.32907	5.6396317	105.79831	65.73367	-99.4075	0.20198883	15704.02364730835
200	970.25934	9.967802	985.3471	957.52325	971.9876	21.839907	998.32153	914.65686	1000.0	1000.0	799999	99.28172	5.683883	105.859085	67.790985	-99.35779	0.20364755	15781.1433968544
201	987.3919	12.17425	999.211	967.80835	980.4793	16.876152	998.6021	947.7112	1000.0	1000.0	803999	99.3156	5.6430154	105.2653	65.45349	-99.39541	0.20896102	15870.420444011688
202	990.5755	9.63687	999.15656	974.85956	985.0003	15.070594	999.0601	960.3906	1000.0	1000.0	807999	99.36712	5.359791	105.0528	65.52591	-99.44914	0.20342137	15947.529367923737
203	977.13	7.771884	988.94836	967.4085	973.31464	18.501911	998.55676	932.5353	1000.0	1000.0	811999	99.42559	5.155433	104.80042	66.13864	-99.50414	0.17855209	16032.585547447205
204	972.36536	6.2992206	977.1321	961.52954	975.0086	14.655083	998.03265	954.191	1000.0	1000.0	815999	99.38561	5.298118	104.42726	67.400055	-99.460434	0.1853182	16109.68681383133
205	979.32336	18.351835	998.9934	956.07184	974.7547	18.7982	998.93866	934.7495	1000.0	1000.0	819999	99.34709	5.4098897	104.17138	66.73507	-99.42527	0.2021503	16189.860439538956
206	969.72723	17.197851	997.6879	952.98724	965.03723	18.226486	997.51263	935.2302	1000.0	1000.0	823999	99.39954	5.358272	105.71704	66.61038	-99.47522	0.20147702	16266.852719783783
207	964.0352	31.388845	993.7218	911.19806	975.00037	12.35794	998.93335	950.9456	1000.0	1000.0	827999	99.40474	5.276977	105.78801	66.030785	-99.481865	0.19736755	16351.009907007217
208	858.1249	216.63908	996.2826	483.19827	975.17664	12.274426	995.0966	950.74084	1000.0	1000.0	831999	99.38106	5.173189	105.899734	68.707855	-99.45447	0.18195711	16441.371414661407
209	986.1724	6.7399898	995.27814	979.0615	978.3618	15.443564	999.0349	950.77545	1000.0	1000.0	835999	99.3186	5.315319	106.340096	68.90594	-99.391	0.18040642	16517.48779129982
210	970.96246	11.809825	989.0206	955.90155	947.1012	27.011415	988.96826	912.1472	1000.0	1000.0	839999	99.3533	5.2175665	106.768486	69.73981	-99.43205	0.18304177	16604.4182305336
211	964.9464	9.803375	978.2362	953.19775	971.6709	20.443575	998.6756	936.73956	1000.0	1000.0	843999	99.40772	5.0355744	105.64607	70.45788	-99.48428	0.17573011	16681.69470667839
212	973.6273	8.400456	982.1469	960.9186	974.7915	15.8172455	999.02924	947.35254	1000.0	1000.0	847999	99.35722	5.0555186	104.7803	70.83673	-99.43091	0.17851697	16759.775819063187
213	976.6538	7.494746	985.77313	964.937	981.0542	12.697917	999.0683	960.5072	1000.0	1000.0	851999	99.30419	5.103614	104.01641	68.52895	-99.37307	0.17412339	16837.050313949585
214	971.4634	17.725597	987.17505	941.7493	981.2233	11.791397	998.96155	955.71783	1000.0	1000.0	855999	99.23066	5.2773046	104.39378	67.42628	-99.30366	0.17218594	16914.284955263138
215	966.50635	21.94187	999.35657	945.0471	980.1001	7.571727	996.71234	972.82837	1000.0	1000.0	859999	99.30868	5.2786026	107.29218	68.340004	-99.38587	0.18700948	16999.307067871094
216	876.7841	100.42201	976.0429	740.1518	976.09705	12.60061	997.5428	953.1053	1000.0	1000.0	863999	99.32914	5.2301426	105.82286	69.51649	-99.40361	0.18861608	17082.36475968361
217	974.5205	9.587123	986.16406	959.4858	949.60205	104.1935	997.86066	638.04626	1000.0	1000.0	867999	99.31613	5.146155	104.683525	67.34285	-99.3886	0.18842407	17159.664799928665
218	983.8565	14.582949	998.49225	961.60724	985.20636	11.15499	998.53204	963.6573	1000.0	1000.0	871999	99.30065	5.077103	105.21749	67.39392	-99.3765	0.17871945	17236.905164718628
219	943.2362	33.7231	998.5005	912.94305	974.12024	11.962698	998.5704	954.78156	1000.0	1000.0	875999	99.34472	5.0307007	105.085144	69.60118	-99.42057	0.16781989	17313.83941054344
220	979.9989	13.378437	995.03894	959.5576	948.41956	28.52394	984.5028	897.051	1000.0	1000.0	879999	99.3433	4.9883943	105.85609	70.18138	-99.41501	0.1736993	17399.05566239357
221	956.1074	11.369707	973.23676	941.4067	984.5327	9.537451	997.74945	966.7884	1000.0	1000.0	883999	99.33506	5.017145	108.17716	70.26779	-99.40805	0.18420531	17491.764434337616
222	988.14764	6.4707365	995.91724	978.33966	992.5207	10.337193	999.5311	968.13184	1000.0	1000.0	887999	99.34176	4.9436927	104.71538	70.9215	-99.41522	0.174835	17569.62624192238
223	982.77014	9.409654	998.5147	973.56885	982.4248	11.302558	998.3176	967.31366	1000.0	1000.0	891999	99.35682	4.9142838	105.95513	69.07947	-99.42814	0.17622447	17647.383636951447
224	987.24255	8.929934	997.4488	977.7503	967.82263	15.302828	996.39435	934.12366	1000.0	1000.0	895999	99.37724	4.947868	104.71542	70.196335	-99.4504	0.17155327	17725.646015167236
225	985.3599	10.844559	997.66534	972.6072	976.0535	10.910072	997.7313	953.31744	1000.0	1000.0	899999	99.32569	5.168671	108.91628	68.31145	-99.394485	0.17503066	17803.065074682236
226	962.38574	16.967014	976.847	933.54913	980.91003	13.015369	998.3182	958.6696	1000.0	1000.0	903999	99.3436	5.1587267	105.879944	68.13867	-99.41869	0.18916528	17890.010707855225
227	976.6243	17.2932	998.76105	950.2342	981.75323	16.722933	998.80975	956.84155	1000.0	1000.0	907999	99.37351	5.0099773	104.93179	68.76374	-99.44246	0.1815948	17992.17623257637
228	965.91064	10.915987	979.4458	948.995	976.5568	16.55976	998.7088	941.25604	1000.0	1000.0	911999	99.34085	5.055631	105.24822	67.999275	-99.411545	0.17675045	18069.737364292145
229	976.4743	24.403784	997.51215	936.77344	969.28534	29.92564	995.3677	888.12335	1000.0	1000.0	915999	99.36005	5.110808	105.159805	68.879745	-99.43261	0.18315989	18167.86739063263
230	972.7348	11.469153	986.14136	954.4465	979.4616	9.396444	998.0698	964.69244	1000.0	1000.0	919999	99.43178	5.0257134	107.23431	68.61896	-99.50547	0.17572583	18245.12246441841
231	988.7594	9.027671	998.5386	978.00476	913.6774	46.893524	993.77246	820.70685	1000.0	1000.0	923999	99.4751	4.926918	109.46045	68.36869	-99.54935	0.1743667	18321.42725467682
232	976.06287	5.8987765	984.0903	967.77466	972.9958	16.62402	989.50073	925.06036	1000.0	1000.0	927999	99.56359	4.8903146	109.07232	69.909706	-99.63825	0.18763152	18397.424011468887
233	974.7814	13.42398	995.7178	958.9097	973.1955	18.188202	993.8863	939.4066	1000.0	1000.0	931999	99.61053	4.8895416	107.68598	68.16616	-99.68171	0.17734295	18477.194844722748
234	968.53186	8.865968	980.2566	955.4022	938.7167	104.15484	996.3637	629.33044	1000.0	1000.0	935999	99.64016	4.987698	109.05477	68.13783	-99.71602	0.18259807	18555.940282344818
235	942.8315	41.768604	985.1664	875.183	967.5221	24.619993	999.4979	926.4728	1000.0	1000.0	939999	99.60441	4.965567	112.26283	69.823006	-99.67005	0.19128315	18633.42464375496
236	981.5482	9.15516	997.12695	974.47406	971.94275	14.049235	995.1728	947.33	1000.0	1000.0	943999	99.50869	4.975244	108.69435	68.11391	-99.57814	0.18326956	18710.904685020447
237	974.3459	5.876962	980.4319	964.63184	971.1393	18.787777	998.6405	937.79956	1000.0	1000.0	947999	99.50449	5.0274386	107.18772	67.48331	-99.57687	0.19104663	18788.569057941437
238	985.3841	9.176256	998.6472	973.22845	971.5082	16.414394	998.04517	943.0222	1000.0	1000.0	951999	99.53969	4.972401	106.239105	62.067554	-99.613365	0.18698996	18866.335387468338
239	987.0847	10.301244	996.08997	970.81274	981.5866	12.797688	999.2648	963.5197	1000.0	1000.0	955999	99.64757	4.8648915	107.24437	69.084755	-99.72129	0.17995822	18943.3579993248
240	976.0752	10.289672	991.31036	962.69684	977.5778	11.589429	994.47595	962.9602	1000.0	1000.0	959999	99.6448	4.9333735	110.0798	68.03111	-99.71781	0.19176535	19036.37681078911
241	917.40533	87.47814	998.97955	776.02997	953.44006	33.2695	997.19525	891.73944	1000.0	1000.0	963999	99.71372	4.8402004	109.46319	69.80796	-99.78749	0.18389307	19134.114384651184
242	929.6554	84.305435	995.9589	787.16174	972.87317	16.897764	998.00146	944.98444	1000.0	1000.0	967999	99.6794	4.826483	108.24378	63.548653	-99.7473	0.16828386	19210.627111673355
243	929.8125	30.627478	975.0787	894.2171	968.3953	19.227718	994.4005	923.9062	1000.0	1000.0	971999	99.62907	4.836944	105.381905	64.029076	-99.70069	0.1667123	19286.78602552414
244	980.08624	10.710322	997.12384	967.99646	962.61926	22.733803	995.0621	918.023	1000.0	1000.0	975999	99.65861	4.763247	104.91073	52.657597	-99.72771	0.16803016	19363.608180999756
245	963.9206	24.645702	998.1729	931.7961	936.3333	45.983883	978.8777	827.021	1000.0	1000.0	979999	99.61888	4.8229885	104.76055	57.546165	-99.68781	0.16607642	19443.01124215126
246	948.7176	29.757647	991.71844	909.66693	973.43085	15.611514	994.20264	941.907	1000.0	1000.0	983999	99.61044	4.912341	106.27742	64.57171	-99.681404	0.16683145	19519.957001686096
247	972.52563	16.12863	998.4988	958.33624	977.21204	14.47074	998.742	945.4321	1000.0	1000.0	987999	99.63401	4.8944693	105.93823	68.13806	-99.70438	0.16294555	19600.729930639267
248	960.9055	10.61341	971.52155	948.791	981.80164	8.198376	998.5933	973.41736	1000.0	1000.0	991999	99.688	4.740484	106.381676	65.50781	-99.757484	0.16604236	19679.147622585297
249	975.4475	3.0162528	980.48596	972.53485	972.76855	16.489632	997.3773	932.62714	1000.0	1000.0	995999	99.71198	4.6579885	106.92215	70.11231	-99.782524	0.16610056	19756.236614465714
250	963.1162	27.62429	998.72473	926.4722	981.7969	9.280038	999.0767	965.6849	1000.0	1000.0	999999	99.72832	4.648445	106.481186	69.37438	-99.79948	0.16652362	19847.945441007614
251	982.6093	9.814637	999.0651	974.93964	975.4916	16.777266	998.6768	948.60693	1000.0	1000.0	1003999	99.75764	4.5725765	105.83754	65.09085	-99.82389	0.16071308	19943.029260635376
252	973.843	16.980934	997.53357	951.6525	978.3932	9.363953	996.471	966.02966	1000.0	1000.0	1007999	99.77813	4.409937	105.39886	65.26313	-99.84319	0.16060202	20019.891150951385
253	963.24835	24.372807	988.5116	932.76434	963.69666	19.65063	998.77655	933.22864	1000.0	1000.0	1011999	99.79744	4.403942	107.06252	69.04143	-99.858795	0.16932262	20095.98558998108
254	957.31104	21.99313	983.02045	933.65295	977.76337	13.028095	999.40247	955.5308	1000.0	1000.0	1015999	99.83534	4.436275	104.24226	68.08294	-99.89098	0.17393515	20172.223591327667
255	980.8331	22.202913	999.2129	943.0894	986.3874	11.944031	998.591	965.63806	1000.0	1000.0	1019999	99.8589	4.3057084	106.34546	62.52364	-99.91612	0.17743318	20249.355215787888
256	990.0792	6.165686	998.5928	981.1781	971.7718	22.254599	997.14484	914.29736	1000.0	1000.0	1023999	99.94245	4.1108613	109.50613	68.35563	-99.99735	0.17406912	20331.966284275055
257	946.1102	49.577908	976.4024	860.27466	978.57385	13.935247	999.43774	960.18115	1000.0	1000.0	1027999	100.00019	3.9893458	110.10314	68.59485	-100.05294	0.17391153	20409.272332429886
258	965.9067	17.5244	981.78516	936.45715	985.1082	12.02468	998.39746	964.3148	1000.0	1000.0	1031999	100.07262	3.8894217	104.224754	69.17967	-100.12052	0.17440036	20490.06290578842
259	982.5893	12.040597	999.1761	965.58704	972.2997	20.147032	996.96246	925.0584	1000.0	1000.0	1035999	100.13608	3.7571788	104.15294	69.23317	-100.18314	0.1755482	20572.668986797333
260	987.63617	11.146465	998.9863	973.6418	969.5841	26.058397	998.95575	899.81354	1000.0	1000.0	1039999	100.1897	3.591761	104.1965	69.89432	-100.23218	0.17043751	20664.30848646164
261	988.81024	9.979924	998.8594	977.6265	987.8462	12.078242	999.4479	964.34644	1000.0	1000.0	1043999	100.20456	3.5833561	103.83187	68.907005	-100.24487	0.17131655	20741.79889178276
262	972.5756	11.763708	981.3985	952.3204	979.51526	7.9025846	996.84424	965.69617	1000.0	1000.0	1047999	100.30017	3.420284	104.57088	68.65065	-100.34294	0.16533561	20842.137100934982
263	973.9813	21.315302	998.036	941.82086	970.75116	30.629868	998.547	896.5955	1000.0	1000.0	1051999	100.37644	3.2844546	104.91864	71.04166	-100.41563	0.15035221	20919.45091676712
264	930.7834	80.063385	996.35315	794.543	935.70374	41.974247	997.1035	834.6514	1000.0	1000.0	1055999	100.44602	3.2388809	106.424126	68.961914	-100.48166	0.14682697	20995.839441776276
265	953.56116	36.122723	998.1713	915.16315	977.43555	10.210649	998.41693	958.39996	1000.0	1000.0	1059999	100.38753	3.2357924	105.432335	68.655495	-100.41684	0.14914691	21071.840861558914
266	986.01355	15.537798	999.0766	960.1599	939.2059	37.48419	980.5845	843.9371	1000.0	1000.0	1063999	100.37349	3.1656559	105.02377	69.22038	-100.408966	0.14985925	21148.534304380417
267	968.92206	32.789104	998.1477	914.6419	957.21405	33.120686	992.0626	900.6213	1000.0	1000.0	1067999	100.43315	3.037918	105.39974	67.802666	-100.46586	0.14205356	21226.078609466553
268	932.04785	22.680225	956.0347	901.5651	937.825	29.771755	976.09595	863.81006	1000.0	1000.0	1071999	100.39307	3.0267596	104.26728	65.340324	-100.42169	0.14511548	21307.965500831604
269	973.0299	8.917986	979.86774	957.6956	974.1242	15.824059	995.9817	943.81805	1000.0	1000.0	1075999	100.33606	3.0378244	104.31595	66.85515	-100.36514	0.14185353	21395.15940976143
270	973.3413	16.481865	999.0587	957.3232	976.20593	19.555374	998.8529	939.19147	1000.0	1000.0	1079999	100.34209	3.017864	103.58291	69.62919	-100.37078	0.1336163	21475.204988241196
271	976.88074	9.457908	990.91345	967.31665	965.943	20.04579	997.18115	932.47845	1000.0	1000.0	1083999	100.30805	3.08542	105.930664	60.844048	-100.33778	0.1481526	21552.60954642296
272	966.4044	21.699123	984.4451	929.5085	979.5405	13.108445	996.52344	959.38715	1000.0	1000.0	1087999	100.3005	3.0709054	104.12335	71.05979	-100.32936	0.15561655	21630.048049211502
273	968.02563	20.17163	985.01166	933.6217	981.6378	12.084198	996.33356	966.9716	1000.0	1000.0	1091999	100.32464	3.0599215	104.379456	71.0046	-100.35161	0.14402832	21707.599823236465
274	985.6461	8.7682705	994.48846	976.1533	966.3284	19.443512	984.40125	925.022	1000.0	1000.0	1095999	100.31595	3.0850391	104.20343	70.03249	-100.34437	0.13584816	21785.30836725235
275	974.37506	14.561139	997.92395	961.10565	967.6279	23.5162	998.9731	928.2619	1000.0	1000.0	1099999	100.31284	3.007536	104.96138	70.42798	-100.33886	0.13476394	21862.468026161194
276	964.2726	8.694749	972.48065	950.2305	986.5033	12.093989	997.9397	961.13574	1000.0	1000.0	1103999	100.32224	2.916751	104.2517	71.36165	-100.34926	0.12880227	21940.40215420723
277	972.1425	14.812855	996.31	956.1199	960.9562	25.574484	991.3176	909.0766	1000.0	1000.0	1107999	100.27739	3.1057374	103.278984	68.17265	-100.30524	0.124111004	22026.651693582535
278	972.57166	10.481307	982.52136	954.982	964.42126	24.44234	995.45905	923.6471	1000.0	1000.0	1111999	100.28334	3.1325555	103.96697	67.70993	-100.31002	0.13527274	22104.99209880829
279	982.11	17.428766	998.77814	955.36615	964.6382	26.88031	991.1325	906.4153	1000.0	1000.0	1115999	100.33227	3.0085986	104.912704	69.51907	-100.361664	0.13367873	22193.962164640427
280	977.59674	21.686317	997.7324	941.7089	983.32996	10.855729	998.85626	965.339	1000.0	1000.0	1119999	100.33348	2.9158397	105.61425	70.89332	-100.35675	0.13821295	22283.00109553337
281	977.9971	16.446854	994.2822	952.0824	981.64325	10.847421	998.7104	967.119	1000.0	1000.0	1123999	100.29372	2.9974062	103.6309	71.4791	-100.32188	0.13957456	22360.64268374443
282	976.4977	25.879087	998.2511	933.497	982.4335	17.51809	999.03644	953.06464	1000.0	1000.0	1127999	100.33627	3.0217907	103.756226	71.14903	-100.3665	0.13060632	22461.58153796196
283	975.18005	14.545275	997.2801	957.957	959.9497	30.749462	998.77045	914.8967	1000.0	1000.0	1131999	100.36948	3.0133579	104.77783	71.22594	-100.396736	0.13686799	22544.345770835876
284	982.54456	15.609522	997.5967	959.1044	978.1932	14.845077	998.06647	953.1727	1000.0	1000.0	1135999	100.32897	2.997991	104.51113	69.83981	-100.353	0.12473413	22633.76554083824
285	976.7334	13.382693	994.29376	956.7698	965.2454	20.994104	991.9064	925.6355	1000.0	1000.0	1139999	100.28704	3.032556	106.26162	70.18011	-100.310486	0.1285092	22711.480271339417
286	982.13574	10.058116	998.43677	972.0514	971.36426	12.821133	993.603	945.61005	1000.0	1000.0	1143999	100.22961	3.032068	104.61497	69.67256	-100.25458	0.13546492	22788.58804321289
287	956.99896	14.396515	978.3876	938.51056	950.14777	53.81576	997.2779	804.8989	1000.0	1000.0	1147999	100.28566	2.980833	105.4783	67.98942	-100.31221	0.13884015	22865.215747117996
288	975.7457	12.956287	996.0895	960.68494	888.51135	251.65808	996.8133	134.78107	1000.0	1000.0	1151999	100.3349	2.9833891	104.87851	69.54457	-100.36255	0.12928608	22941.252819299698
289	983.5845	16.519793	995.8929	955.1787	948.6714	21.595356	977.8982	911.7976	1000.0	1000.0	1155999	100.38202	3.0215733	105.1318	69.65231	-100.41289	0.13176002	23018.628537416458
290	971.70886	19.666773	991.7715	944.90576	986.36346	7.438342	997.18756	977.90594	1000.0	1000.0	1159999	100.48428	2.9845974	105.47608	66.72442	-100.516045	0.14106137	23096.877769947052
291	972.5086	6.327959	982.8496	965.84125	985.83606	10.706657	998.39484	964.16364	1000.0	1000.0	1163999	100.53344	2.9661326	104.239876	67.8939	-100.560455	0.12734705	23174.598253250122
292	962.8501	7.0016856	972.3697	953.53217	966.9338	20.52034	993.36694	929.3824	1000.0	1000.0	1167999	100.50594	2.9992857	105.67778	65.25359	-100.53305	0.12928113	23261.688022375107
293	987.1603	11.543142	998.3439	970.2636	986.7375	12.239516	999.0411	962.12213	1000.0	1000.0	1171999	100.46252	2.9008682	105.750275	69.55778	-100.486855	0.12696798	23339.183382749557
294	975.1502	6.316822	981.5712	968.5174	979.924	19.045132	998.91895	951.8735	1000.0	1000.0	1175999	100.42706	2.8476489	105.689735	71.44677	-100.453125	0.117615625	23416.747124910355
295	978.2541	11.67966	992.5147	960.87775	968.45917	24.21929	999.0062	906.52765	1000.0	1000.0	1179999	100.41606	2.9217036	110.009094	70.44724	-100.44196	0.12477531	23495.3813226223
296	967.0654	29.475607	997.4774	919.0405	976.5039	9.631856	999.244	963.5062	1000.0	1000.0	1183999	100.35372	3.0296435	104.54885	70.593704	-100.375206	0.12909894	23574.29233765602
297	966.62744	14.911854	982.7172	943.30023	967.3244	22.280413	992.10284	911.3003	1000.0	1000.0	1187999	100.2963	2.949321	106.87933	66.56176	-100.32147	0.12887655	23652.22120499611
298	936.9568	48.45586	997.072	887.6664	928.22003	21.95066	959.36743	886.8667	1000.0	1000.0	1191999	100.31765	2.8705082	104.496216	70.04413	-100.345184	0.12256761	23730.32100868225
299	939.54626	19.970926	965.7838	912.91614	959.23645	14.705151	978.6705	927.0395	1000.0	1000.0	1195999	100.3636	2.8258996	106.74446	67.324875	-100.38904	0.12175691	23815.16187620163
300	965.87866	23.06256	986.79254	927.8025	930.304	128.52782	998.67114	559.7962	1000.0	1000.0	1199999	100.32196	2.872413	104.41693	69.26353	-100.34625	0.12689978	23895.495662927628
301	975.13513	17.713789	997.9438	948.2202	973.81726	17.994932	995.8793	927.22125	1000.0	1000.0	1203999	100.29653	2.8602247	104.938545	68.65418	-100.3215	0.12536006	23977.46475338936
302	965.4165	14.392485	980.60144	942.7278	986.7902	10.928023	998.5548	965.2056	1000.0	1000.0	1207999	100.29769	2.7027252	104.51259	70.27636	-100.32215	0.11583695	24059.697045087814
303	970.70996	10.481601	981.69073	958.1264	976.6522	19.890873	998.0981	938.94794	1000.0	1000.0	1211999	100.26313	2.6944065	107.54461	64.29535	-100.286835	0.11859915	24149.953067064285
304	802.57043	278.71875	997.94086	324.14835	989.38586	7.2454658	999.7997	977.5892	1000.0	1000.0	1215999	100.20565	2.704531	103.80396	71.55425	-100.22995	0.12059599	24232.66117978096
305	954.6848	37.563103	994.59827	897.98206	975.7539	30.376762	998.659	889.37573	1000.0	1000.0	1219999	100.17856	2.7857075	105.229706	71.092606	-100.20368	0.11785739	24311.39509344101
306	946.3325	35.927505	993.881	895.8535	975.3369	28.079967	995.8513	895.8891	1000.0	1000.0	1223999	100.13529	2.8606544	104.08481	67.86083	-100.15847	0.1183377	24395.67055773735
307	984.27856	8.628478	996.9826	972.631	986.6336	14.32551	999.33374	958.4314	1000.0	1000.0	1227999	100.07158	2.899518	106.2105	67.11829	-100.09275	0.12650615	24474.74353146553
308	985.7509	12.938984	999.6733	967.74274	979.71875	17.251436	999.34503	942.5962	1000.0	1000.0	1231999	100.0362	2.9070852	103.621475	63.73873	-100.06117	0.121976025	24552.77892446518
309	984.7989	13.965142	998.5304	965.1419	981.59094	9.120214	998.95844	969.38763	1000.0	1000.0	1235999	100.07108	2.8991635	106.07875	68.364	-100.0953	0.122369595	24632.799000501633
310	975.87146	8.998072	985.2397	961.28094	986.0623	10.628448	998.80664	967.4969	1000.0	1000.0	1239999	100.12121	2.9241211	106.39607	68.30153	-100.14962	0.13450983	24712.709663391113
311	978.0834	13.485412	999.00134	962.69836	966.5417	16.775385	989.40735	941.6343	1000.0	1000.0	1243999	100.18291	2.8152533	104.8548	66.802216	-100.20952	0.12081936	24788.67311668396
312	972.4189	17.596046	998.5173	949.1656	944.93884	50.046215	998.65515	831.3503	1000.0	1000.0	1247999	100.24403	2.8099353	104.58328	67.47998	-100.27235	0.12314044	24866.463001012802
313	963.23755	8.86999	977.53485	953.1708	969.19855	16.623356	999.1731	939.2508	1000.0	1000.0	1251999	100.29233	2.8587546	105.11148	68.018906	-100.31894	0.12585509	24944.78164100647
314	972.2087	20.418737	990.1761	940.1014	962.9245	22.944242	996.3204	926.09	1000.0	1000.0	1255999	100.26267	2.8153596	105.06805	66.356804	-100.28715	0.13488877	25022.345616817474
315	974.1881	18.125837	993.9311	950.9016	984.9025	13.983936	999.221	961.13464	1000.0	1000.0	1259999	100.21932	2.7957716	104.578384	66.09788	-100.24525	0.12637272	25100.07115960121
316	967.0226	24.958841	997.888	929.5285	970.53625	12.877859	989.6494	948.9474	1000.0	1000.0	1263999	100.25419	2.7842584	104.555855	67.94225	-100.28042	0.11787164	25200.87531709671
317	963.7384	20.649807	979.4127	928.31824	959.6454	22.075256	978.5587	909.42505	1000.0	1000.0	1267999	100.29865	2.7615626	105.41885	67.91657	-100.32706	0.11877351	25278.758327007294
318	949.8916	28.673264	988.3025	908.4055	977.02527	12.487138	998.3775	950.85297	1000.0	1000.0	1271999	100.4255	2.790816	105.51001	68.9985	-100.462135	0.12118024	25359.97769522667
319	976.72754	6.3356833	986.731	969.1693	970.0212	24.920862	993.2757	913.7982	1000.0	1000.0	1275999	100.53786	2.8120236	106.23184	69.21597	-100.56881	0.12603618	25437.65362739563
320	948.43054	53.884983	997.27783	857.7576	958.8927	29.861431	997.4498	888.8009	1000.0	1000.0	1279999	100.53148	2.807335	104.873	67.797775	-100.55703	0.12737241	25516.04192829132
321	954.8259	30.968723	995.39716	924.712	983.36456	10.134161	998.5662	968.3022	1000.0	1000.0	1283999	100.43064	2.9310808	104.69522	63.016792	-100.45289	0.13363586	25614.418792963028
322	983.11707	9.5272045	998.1584	971.9355	968.6875	23.26885	998.65466	931.86835	1000.0	1000.0	1287999	100.31298	2.9904807	103.89989	63.817688	-100.333534	0.13310073	25701.09077310562
323	848.5636	212.83119	987.18726	480.39224	972.3529	17.464092	996.43866	933.3267	1000.0	1000.0	1291999	100.23431	3.0015025	103.86631	64.08682	-100.25681	0.13847715	25792.91862988472
324	857.2376	219.0995	991.4595	477.84045	973.70917	19.279957	998.4017	942.01587	1000.0	1000.0	1295999	100.19643	3.0188038	106.08421	64.774994	-100.22139	0.14096625	25870.87044453621
325	973.90594	18.255058	997.7358	947.08466	976.19434	25.785276	999.44073	915.51056	1000.0	1000.0	1299999	100.17439	2.924928	105.40387	67.32187	-100.19776	0.13577425	25953.351523160934
326	979.76166	9.267874	989.27246	964.6697	985.116	10.319897	998.41364	970.5071	1000.0	1000.0	1303999	100.15224	2.8844912	104.15376	66.23316	-100.17772	0.12863989	26031.01135778427
327	990.9435	4.1010046	997.59735	987.1882	978.9204	15.198336	997.7976	942.4984	1000.0	1000.0	1307999	100.11486	2.918804	103.58062	68.94388	-100.13872	0.12846106	26121.931283950806
328	985.9037	12.364134	997.85315	965.16925	975.5011	9.488751	993.49194	958.594	1000.0	1000.0	1311999	100.10317	2.856771	103.046005	67.413506	-100.128365	0.12731177	26199.288618803024
329	984.62726	11.972759	996.97455	967.3809	971.2832	26.669146	994.2259	900.108	1000.0	1000.0	1315999	100.09159	2.8146036	104.36787	70.11278	-100.116356	0.117644146	26276.387234210968
330	967.5389	31.029976	991.00745	914.87695	980.2176	17.976679	999.70886	948.3369	1000.0	1000.0	1319999	100.05682	2.7768793	103.63449	67.63034	-100.07834	0.1161293	26356.789551258087
331	970.6736	17.028545	991.1495	952.6971	976.1574	18.460182	997.7749	945.6367	1000.0	1000.0	1323999	100.02701	2.8215063	103.73924	69.600555	-100.048836	0.117759876	26434.16584610939
332	994.72034	6.1839576	999.2537	984.10187	973.88153	24.704056	999.1718	924.0915	1000.0	1000.0	1327999	99.98305	2.8062215	103.69603	69.98224	-100.00352	0.122632846	26511.687899827957
333	932.1447	52.05205	998.9153	855.72485	956.486	35.223648	995.35333	887.3734	1000.0	1000.0	1331999	99.92511	2.861267	105.11881	70.03386	-99.94867	0.121036835	26599.215104341507
334	976.291	27.203983	998.39355	931.2803	979.584	16.372662	999.0075	944.27747	1000.0	1000.0	1335999	99.95062	2.9283714	105.38707	67.87957	-99.97434	0.12475618	26683.883372545242
335	967.7638	16.943748	984.3031	939.99097	951.834	29.420662	992.28485	886.0701	1000.0	1000.0	1339999	99.96707	2.9078655	105.70409	67.297516	-99.99217	0.13131857	26760.00756907463
336	948.3856	54.33538	997.25543	865.46875	972.93506	17.60101	998.5751	936.7192	1000.0	1000.0	1343999	99.98851	2.8373525	103.614426	63.295216	-100.013	0.123379886	26838.67125892639
337	981.8264	8.685826	996.83856	975.98315	979.4176	13.759349	997.8528	949.1758	1000.0	1000.0	1347999	100.01347	2.8493173	102.85567	67.28407	-100.040016	0.11949607	26917.78386616707
338	966.63196	18.29486	978.11896	934.9657	978.1434	14.474378	999.3537	952.7048	1000.0	1000.0	1351999	100.00871	2.8191695	108.396774	70.19042	-100.027756	0.11921933	26995.35085129738
339	973.0427	8.130609	984.1232	962.7862	981.11865	12.745133	997.36865	951.4822	1000.0	1000.0	1355999	99.92559	2.8801327	105.27838	67.07066	-99.94697	0.11496404	27072.6041162014
340	982.72705	16.644974	998.05505	954.7373	968.2417	44.28604	998.17615	842.65564	1000.0	1000.0	1359999	99.89899	2.9168448	108.3476	66.35254	-99.92129	0.12098755	27154.515563488007
341	945.32587	31.30232	978.3768	897.4093	974.97003	12.993911	998.2958	955.86395	1000.0	1000.0	1363999	99.90921	2.831542	109.48574	68.99713	-99.93261	0.11902447	27232.56639790535
342	963.1679	7.118592	971.84357	952.2276	972.2086	10.678049	998.0941	957.4173	1000.0	1000.0	1367999	99.90744	2.819292	107.59818	69.25301	-99.92966	0.114181556	27313.835953474045
343	978.8017	14.276816	995.2654	956.36847	984.0404	8.336175	998.77844	973.64777	1000.0	1000.0	1371999	99.89472	2.8099475	104.10628	66.02591	-99.916954	0.11519061	27413.21195745468
344	980.48254	14.680931	997.6878	958.19684	977.2555	11.907089	990.8634	951.4119	1000.0	1000.0	1375999	99.90928	2.7499843	105.719	69.21661	-99.93133	0.111577064	27503.75618481636
345	975.94635	8.9172325	987.5629	963.09265	976.5853	7.753965	993.1038	962.5705	1000.0	1000.0	1379999	99.88806	2.715587	104.52467	68.08645	-99.91064	0.1069292	27580.18538236618
346	988.1732	11.144859	998.4891	969.5115	966.8831	17.071415	986.7257	933.67346	1000.0	1000.0	1383999	99.87551	2.802144	103.15553	61.667706	-99.89717	0.12097035	27672.849645614624
347	988.834	10.012132	999.2519	976.9777	964.5753	30.706203	999.1506	903.88965	1000.0	1000.0	1387999	99.87193	2.8680425	103.14451	68.5751	-99.89396	0.11881549	27749.13604736328
348	957.4282	32.557785	999.26294	909.1449	982.8989	9.811772	997.5745	958.29584	1000.0	1000.0	1391999	99.86706	2.9188533	103.19314	62.988873	-99.88876	0.13071972	27826.871045589447
349	960.37164	15.051041	979.9145	943.11414	980.2516	14.506979	998.3204	957.9162	1000.0	1000.0	1395999	99.88417	3.0125573	104.37947	70.295944	-99.91151	0.12917277	27904.72585582733
350	978.50134	13.545577	998.84814	962.1705	984.6035	13.116695	999.6219	961.17236	1000.0	1000.0	1399999	99.9547	3.0922184	103.9413	64.775314	-99.97932	0.1419326	27987.452468156815
351	953.982	27.818165	980.1627	912.57153	965.64014	25.469168	996.2383	899.2057	1000.0	1000.0	1403999	99.96484	3.1181757	104.15873	68.437325	-99.98439	0.13803107	28082.42462158203
352	966.4822	32.84609	997.0679	912.3224	964.033	33.07901	999.4594	897.55225	1000.0	1000.0	1407999	99.92971	3.1301482	104.43554	66.88497	-99.95187	0.14749958	28174.837725400925
353	981.36597	18.857841	999.7421	956.90076	986.8871	9.891026	999.69446	976.68964	1000.0	1000.0	1411999	99.96668	3.0913022	104.23871	62.493034	-99.99355	0.14763778	28261.446840047836
354	971.73975	10.11889	984.98895	958.47253	974.83655	22.811823	997.40533	926.24036	1000.0	1000.0	1415999	100.08216	3.0228503	104.742516	61.753403	-100.110344	0.13358368	28340.674405813217
355	981.9314	10.544939	999.7214	972.436	985.3156	12.013523	999.4802	968.2421	1000.0	1000.0	1419999	100.07006	2.9939656	107.30978	63.36684	-100.09013	0.12332181	28428.277730464935
356	982.0786	12.491602	999.26685	964.9825	985.6164	10.31468	998.501	965.55664	1000.0	1000.0	1423999	100.06867	2.9455297	104.454666	67.68841	-100.095345	0.12562819	28505.54876112938
357	987.642	10.636792	999.68823	972.8443	985.4292	12.002392	999.78204	960.8848	1000.0	1000.0	1427999	100.14396	2.8537245	104.87148	66.988625	-100.17317	0.121963196	28592.0569088459
358	969.1847	15.296747	988.79724	945.99133	966.2886	23.627499	999.17334	924.3098	1000.0	1000.0	1431999	100.17631	2.916827	104.4262	66.68955	-100.20363	0.1255225	28671.64457130432
359	902.63574	63.068367	977.21686	804.3418	967.4093	31.164806	999.5763	882.01953	1000.0	1000.0	1435999	100.16296	2.9195664	104.39268	69.0806	-100.18597	0.1294879	28768.617763519287
360	980.3054	10.893717	996.03894	967.87555	979.3784	18.839361	998.68976	936.47266	1000.0	1000.0	1439999	100.13335	2.9512784	104.55739	70.27414	-100.15984	0.12943968	28845.784435510635
361	973.43665	24.298826	997.37836	933.3779	988.4254	8.441064	998.5094	978.1088	1000.0	1000.0	1443999	100.22198	2.8656347	104.678375	69.01714	-100.25069	0.12142535	28923.701886177063
362	984.84436	12.917401	997.1605	963.28986	977.99915	11.621588	994.0109	949.50806	1000.0	1000.0	1447999	100.2617	2.9191883	105.04005	70.44863	-100.29063	0.12805052	29001.121640443802
363	991.04456	6.7611284	999.09106	980.88446	982.8584	14.370001	999.7304	954.32654	1000.0	1000.0	1451999	100.29452	2.8622727	104.64049	70.66145	-100.324234	0.12731585	29081.189263105392
364	980.4315	12.153981	999.6365	966.81165	980.88477	12.714983	999.73834	954.76636	1000.0	1000.0	1455999	100.29516	2.9221535	104.67439	70.35615	-100.321236	0.11924001	29160.73476099968
365	976.2554	16.892784	999.7482	952.10406	987.86707	10.240574	999.80817	969.81476	1000.0	1000.0	1459999	100.27397	2.9143574	104.37636	64.87724	-100.300156	0.12254187	29238.219432592392
366	983.2197	8.217932	992.26355	972.6545	965.2993	20.307629	994.99475	936.1234	1000.0	1000.0	1463999	100.28856	2.8752007	103.96192	69.1662	-100.31486	0.11323178	29317.24818253517
367	984.32074	10.811657	998.1543	970.28485	977.8953	12.237364	999.59424	961.44586	1000.0	1000.0	1467999	100.28418	2.8248534	103.91592	69.46184	-100.3134	0.10601973	29413.102673768997
368	962.7452	47.727055	998.9827	881.5096	978.74133	17.331099	998.6196	952.52167	1000.0	1000.0	1471999	100.34507	2.7917137	104.848206	71.97222	-100.37419	0.11304753	29504.824538707733
369	985.31995	13.118486	998.8703	967.7834	975.119	17.545944	994.9515	938.04755	1000.0	1000.0	1475999	100.36168	2.894287	104.76439	70.67995	-100.38989	0.118379466	29581.457392454147
370	942.65436	21.05519	959.6767	907.9472	963.10706	21.009277	991.10913	926.94574	1000.0	1000.0	1479999	100.40932	2.9194689	104.93721	71.75032	-100.441574	0.12801431	29678.368389368057
371	975.6667	15.559815	991.2203	954.8465	981.71954	16.490566	997.9541	952.83307	1000.0	1000.0	1483999	100.48974	2.849261	106.43564	70.42139	-100.518814	0.11965988	29754.529646635056
372	968.9071	10.630869	977.9133	951.73706	978.15393	23.006258	998.78253	929.15826	1000.0	1000.0	1487999	100.49044	2.8426306	106.75776	70.64254	-100.51913	0.12337056	29850.85586500168
373	982.4386	9.032599	997.7002	975.42316	986.0049	8.520404	997.48566	974.87756	1000.0	1000.0	1491999	100.47208	2.8320985	104.63617	70.37873	-100.500145	0.11356317	29949.17919421196
374	981.06226	11.897135	996.5868	968.63556	976.67267	11.455771	997.51416	960.4156	1000.0	1000.0	1495999	100.42783	2.8372662	104.888626	70.209	-100.45423	0.11786123	30029.59782409668
375	955.2367	20.516891	977.4053	924.02905	977.00525	15.15402	996.2486	948.9236	1000.0	1000.0	1499999	100.35194	2.9293094	104.214195	68.76287	-100.373886	0.11994867	30108.1866543293
376	976.22534	12.3604355	987.6529	955.9297	971.84015	13.887304	994.21234	949.4689	1000.0	1000.0	1503999	100.24669	2.9668455	104.95659	65.6856	-100.27144	0.13293347	30195.08981704712
377	981.0506	18.402588	999.3482	950.415	973.1387	14.528628	998.7659	944.9152	1000.0	1000.0	1507999	100.22044	2.9777095	106.238945	68.33589	-100.24522	0.12927048	30274.632984876633
378	953.2075	30.344074	987.86584	910.3709	968.9476	19.10639	998.4832	931.9202	1000.0	1000.0	1511999	100.17137	2.919946	103.39733	65.432365	-100.19311	0.12830237	30351.213394641876
379	949.1791	12.624321	962.3673	933.16394	956.98	27.211498	996.6047	914.99976	1000.0	1000.0	1515999	100.15305	2.929056	103.356514	69.72609	-100.18044	0.1311589	30437.996401309967
380	962.446	26.757504	997.98456	932.9255	955.1968	32.756477	998.3811	893.37726	1000.0	1000.0	1519999	100.12038	2.9281552	103.36571	64.15214	-100.14282	0.13411835	30518.3768928051
381	976.5464	9.965281	990.756	965.73285	966.12384	18.995964	997.5128	943.128	1000.0	1000.0	1523999	100.12185	2.847428	103.32431	62.82504	-100.147705	0.1277736	30604.396809339523
382	982.3992	10.138039	997.4028	970.52997	974.0876	14.259165	998.8467	954.4618	1000.0	1000.0	1527999	100.07853	2.8734837	103.397156	68.78636	-100.10098	0.12427879	30688.972098112106
383	971.3208	27.529219	999.05634	931.98615	968.9211	12.00832	989.4191	942.1599	1000.0	1000.0	1531999	100.00898	2.9381022	104.39018	68.331406	-100.03243	0.12524779	30773.021603822708
384	966.3484	15.197105	978.4166	940.2839	976.8628	13.731716	993.07733	948.50604	1000.0	1000.0	1535999	100.0044	2.9313052	106.8836	68.56047	-100.02869	0.12342777	30859.407931804657
385	989.2	6.8177714	997.0845	980.71533	983.1426	9.557229	997.34247	969.07416	1000.0	1000.0	1539999	100.04198	2.9069262	104.012856	69.39039	-100.0662	0.12445686	30946.979075670242
386	984.3513	9.571978	991.6472	968.064	982.2738	10.324054	997.7622	970.72565	1000.0	1000.0	1543999	100.01493	2.8888454	108.07529	68.22257	-100.03809	0.124832556	31027.667582511902
387	978.702	29.543608	999.2533	927.81476	975.42786	9.230725	989.27673	959.91595	1000.0	1000.0	1547999	99.99719	2.8544412	104.069664	66.01214	-100.01914	0.123073414	31105.9977581501
388	980.8479	16.638878	997.07983	954.1579	947.4496	105.940216	997.60913	631.42316	1000.0	1000.0	1551999	99.98477	2.820795	104.4114	64.6439	-100.00738	0.12168121	31184.69002556801
389	993.2414	2.8573036	995.32074	988.31805	942.325	142.71878	999.74097	514.9373	1000.0	1000.0	1555999	99.95892	2.8964396	102.85896	63.495377	-99.9805	0.12206427	31262.302371263504
390	981.9095	7.6496215	993.4458	974.55054	982.79346	9.312323	998.4292	974.1543	1000.0	1000.0	1559999	99.90937	3.0045485	104.16133	67.55228	-99.93097	0.13462682	31348.305247545242
391	976.3943	14.189087	998.66425	959.2368	939.61	104.27043	995.12146	629.6987	1000.0	1000.0	1563999	100.00819	3.0898032	103.69261	64.12054	-100.0394	0.14212675	31432.57118487358
392	987.4977	8.123005	996.9166	977.9628	985.5653	11.510525	999.0127	962.20734	1000.0	1000.0	1567999	100.11552	3.1381426	103.34698	67.26981	-100.14669	0.1467116	31511.111335277557
393	982.44617	13.6472025	996.171	961.646	973.3871	21.36133	999.07666	939.3393	1000.0	1000.0	1571999	100.2302	3.1678514	105.64502	68.19248	-100.25671	0.15286092	31588.88718175888
394	974.38525	13.589894	997.65326	963.34454	985.37354	17.695515	998.73816	937.9483	1000.0	1000.0	1575999	100.27324	3.1216862	104.518486	67.11281	-100.29741	0.14682923	31667.972463607788
395	984.85645	7.4597626	996.48663	976.7937	973.66565	16.003479	998.05676	937.49524	1000.0	1000.0	1579999	100.18572	2.9981034	105.038956	61.121056	-100.20775	0.14988	31749.8768992424
396	971.5386	6.7995267	980.40497	961.81866	967.8937	21.628185	997.2009	927.2563	1000.0	1000.0	1583999	100.13785	2.9118853	104.25804	64.20038	-100.15936	0.13674997	31835.301035642624
397	987.2409	8.563245	996.95746	978.0862	979.06757	10.610959	995.96643	964.0214	1000.0	1000.0	1587999	100.11917	2.968155	103.76828	60.2026	-100.144066	0.13169925	31925.134009838104
398	965.37115	24.18256	998.089	939.51373	978.2337	19.984556	997.131	925.8045	1000.0	1000.0	1591999	100.07907	2.893259	103.01146	60.293457	-100.09939	0.123795815	32003.911655426025
399	978.7792	15.032471	996.6743	959.5651	987.2122	11.318473	997.3459	965.84094	1000.0	1000.0	1595999	100.02071	2.8978097	104.038025	64.27313	-100.04151	0.12006096	32083.104691028595
400	980.5427	17.783066	999.01184	959.51575	978.4546	9.948209	998.0697	964.66876	1000.0	1000.0	1599999	99.9862	2.7731397	103.45841	61.13814	-100.008095	0.12505867	32165.318670511246
401	968.55554	15.860074	984.1024	942.3762	976.59534	12.637919	996.57544	957.81	1000.0	1000.0	1603999	99.97148	2.814429	104.22602	65.161514	-99.99262	0.12061371	32243.150631904602
402	984.8803	20.751657	997.95044	948.9834	980.6628	12.517739	998.9123	956.7032	1000.0	1000.0	1607999	99.91517	2.8380299	103.47632	63.382088	-99.93267	0.11726255	32325.606551885605
403	974.67053	27.361902	999.8578	932.14624	986.2043	11.703314	999.35693	969.5989	1000.0	1000.0	1611999	99.86655	2.831244	109.541595	62.922894	-99.88618	0.11887034	32419.18547654152
404	993.76337	7.9278955	998.77167	980.0559	987.8909	9.805763	999.79663	974.41125	1000.0	1000.0	1615999	99.88538	2.870209	103.288216	62.41088	-99.90926	0.11677945	32497.72610592842
405	973.4852	15.37807	993.26715	950.6561	986.4661	8.886135	998.2115	975.65204	1000.0	1000.0	1619999	99.97182	2.905104	104.1272	59.286217	-100.00233	0.13352576	32578.006512641907
406	981.92847	16.163553	997.95404	960.5221	971.7077	27.929653	998.9046	916.73346	1000.0	1000.0	1623999	100.17759	2.9425292	104.199585	60.11129	-100.214195	0.13277517	32659.135848522186
407	978.15234	7.040218	989.74866	972.20575	978.1536	17.03168	998.1385	938.49457	1000.0	1000.0	1627999	100.3995	2.915526	104.86211	60.041676	-100.43608	0.12634313	32742.918486356735
408	977.9756	6.1760893	984.6265	969.25055	978.0194	13.794728	998.0091	944.3934	1000.0	1000.0	1631999	100.51889	2.8321817	104.08595	64.525955	-100.54977	0.11942204	32828.13194870949
409	988.4955	9.343439	999.16547	979.10803	975.3324	25.535444	999.11884	912.5867	1000.0	1000.0	1635999	100.50244	2.835321	104.24129	62.46827	-100.526276	0.12244636	32908.39705348015
410	978.48804	9.946217	995.69763	972.0529	979.0046	11.658405	999.0235	961.71686	1000.0	1000.0	1639999	100.40772	2.818641	104.04378	65.04792	-100.429146	0.112451695	32991.159952402115
411	979.0945	11.592584	996.59314	964.18524	983.47577	11.576915	997.4266	968.6665	1000.0	1000.0	1643999	100.32774	2.7862914	103.93462	65.121414	-100.35028	0.1069004	33068.189108371735
412	967.1594	7.191995	976.9938	957.0392	981.44745	10.25569	998.98865	969.1498	1000.0	1000.0	1647999	100.22613	2.8596659	103.17131	62.84582	-100.24763	0.108586445	33148.147686481476
413	988.2415	8.488666	997.1911	978.5778	979.5831	16.462742	996.70886	938.53845	1000.0	1000.0	1651999	100.2353	2.853041	106.27237	63.45459	-100.26477	0.11020276	33226.21456241608
414	970.5557	4.8988576	974.23096	962.1203	975.7129	18.861258	998.7233	933.40845	1000.0	1000.0	1655999	100.35876	2.8680148	103.3316	68.9681	-100.38865	0.117145635	33303.387855529785
415	972.28674	18.31044	993.91876	943.21954	975.0501	18.555658	997.88293	934.2013	1000.0	1000.0	1659999	100.39887	2.8602254	105.05456	67.90637	-100.42358	0.11075297	33390.45943617821
416	971.77966	29.783329	996.536	921.7433	971.4333	17.534407	998.4532	943.5503	1000.0	1000.0	1663999	100.3612	2.9041622	107.13475	63.873093	-100.38581	0.112267636	33481.26317977905
417	973.19275	30.879938	998.8397	920.7383	957.75586	32.961136	997.5	881.8856	1000.0	1000.0	1667999	100.33494	2.8191335	105.16618	66.25309	-100.35829	0.11532919	33568.34142136574
418	961.87445	30.463478	999.7745	921.33746	981.80945	11.904671	999.7423	958.4597	1000.0	1000.0	1671999	100.26522	2.866464	106.76528	67.55629	-100.28819	0.12631866	33652.012229681015
419	971.6521	6.223552	979.6526	964.3906	980.7751	13.069442	999.14746	952.9975	1000.0	1000.0	1675999	100.19235	2.8547585	106.0872	67.64995	-100.21373	0.1206215	33736.66614842415
420	975.50867	12.9027405	997.82135	966.9017	978.7546	9.876928	992.1587	956.13727	1000.0	1000.0	1679999	100.09764	2.8681407	104.33616	66.280975	-100.11943	0.12618282	33824.36171913147
421	981.86206	13.0504465	990.27905	959.2834	970.18475	21.267176	999.04474	920.4244	1000.0	1000.0	1683999	100.07878	2.7572696	104.50248	66.29452	-100.100174	0.113823794	33904.222388744354
422	985.7849	12.008994	997.5984	965.70636	984.5389	9.704095	999.5386	969.7301	1000.0	1000.0	1687999	100.06406	2.8363762	104.365005	64.34302	-100.08636	0.119438834	33982.041254520416
423	949.2129	62.410904	998.91656	845.46124	970.0469	29.253859	999.5394	903.55536	1000.0	1000.0	1691999	100.03971	2.8851523	103.46582	63.559517	-100.061935	0.12057157	34059.02219390869
424	961.69586	31.45511	999.05383	912.23883	969.83057	25.068632	999.4863	913.5672	1000.0	1000.0	1695999	100.04567	2.8291242	103.59746	65.60745	-100.06508	0.116614096	34140.947456121445
425	965.43427	7.0141873	976.7414	959.06055	981.4702	13.051686	998.7881	956.2438	1000.0	1000.0	1699999	99.95849	2.8840985	104.17666	66.26906	-99.97687	0.1231363	34224.363035440445
426	987.1467	7.896122	996.243	978.8995	978.21466	15.0084915	999.39233	948.51855	1000.0	1000.0	1703999	99.90531	2.8722985	103.08533	62.756588	-99.925545	0.12702776	34314.01253986359
427	962.32086	38.25525	999.63885	903.2102	965.50574	21.819216	979.21246	901.3813	1000.0	1000.0	1707999	99.91224	2.8771176	103.66868	68.97629	-99.93558	0.12554283	34406.79014348984
428	970.01843	24.432274	997.50616	943.96484	976.3428	13.888433	999.1984	950.051	1000.0	1000.0	1711999	99.922	2.9291604	102.91893	67.626465	-99.944	0.12288838	34495.002809524536
429	979.5666	3.2383301	984.5196	976.26337	973.618	13.890314	994.2448	939.1707	1000.0	1000.0	1715999	99.9449	2.9263916	103.653435	64.45566	-99.968216	0.122661866	34583.4545609951
430	976.59375	16.453756	998.97723	956.71436	983.28253	7.6283336	995.8276	967.70013	1000.0	1000.0	1719999	99.92433	2.9614513	103.88367	65.655945	-99.941986	0.12928711	34668.32770848274
431	975.02686	13.63899	990.2072	952.9216	977.10516	22.87949	999.1547	921.05096	1000.0	1000.0	1723999	99.86937	2.925067	102.79621	61.98287	-99.8887	0.12668552	34749.74181818962
432	962.29626	9.506147	976.94934	951.12897	968.9591	9.475978	983.3621	952.4253	1000.0	1000.0	1727999	99.85312	2.8752668	104.27971	56.65858	-99.878395	0.12826933	34828.467081069946
433	970.9343	11.18394	987.1419	959.2802	976.6522	32.479736	998.04895	886.58563	1000.0	1000.0	1731999	99.91289	2.9146655	104.093636	62.73681	-99.92963	0.12724386	34906.47747898102
434	962.48987	26.513515	995.1996	924.7718	980.6664	14.484963	996.9408	943.6039	1000.0	1000.0	1735999	99.95345	2.9408205	103.76857	67.0015	-99.982185	0.13045734	34985.189069509506
435	970.81714	31.75438	997.54974	917.9116	975.81415	17.673637	997.953	938.77356	1000.0	1000.0	1739999	100.07637	2.9420147	103.35793	67.07527	-100.10252	0.1297971	35064.38351225853
436	981.5271	9.834819	996.7074	969.2058	975.5238	23.06429	999.009	935.5629	1000.0	1000.0	1743999	100.1669	2.8950396	103.64711	65.15425	-100.195465	0.12592019	35143.02418279648
437	975.09656	12.653426	992.003	956.61017	982.25793	11.116905	997.7334	961.0317	1000.0	1000.0	1747999	100.24591	2.7561285	103.81312	62.944736	-100.26965	0.114145145	35222.33155846596
438	968.4661	14.27617	985.44025	947.3383	948.42236	38.056057	996.6405	883.6877	1000.0	1000.0	1751999	100.20077	2.7784038	103.95833	65.347595	-100.22279	0.1102204	35298.85783267021
439	976.1875	17.82488	998.227	948.93445	980.9725	13.707799	999.36646	952.6337	1000.0	1000.0	1755999	100.17558	2.8230944	103.88968	67.49728	-100.19741	0.113417216	35381.499440193176
440	982.14465	10.410059	999.0536	971.1821	978.9963	25.168552	999.77167	909.4672	1000.0	1000.0	1759999	100.0806	2.8411455	104.30907	65.20087	-100.1011	0.12326961	35468.330956697464
441	973.3192	13.721262	989.0339	956.0136	985.5532	17.468273	998.19257	939.31647	1000.0	1000.0	1763999	100.13363	2.7555707	103.86148	64.07868	-100.157295	0.11256501	35551.50078010559
442	968.90295	28.680443	998.78845	921.61194	906.5742	235.76257	998.8176	200.85297	1000.0	1000.0	1767999	100.10498	2.7824173	106.86249	67.566605	-100.126144	0.1199162	35629.954173088074
443	975.7124	20.25022	997.40466	951.2871	971.61975	19.71543	997.5479	933.8288	1000.0	1000.0	1771999	100.0946	2.7317681	105.12521	67.08701	-100.1175	0.11889986	35709.6219329834
444	948.2672	24.416424	978.59314	919.8455	980.1102	13.677335	998.48376	957.1608	1000.0	1000.0	1775999	100.12364	2.7638264	107.27246	66.63476	-100.14534	0.11774519	35790.50569462776
445	985.91016	17.658686	997.17883	955.3601	960.8302	29.598495	997.7258	910.07434	1000.0	1000.0	1779999	100.08641	2.870437	104.96501	68.790924	-100.108986	0.115083784	35873.64320921898
446	972.1799	7.154705	977.7609	960.157	967.6011	20.101065	996.0793	925.91956	1000.0	1000.0	1783999	100.12003	2.9267375	105.13247	69.93501	-100.14283	0.12356485	35960.013632297516
447	905.0323	97.09006	974.0939	737.5194	975.2072	10.213634	998.0326	960.22107	1000.0	1000.0	1787999	100.06828	3.0535452	107.45831	65.40059	-100.0856	0.14183834	36039.238456726074
448	959.5308	12.90633	980.28467	945.2499	982.9918	14.195918	998.4707	948.792	1000.0	1000.0	1791999	100.02906	3.0454147	104.83658	63.993393	-100.05032	0.14032027	36127.691185474396
449	984.94	16.707544	998.6059	957.24084	988.8913	9.924033	998.4113	968.5105	1000.0	1000.0	1795999	100.00778	2.9808633	103.742165	61.410576	-100.02856	0.14185528	36208.94695305824
450	974.968	14.892024	998.7571	958.7928	983.7629	12.298312	998.5535	954.0792	1000.0	1000.0	1799999	99.99708	2.915867	103.83846	64.55079	-100.017654	0.13373493	36286.66679930687
451	986.5064	12.57132	999.2699	968.7409	972.4497	44.310593	998.996	843.0622	1000.0	1000.0	1803999	99.93036	2.978008	104.64569	65.62111	-99.94882	0.1323097	36366.0969247818
452	981.8362	16.242842	997.0903	957.22705	944.1743	35.509026	994.50635	881.8849	1000.0	1000.0	1807999	99.92205	3.0361266	104.35851	63.999874	-99.94508	0.13947962	36444.17154479027
453	974.5631	17.111885	995.98035	957.4905	952.329	36.91444	995.7528	875.11194	1000.0	1000.0	1811999	99.93775	2.9493778	103.63419	54.840034	-99.95788	0.13731277	36524.73786330223
454	957.45276	34.928303	993.35364	901.0904	975.11786	14.17228	997.65204	947.91455	1000.0	1000.0	1815999	99.92502	2.964798	105.55721	66.12243	-99.94622	0.13662605	36610.187735795975
455	980.71985	2.6880322	983.8678	977.48627	976.4958	23.022436	998.35156	919.64716	1000.0	1000.0	1819999	99.88607	2.9876053	103.66191	65.366035	-99.90565	0.14369504	36699.70295405388
456	961.47546	29.033106	981.60046	911.3199	986.3916	10.66977	997.6044	964.6939	1000.0	1000.0	1823999	99.87974	2.9709837	104.14909	65.23516	-99.90425	0.13964853	36778.75062203407
457	957.21533	26.758635	997.6708	926.17316	970.7993	15.397963	986.36646	932.6739	1000.0	1000.0	1827999	99.89165	2.908428	103.197426	65.298325	-99.911095	0.14258744	36857.2758398056
458	962.26086	13.883756	980.1045	942.5256	977.5446	16.470387	997.2566	937.4631	1000.0	1000.0	1831999	99.85007	2.850122	106.42723	62.216263	-99.86929	0.12846331	36936.36948633194
459	978.63275	21.347937	995.0053	941.99286	975.1346	28.078854	998.7913	917.67523	1000.0	1000.0	1835999	99.81915	2.9890163	103.03688	67.24081	-99.83788	0.12145912	37015.581396341324
460	969.63104	13.52197	985.5154	950.01245	961.6883	47.763226	997.8845	832.7133	1000.0	1000.0	1839999	99.76155	2.982894	103.30642	66.453545	-99.77697	0.12832484	37093.44895982742
461	967.73755	19.09149	992.5334	939.07263	975.93884	20.133497	999.5387	934.74896	1000.0	1000.0	1843999	99.74676	2.9046752	103.56843	66.31848	-99.76768	0.13653089	37172.42841529846
462	972.78143	15.46838	990.53064	948.07806	961.975	23.244167	991.63904	916.25323	1000.0	1000.0	1847999	99.76343	2.904394	103.50602	65.045784	-99.784676	0.13136828	37252.65848827362
463	982.2795	3.6631215	988.4662	979.4463	971.5163	19.463888	995.5558	930.4564	1000.0	1000.0	1851999	99.76099	2.8754377	103.35602	65.84916	-99.77754	0.123488374	37334.59886598587
464	954.18536	35.602535	990.912	895.7515	976.68915	14.724498	993.91785	945.13794	1000.0	1000.0	1855999	99.70667	2.893873	103.067024	69.000435	-99.72571	0.121195555	37417.59169650078
465	944.86743	17.701141	964.97833	916.88367	934.525	17.892935	968.327	904.96124	1000.0	1000.0	1859999	99.72395	2.9171433	102.489586	67.998726	-99.746284	0.12603289	37504.64575242996
466	955.4741	16.113317	977.87805	933.8348	982.7829	14.110313	997.62823	962.74475	1000.0	1000.0	1863999	99.82673	2.9463027	103.09096	66.69389	-99.85206	0.12925792	37593.25558304787
467	975.7248	17.0432	997.52924	949.81964	970.27814	17.29674	999.12646	938.0906	1000.0	1000.0	1867999	99.92509	2.9392145	103.40158	66.41754	-99.95061	0.12956843	37675.29364013672
468	984.26776	9.077593	999.0701	975.2301	977.06366	18.58858	997.9796	939.0161	1000.0	1000.0	1871999	99.98742	2.9321015	105.41501	61.061028	-100.010956	0.12990448	37757.424162864685
469	972.9978	14.999458	985.0162	947.37384	970.1626	22.090181	991.98676	921.5877	1000.0	1000.0	1875999	99.97671	2.8483903	103.83583	68.45725	-99.99507	0.12854761	37838.010135650635
470	965.972	20.006227	991.0876	939.7925	980.3854	14.4876175	999.6432	953.252	1000.0	1000.0	1879999	99.93397	2.8408494	103.80294	67.91043	-99.95628	0.12817758	37915.493462085724
471	972.412	14.914588	988.3925	949.7645	974.3882	20.00884	998.8893	940.5724	1000.0	1000.0	1883999	99.96273	2.839984	102.99426	66.00459	-99.982216	0.12760821	37993.06845879555
472	957.4286	22.62266	979.21643	920.5204	972.62976	17.890104	990.6446	936.75793	1000.0	1000.0	1887999	99.89994	2.995032	102.819275	67.00722	-99.918076	0.14017563	38070.15646123886
473	971.19135	9.110445	980.82153	956.2167	949.0296	29.373398	974.31744	888.43616	1000.0	1000.0	1891999	99.89719	2.96369	103.68367	67.35692	-99.92044	0.13815957	38151.27360749245
474	986.55835	10.468616	997.0192	974.3418	987.75116	8.2885275	999.4168	972.2144	1000.0	1000.0	1895999	99.95084	2.8881242	102.904526	66.796684	-99.97358	0.13330391	38236.027718544006
475	976.184	15.825737	993.7464	950.513	971.7584	17.649246	998.7256	938.5698	1000.0	1000.0	1899999	99.97635	2.8818502	102.82742	68.43546	-99.99917	0.12915738	38319.3192691803
476	980.26355	27.753597	999.0667	932.51324	960.3169	30.015703	990.6026	884.2551	1000.0	1000.0	1903999	99.9788	2.890788	103.45242	66.25946	-100.00112	0.12873009	38396.8710501194
477	966.32324	32.001114	990.70264	912.46954	980.9401	9.822679	998.9601	965.6164	1000.0	1000.0	1907999	99.99776	2.7942111	103.07352	69.75387	-100.021965	0.12438011	38479.64347529411
478	977.15686	2.0019858	978.89667	973.9442	983.53107	12.378169	999.52313	966.48505	1000.0	1000.0	1911999	100.03366	2.819583	104.96378	69.354805	-100.05871	0.12108682	38561.40299677849
479	962.92505	16.825878	979.9739	935.8964	972.1413	25.98759	997.8264	905.8264	1000.0	1000.0	1915999	100.08797	2.7538023	103.52097	62.227955	-100.11154	0.11490474	38643.8666870594
480	984.3456	14.278205	999.62305	964.16003	966.5298	28.210037	999.7193	920.63293	1000.0	1000.0	1919999	100.06946	2.7214713	103.607704	67.21082	-100.09035	0.11701016	38722.68924689293
481	968.1946	15.963963	990.6323	947.96094	973.50226	9.58102	998.57135	962.06995	1000.0	1000.0	1923999	100.02888	2.6918066	103.17222	62.965927	-100.04849	0.11129055	38802.653782606125
482	978.6083	11.229014	997.78284	969.95605	981.6676	14.161478	997.4638	947.99396	1000.0	1000.0	1927999	99.99481	2.7262397	104.22129	67.862526	-100.01639	0.10830055	38884.521218538284
483	983.57495	11.680746	998.07776	965.56964	974.5651	24.777084	999.28674	908.5858	1000.0	1000.0	1931999	99.95104	2.7872248	105.86482	68.92006	-99.96806	0.11705727	38972.86546254158
484	941.0029	77.53516	997.5392	807.53406	981.9669	10.340999	998.0796	961.3771	1000.0	1000.0	1935999	99.91244	2.8483043	105.32516	68.081825	-99.93429	0.12375918	39060.80617547035
485	982.3026	15.107429	997.8272	957.7068	975.18787	16.192247	997.1186	942.1565	1000.0	1000.0	1939999	99.90749	2.8017275	103.74194	70.79346	-99.92839	0.115898944	39150.8448972702
486	994.72754	6.286572	998.6962	983.84485	981.25745	17.587072	998.66284	954.0355	1000.0	1000.0	1943999	99.86388	2.8058877	102.89771	68.29332	-99.880005	0.112278	39235.99511027336
487	965.3175	21.42177	992.2495	936.386	980.18866	16.398779	999.12006	940.9455	1000.0	1000.0	1947999	99.78987	2.8718174	103.50437	66.5007	-99.80837	0.11865245	39314.872191905975
488	902.88666	148.60086	999.10406	646.05597	980.6903	14.143813	999.6349	954.53326	1000.0	1000.0	1951999	99.78189	2.9240525	104.74168	66.31134	-99.803154	0.12862977	39401.01606941223
489	980.00604	20.463545	998.5967	948.9158	987.4919	12.483986	998.9427	958.88116	1000.0	1000.0	1955999	99.7833	2.850643	104.29999	68.42358	-99.80227	0.1312893	39484.361478090286
490	969.3068	21.651154	989.3804	932.77985	982.86035	14.137451	998.6995	950.29645	1000.0	1000.0	1959999	99.75247	2.804771	103.63143	69.69908	-99.77046	0.11964681	39570.79991579056
491	972.6854	17.39511	994.6485	948.7838	982.00275	17.273815	998.6474	942.6539	1000.0	1000.0	1963999	99.70669	2.8208945	102.95028	67.95299	-99.72659	0.12342846	39655.25916433334
492	979.1892	20.888578	997.1835	945.8632	961.1124	31.044247	996.3044	913.86115	1000.0	1000.0	1967999	99.79888	2.8871534	105.119736	69.43651	-99.82522	0.13438562	39741.223891973495
493	961.0947	25.415955	995.4614	932.3957	975.36914	22.773182	998.5487	916.1084	1000.0	1000.0	1971999	99.84461	2.940103	104.09214	67.835396	-99.86478	0.13247654	39830.87558841705
494	977.8314	6.685312	986.92615	971.2202	984.8737	7.984235	998.675	974.6646	1000.0	1000.0	1975999	99.82694	2.8161485	104.061844	69.66843	-99.846	0.12469146	39918.042576789856
495	988.60785	7.1131644	998.8964	979.344	985.94366	11.335253	999.29816	967.26953	1000.0	1000.0	1979999	99.82117	2.813347	103.57657	67.14241	-99.840965	0.12060921	40004.894320726395
496	974.0298	12.318838	986.59235	954.425	972.5255	15.993317	994.9656	929.0937	1000.0	1000.0	1983999	99.82822	2.8162549	103.32149	67.362465	-99.845024	0.116882354	40089.06175684929
497	988.4294	6.192377	997.7652	981.9715	979.44617	12.649604	998.73926	959.4407	1000.0	1000.0	1987999	99.75945	2.823152	103.27651	66.362816	-99.776215	0.11826841	40175.714782476425
498	987.9594	10.033111	998.6017	976.6243	963.55286	31.110594	996.6369	907.06036	1000.0	1000.0	1991999	99.72824	2.866217	103.53229	65.92924	-99.745766	0.12480769	40255.12776184082
499	986.092	12.509757	999.1761	971.6906	975.2471	12.14551	997.50793	959.62463	1000.0	1000.0	1995999	99.70222	2.8899832	102.92015	65.17621	-99.72048	0.12629703	40333.87645030022
500	978.3021	12.021163	998.14685	965.80273	979.7643	13.511097	998.4942	957.3079	1000.0	1000.0	1999999	99.69932	2.896591	103.864494	60.59446	-99.71525	0.125142	40416.350048303604
