Epoch	AverageEpRet	StdEpRet	MaxEpRet	MinEpRet	AverageTestEpRet	StdTestEpRet	MaxTestEpRet	MinTestEpRet	EpLen	TestEpLen	TotalEnvInteracts	AverageQVals	StdQVals	MaxQVals	MinQVals	LossPi	LossQ	Time
1	3.0250044	1.5737348	4.62022	1.3697661	0.42060226	0.13990124	0.6609801	0.26668426	1000.0	1000.0	3999	0.6516127	0.27589473	1.3595763	-0.5069093	-0.7138026	0.00077704154	44.866522550582886
2	3.7942524	1.0798535	5.415233	2.5482285	0.62185067	0.05620932	0.6918098	0.51864797	1000.0	1000.0	7999	1.4908801	0.46485564	2.9411979	0.67645824	-1.5667319	0.00075814774	102.02740430831909
3	1.9830835	0.6856851	2.8740957	1.2810979	0.21064644	0.030116865	0.26384592	0.16833769	1000.0	1000.0	11999	1.7377518	0.38672033	2.9604173	0.61973995	-1.7109479	0.00062332145	159.79876065254211
4	4.1010857	2.9404562	7.6904716	1.1547562	4.8859205	0.40702495	5.6167693	4.302554	1000.0	1000.0	15999	1.1671162	0.16658466	2.4131932	0.7178054	-1.1624264	0.0003129013	218.75105690956116
5	17.819561	4.1829414	21.499891	10.710671	8.752577	1.1126096	10.623072	6.9603195	1000.0	1000.0	19999	1.2633276	0.48426566	8.905063	0.49183288	-1.3485856	0.001514143	277.6272747516632
6	10.612093	3.7470593	16.820183	6.807688	3.1572175	1.656872	6.7361345	1.8910017	1000.0	1000.0	23999	3.7483928	0.9061352	7.993836	1.1485074	-3.9090478	0.003452467	336.0157325267792
7	13.503647	5.1896853	22.091667	8.205868	10.38096	1.6740638	15.115007	9.17989	1000.0	1000.0	27999	5.5624857	1.101039	9.395528	2.7093682	-5.69923	0.003912864	394.3240432739258
8	21.384504	5.6399093	30.06477	14.968738	65.76354	8.293368	82.55568	54.667274	1000.0	1000.0	31999	6.794985	1.6139627	11.591661	3.4939167	-6.9188704	0.006236273	453.1942067146301
9	22.570894	15.222406	47.73393	8.795287	13.771802	3.4276407	20.433191	10.005931	1000.0	1000.0	35999	9.115048	1.4456271	15.5759115	3.6203475	-9.343662	0.015512942	512.9469769001007
10	20.851273	15.346374	46.99302	7.6099453	3.7445805	0.9049781	5.0911026	2.6907356	1000.0	1000.0	39999	11.670508	1.932553	20.374226	6.1182747	-11.909815	0.013609418	573.1953754425049
11	23.228493	11.723866	34.752636	5.098781	30.850138	10.973357	53.441975	18.674171	1000.0	1000.0	43999	12.876039	2.2672403	21.566273	6.804681	-12.998235	0.011763761	633.4638657569885
12	16.42209	14.34026	39.928158	2.2116477	41.394817	11.499104	54.159473	10.192728	1000.0	1000.0	47999	12.954026	2.2994375	24.14637	7.6171026	-13.11049	0.013886157	693.6163578033447
13	26.044664	16.76592	51.50912	9.161392	50.80018	5.5974903	59.637657	38.99968	1000.0	1000.0	51999	13.884	2.7228785	24.903875	6.5235305	-14.038032	0.01675594	754.0085334777832
14	54.77482	17.049881	78.52411	30.69833	42.071465	15.945431	67.65384	17.89117	1000.0	1000.0	55999	14.261816	2.773139	26.628534	6.575238	-14.440056	0.020095645	814.210205078125
15	38.923447	11.959246	55.181847	25.43577	3.1113982	1.4176742	5.9417152	1.3687257	1000.0	1000.0	59999	14.915109	2.4874864	25.689629	7.2011576	-15.042642	0.017101945	874.7484652996063
16	58.4806	46.177917	125.98746	9.015063	89.41809	23.742174	125.99203	40.347565	1000.0	1000.0	63999	14.928758	2.0462599	22.687885	8.130813	-15.084154	0.020308604	936.4899573326111
17	73.492676	32.53639	125.833626	42.705627	73.42613	19.806814	107.86456	42.264496	1000.0	1000.0	67999	15.122711	2.0119438	23.363413	9.585625	-15.247766	0.026108123	1001.4617691040039
18	60.09909	34.95616	116.392944	25.343016	8.613188	12.356946	45.666775	3.6772432	1000.0	1000.0	71999	15.393535	2.4918737	26.566866	9.201335	-15.565465	0.036642976	1071.6122846603394
19	78.19423	49.89565	148.29674	28.382257	76.52776	45.138367	165.24712	22.044718	1000.0	1000.0	75999	16.13107	3.05366	28.846233	8.81269	-16.293005	0.039639927	1143.9895267486572
20	69.98128	19.957756	98.18015	42.015347	87.61005	44.750595	203.71521	44.64074	1000.0	1000.0	79999	16.646477	3.7437925	29.836231	8.494923	-16.825401	0.048854366	1217.713971376419
21	140.846	77.57539	240.22481	53.137985	101.79699	25.73894	150.67535	72.96578	1000.0	1000.0	83999	17.26441	4.4809546	31.068523	8.455135	-17.442595	0.055135116	1292.0374174118042
22	161.02176	81.88798	257.48956	77.66946	90.22249	57.03068	215.21414	30.853426	1000.0	1000.0	87999	17.98868	5.05029	33.512573	8.123498	-18.160036	0.0617456	1366.8064007759094
23	64.33194	27.253588	111.074844	42.96674	95.024925	52.806705	234.58475	30.915003	1000.0	1000.0	91999	18.756	5.7080755	36.513493	7.714017	-18.94504	0.07545645	1441.996175289154
24	74.56648	15.561262	94.750175	51.14536	146.30707	69.26106	313.83524	80.00945	1000.0	1000.0	95999	19.464617	6.4011583	38.428535	7.740713	-19.65104	0.088145584	1517.3864369392395
25	127.42375	73.641525	246.35597	64.6663	129.69511	73.6248	239.7195	39.10372	1000.0	1000.0	99999	19.83643	6.891508	38.75462	6.6986966	-20.013351	0.09908006	1592.9895708560944
26	190.92291	29.906498	224.11554	151.4518	214.14163	38.821953	267.3577	111.42035	1000.0	1000.0	103999	20.319876	7.376812	40.229523	6.4701934	-20.491667	0.10697127	1668.9288594722748
27	203.72607	41.785572	234.6973	131.7867	228.30582	90.79651	304.9472	72.56842	1000.0	1000.0	107999	20.59371	7.636861	40.093052	6.496249	-20.739637	0.10847168	1745.072458744049
28	182.54814	71.63093	257.88513	103.6046	268.29132	56.61391	337.4337	144.72925	1000.0	1000.0	111999	20.792572	7.9832144	41.051414	5.8156652	-20.964663	0.11602408	1821.1538162231445
29	179.2897	85.23093	270.6233	91.002144	151.26755	91.84033	364.61456	55.628212	1000.0	1000.0	115999	21.297653	8.402224	42.66333	5.268693	-21.463367	0.12502714	1897.1923587322235
30	117.767975	48.52469	194.06831	73.65291	234.12383	93.31808	370.58847	77.729065	1000.0	1000.0	119999	21.51795	8.909771	43.116417	4.777839	-21.685593	0.1310136	1973.3642885684967
31	238.71759	105.53037	314.34143	57.72961	273.73798	68.156204	354.31137	134.87926	1000.0	1000.0	123999	21.90001	9.451873	43.852226	4.015976	-22.064499	0.13772134	2049.809574842453
32	248.87149	67.6685	334.09976	162.55302	342.22882	10.742384	356.63232	325.3049	1000.0	1000.0	127999	22.302065	9.959577	45.16146	3.2021747	-22.46623	0.13792065	2126.2803575992584
33	352.1949	20.17112	373.32074	318.94012	287.79288	113.60692	414.2448	47.984936	1000.0	1000.0	131999	22.955463	10.650952	45.702873	2.482438	-23.117445	0.14400887	2203.0230038166046
34	346.62518	10.579413	358.41382	329.72366	242.49197	85.07047	333.36874	85.95517	1000.0	1000.0	135999	23.742504	11.253379	47.73445	2.2798653	-23.913929	0.15531833	2279.5617921352386
35	216.76917	127.89058	350.9384	44.19635	348.96942	22.662672	379.536	314.3199	1000.0	1000.0	139999	24.354298	11.8292465	48.630566	2.219451	-24.521341	0.15928403	2356.030976295471
36	345.68677	11.450014	360.7995	330.4245	409.33282	9.881826	422.30804	392.7244	1000.0	1000.0	143999	24.957695	12.292528	48.718544	2.297887	-25.123972	0.16075496	2433.0075192451477
37	336.66238	20.72881	364.17264	309.2225	340.67487	77.97556	400.43442	130.61366	1000.0	1000.0	147999	25.65542	12.599768	49.800446	2.5718427	-25.819921	0.17364752	2509.7023344039917
38	328.5351	27.010494	352.1413	282.58734	265.39398	134.62782	494.46735	51.498653	1000.0	1000.0	151999	26.317177	12.8910055	51.661057	2.7463627	-26.48154	0.18565564	2586.2293457984924
39	381.83716	32.59042	434.67014	346.2165	379.08344	33.711815	408.66068	303.88327	1000.0	1000.0	155999	26.88029	13.143931	52.538143	2.9006252	-27.045523	0.19424829	2663.1345071792603
40	326.50037	82.4227	390.73322	184.94731	282.98926	106.539154	399.62115	91.59482	1000.0	1000.0	159999	27.674837	13.38285	52.69294	3.1998525	-27.847582	0.19065246	2740.095329761505
41	217.63458	128.35286	370.89737	66.1005	311.50333	50.578003	371.52426	210.3423	1000.0	1000.0	163999	28.060843	13.527939	53.04948	2.2831888	-28.226408	0.19097626	2816.9740912914276
42	346.29474	109.43399	417.66522	157.03397	310.79376	116.866295	421.7078	62.98265	1000.0	1000.0	167999	28.39067	13.686117	53.82723	2.0552034	-28.549324	0.18900922	2893.805633544922
43	237.86267	113.437675	381.02393	99.41597	360.7692	115.84267	485.2426	113.342	1000.0	1000.0	171999	28.562817	13.760793	54.342327	1.904329	-28.721945	0.19449225	2970.5334548950195
44	398.36682	40.88202	448.18588	345.3094	438.40753	26.129902	475.46204	397.0578	1000.0	1000.0	175999	28.974758	13.927751	56.722286	1.9632897	-29.132349	0.1935914	3047.4155802726746
45	234.88705	128.39967	418.7004	72.18103	286.07333	108.47044	474.76532	110.28739	1000.0	1000.0	179999	29.412413	14.145789	57.937763	1.3953426	-29.58376	0.21275134	3124.5083317756653
46	407.5842	27.144302	443.01706	367.5635	347.63745	113.31029	479.5213	139.46564	1000.0	1000.0	183999	30.018595	14.34644	57.808228	1.226545	-30.183353	0.21269569	3201.37020111084
47	395.05542	54.800617	446.01447	307.13092	456.3117	49.54651	528.6556	383.70422	1000.0	1000.0	187999	30.619457	14.596848	58.425938	0.9457357	-30.788717	0.20689538	3278.1113221645355
48	460.4026	51.231705	507.91418	385.7524	480.13184	6.556359	490.65604	469.1885	1000.0	1000.0	191999	31.255728	14.910662	60.054157	0.9334687	-31.424051	0.22034955	3354.8150362968445
49	464.2152	22.895838	484.71906	425.38297	369.18988	52.743835	426.5205	268.14154	1000.0	1000.0	195999	32.150753	15.331304	60.89663	1.1207086	-32.329994	0.22678293	3431.717976331711
50	452.34204	58.293552	505.88397	356.4051	452.45932	19.33495	476.21606	419.36688	1000.0	1000.0	199999	32.921684	15.725319	62.2694	1.1862483	-33.086487	0.23202874	3508.6128811836243
51	462.05908	23.796602	488.81747	430.47375	430.68823	118.64464	526.3436	162.57126	1000.0	1000.0	203999	33.577396	16.090155	63.557793	0.6048858	-33.75204	0.24977313	3585.722517967224
52	408.42438	147.99144	515.2379	153.31148	527.51447	45.203384	578.752	440.21146	1000.0	1000.0	207999	34.270317	16.421747	63.989033	0.918182	-34.44764	0.2710943	3662.8568892478943
53	333.7688	151.52155	495.67212	179.48885	456.1336	79.319214	563.9051	287.29968	1000.0	1000.0	211999	34.985508	16.829496	66.20961	1.3889325	-35.17072	0.28202528	3739.5102524757385
54	431.7954	101.81479	502.68607	256.21893	438.61377	111.885445	543.7972	144.22066	1000.0	1000.0	215999	35.67677	17.300455	66.10636	1.6370376	-35.86936	0.27957514	3816.243575811386
55	430.74088	63.517403	496.0596	327.43433	477.46503	44.384655	519.2599	391.93332	1000.0	1000.0	219999	36.37532	17.75803	66.62105	2.1733842	-36.54863	0.28903192	3892.933342218399
56	473.5958	26.405064	515.7885	445.09933	387.3665	125.90027	484.4022	95.68908	1000.0	1000.0	223999	36.82337	18.086626	67.55045	2.3025126	-37.002262	0.29502037	3969.74489736557
57	456.37274	76.27675	540.1504	363.4598	520.208	18.774166	548.47595	474.3332	1000.0	1000.0	227999	37.399414	18.400803	71.0581	2.826622	-37.579468	0.309468	4046.84352850914
58	353.35138	144.887	484.54605	107.99734	489.32822	112.058014	558.45245	158.76836	1000.0	1000.0	231999	37.821384	18.654692	71.47494	2.3028672	-38.001225	0.33412933	4123.966764450073
59	427.5003	71.58253	524.0924	336.92944	506.779	29.310863	544.0458	449.09665	1000.0	1000.0	235999	38.219383	18.79125	71.55921	3.3072548	-38.397385	0.32885465	4200.993363857269
60	383.71283	106.15348	475.82907	212.69484	456.19205	139.17511	582.4105	176.49936	1000.0	1000.0	239999	38.47635	19.018995	72.50937	3.2119992	-38.651234	0.35795733	4277.868518590927
61	502.4542	22.544218	527.8104	466.2064	502.3453	36.298695	549.2574	439.85855	1000.0	1000.0	243999	38.981804	19.132595	73.25714	2.0022116	-39.1639	0.35039312	4354.631951570511
62	441.99994	60.805626	507.84735	358.0281	506.7605	15.794117	545.17377	484.20175	1000.0	1000.0	247999	39.440483	19.210808	73.9575	1.7740147	-39.619633	0.3517738	4431.4928686618805
63	530.45874	32.251217	586.2752	510.0066	511.5335	52.80225	557.6839	369.4501	1000.0	1000.0	251999	39.8762	19.25648	74.717125	1.4861423	-40.05696	0.37293437	4508.242620706558
64	451.48492	102.84206	529.06024	274.7332	526.4125	47.224304	587.41235	418.10147	1000.0	1000.0	255999	40.48768	19.270628	75.165184	1.3152142	-40.67817	0.3523431	4585.239196300507
65	305.82056	161.82816	545.861	131.2339	520.7064	106.957466	580.32355	203.20328	1000.0	1000.0	259999	40.85376	19.423216	75.288574	2.1576295	-41.035908	0.36857584	4662.059912919998
66	537.458	33.650986	566.14294	480.26398	567.61786	23.71141	611.16907	520.4976	1000.0	1000.0	263999	41.18043	19.67453	74.94261	3.1178958	-41.36077	0.37449744	4739.004520654678
67	553.42303	26.051733	575.77203	509.06747	471.22113	129.92412	589.73553	108.39076	1000.0	1000.0	267999	41.61524	19.818983	74.5807	3.733191	-41.79611	0.38751704	4815.694529533386
68	391.19968	159.10443	512.5251	117.71154	397.6262	137.22784	553.6814	189.9756	1000.0	1000.0	271999	41.983116	19.872992	75.80308	3.8081987	-42.168217	0.37937304	4892.517875432968
69	386.7907	157.98918	534.76056	125.073006	426.2003	98.91401	518.1263	167.71094	1000.0	1000.0	275999	42.448055	19.703028	75.55399	1.8964047	-42.63464	0.40220568	4969.5623235702515
70	439.39026	172.62514	597.7607	149.16481	548.2706	19.080835	586.58203	517.6165	1000.0	1000.0	279999	42.62236	19.581894	75.78222	4.212045	-42.799946	0.3958402	5046.634087085724
71	453.43146	179.04149	562.94464	143.53204	400.07736	169.31898	597.0029	123.09113	1000.0	1000.0	283999	42.80812	19.564924	75.498695	4.345731	-42.989857	0.37991047	5123.642460107803
72	544.06665	8.819133	557.4444	536.1117	423.25812	147.40152	571.07776	167.29002	1000.0	1000.0	287999	43.249096	19.475994	75.06544	4.6700354	-43.429436	0.34850672	5200.45178437233
73	526.89746	85.25624	609.9147	386.57452	468.32715	158.11272	641.33545	114.084656	1000.0	1000.0	291999	43.50753	19.505106	76.09275	4.706882	-43.67807	0.3586081	5277.385211467743
74	468.03827	156.45395	571.4599	197.46954	513.55286	131.46527	614.9445	173.53943	1000.0	1000.0	295999	43.65821	19.714195	76.14111	3.402845	-43.828796	0.36143452	5354.276247501373
75	461.30838	152.06485	618.01404	268.5857	410.5254	145.94469	599.8425	180.12256	1000.0	1000.0	299999	43.847816	19.917933	75.68977	1.7100794	-44.019375	0.37191102	5431.312509775162
76	589.1587	17.71969	608.16693	560.14124	386.27643	160.67648	590.0232	157.91173	1000.0	1000.0	303999	44.07348	20.091696	76.59779	0.7499249	-44.248035	0.38474914	5508.239420175552
77	534.4126	50.951164	605.2218	475.79456	520.4147	101.109535	624.5564	292.22925	1000.0	1000.0	307999	44.533554	20.230255	77.29035	2.1226048	-44.7031	0.3811001	5585.1728515625
78	432.469	160.75778	609.6879	247.70834	394.602	158.92899	578.9216	131.03413	1000.0	1000.0	311999	44.80673	20.390053	77.55747	2.70818	-44.99186	0.39558446	5662.134635925293
79	502.9851	135.6709	597.6795	268.72647	365.80615	201.31726	639.81433	79.938515	1000.0	1000.0	315999	45.192665	20.473047	77.686264	0.32855606	-45.370514	0.3921175	5739.111086368561
80	542.5031	41.564312	587.43304	479.26627	418.63263	161.68866	576.93286	109.68816	1000.0	1000.0	319999	45.70031	20.373745	78.31481	1.8213131	-45.89011	0.4069723	5816.044327735901
81	437.50406	183.53477	650.7513	163.53003	500.1312	143.67073	651.6255	237.0681	1000.0	1000.0	323999	46.00344	20.34735	82.03071	1.2676928	-46.182014	0.38953626	5892.922540426254
82	496.14288	124.365654	594.79266	283.71375	526.9325	89.4565	601.01324	274.84937	1000.0	1000.0	327999	46.204094	20.494045	83.09965	1.4595163	-46.37643	0.38265273	5970.130313873291
83	504.7409	94.85186	594.6977	346.1905	389.09637	158.75328	549.57697	155.65363	1000.0	1000.0	331999	46.30912	20.710566	83.374985	2.0692034	-46.47159	0.40094146	6047.179662466049
84	567.6461	34.54252	616.9124	527.8033	539.6311	171.7562	653.7808	97.08948	1000.0	1000.0	335999	46.52681	20.848362	84.07408	1.8998854	-46.697372	0.37995026	6124.156057596207
85	509.71735	30.383347	549.37964	479.49643	572.96985	132.10959	666.9697	236.1793	1000.0	1000.0	339999	46.822044	20.913671	83.4992	2.3904912	-46.996456	0.40700042	6200.967656373978
86	445.0221	174.41907	621.2109	261.0732	365.36777	207.26912	627.11316	82.88559	1000.0	1000.0	343999	47.104126	21.009302	83.72374	3.0722826	-47.275486	0.41568553	6277.909548997879
87	430.91434	102.633095	538.1513	271.40973	446.0882	195.26387	642.09924	94.65991	1000.0	1000.0	347999	47.272694	21.14916	84.023766	3.2906098	-47.443798	0.42410326	6355.059196233749
88	432.69373	162.78229	605.4785	255.79764	434.7771	135.70786	606.0162	184.52542	1000.0	1000.0	351999	47.356316	21.361649	84.01785	2.2814345	-47.530052	0.4204492	6432.33286523819
89	574.9329	10.544366	584.2436	557.1252	582.00244	76.08822	660.6386	392.8378	1000.0	1000.0	355999	47.600384	21.515268	84.466934	3.1287568	-47.773933	0.44761142	6509.332014083862
90	566.7328	8.0449095	575.3567	553.86804	568.30084	64.14747	621.7769	383.49728	1000.0	1000.0	359999	47.881134	21.681433	84.75857	2.2146442	-48.0511	0.44705462	6586.055705308914
91	461.66754	203.21906	639.98883	116.31153	576.6425	31.781729	617.0936	515.4272	1000.0	1000.0	363999	48.146786	21.694218	84.890755	3.1600862	-48.31704	0.45837456	6662.904647111893
92	538.64685	81.7272	607.2999	404.4279	496.58	86.17778	592.1871	287.82916	1000.0	1000.0	367999	48.43089	21.619043	85.227875	-0.21059108	-48.611282	0.46842596	6740.192794799805
93	489.96716	108.48438	603.6293	351.4897	590.80695	61.779205	647.6338	421.282	1000.0	1000.0	371999	48.766685	21.54412	85.44882	2.6437798	-48.951763	0.4643182	6817.4295818805695
94	459.99326	209.4244	607.1734	98.692856	546.1455	101.22067	643.23846	300.70627	1000.0	1000.0	375999	49.13608	21.381357	84.81689	2.7816775	-49.322586	0.46358892	6894.471970796585
95	509.66595	136.8343	596.0839	272.85446	539.75543	88.118774	642.4777	366.59433	1000.0	1000.0	379999	49.486404	21.354033	85.06422	1.1348181	-49.67	0.45981872	6971.328508377075
96	569.82074	32.021614	598.98047	520.6414	489.95078	154.54465	600.7963	76.5385	1000.0	1000.0	383999	49.80201	21.303137	85.15233	0.7694819	-49.977837	0.46689746	7048.334617137909
97	559.6885	56.852024	630.3266	471.54123	482.0146	140.3365	606.28876	240.31935	1000.0	1000.0	387999	50.06087	21.23137	84.94541	2.8944197	-50.236523	0.47230622	7125.369946479797
98	578.8608	13.89132	592.76263	559.066	579.40546	32.466022	625.00854	531.74915	1000.0	1000.0	391999	50.28667	21.172596	84.175865	3.1822224	-50.45796	0.43603703	7202.296493768692
99	434.45468	147.46939	588.05664	236.28146	490.67804	115.997894	633.2825	268.05923	1000.0	1000.0	395999	50.389065	21.067375	84.185265	3.4853868	-50.55958	0.43837553	7279.6019287109375
100	587.5242	15.381797	609.86694	566.49176	579.26794	73.528984	662.985	399.57446	1000.0	1000.0	399999	50.393307	21.097519	84.12638	-12.245125	-50.558914	0.4745819	7356.479856491089
101	604.68524	12.96538	618.86346	590.7549	568.91846	100.87727	645.2832	331.93326	1000.0	1000.0	403999	50.662914	21.031202	84.27345	3.513126	-50.84007	0.44959044	7433.384656429291
102	469.52188	182.1837	684.6692	208.3736	603.7106	125.91858	681.73285	239.14006	1000.0	1000.0	407999	50.819714	20.99118	84.08195	2.9462507	-50.988632	0.43761823	7510.246748924255
103	577.22186	19.724518	610.95654	561.7989	614.20715	27.197277	649.39404	561.0192	1000.0	1000.0	411999	50.92674	20.99302	83.849754	2.6589727	-51.089455	0.4406811	7587.331036567688
104	553.42145	11.193384	569.55194	538.0166	609.82733	12.094703	631.6825	593.82886	1000.0	1000.0	415999	51.029	20.943495	84.96897	2.5054393	-51.190464	0.45519945	7664.33943271637
105	616.4254	37.241806	671.2053	568.92706	631.9193	43.601112	688.7007	554.01886	1000.0	1000.0	419999	51.05818	20.90359	84.246826	3.1785953	-51.21571	0.42792058	7741.266934394836
106	521.0009	90.88057	600.5245	377.6021	532.1044	165.97397	663.5357	167.95432	1000.0	1000.0	423999	51.066124	21.068865	84.42677	3.0829844	-51.222084	0.4116607	7818.160821199417
107	589.79034	71.76423	650.8262	467.7985	539.2311	144.83252	703.07227	263.054	1000.0	1000.0	427999	51.087	21.287834	84.00126	2.7233863	-51.2348	0.40725577	7895.281038761139
108	631.6245	23.242207	660.6411	596.74835	660.2875	30.737421	709.7222	610.3839	1000.0	1000.0	431999	50.963264	21.552898	83.89695	2.3604531	-51.110516	0.41920966	7972.342823028564
109	560.77783	82.889	666.9323	444.91974	603.4752	155.50441	694.96814	143.3459	1000.0	1000.0	435999	50.973694	21.776594	84.001625	2.760753	-51.120975	0.4015511	8049.454206466675
110	528.3146	145.34583	649.0542	290.04163	532.60876	171.7876	677.7558	197.96126	1000.0	1000.0	439999	50.98237	21.929775	83.4889	3.1372428	-51.12787	0.38564983	8126.412144184113
111	503.54398	245.95819	662.9728	78.53138	635.67365	25.571009	663.3507	580.99426	1000.0	1000.0	443999	50.99384	22.011908	83.13461	2.598413	-51.1394	0.40967858	8203.389879226685
112	628.5548	33.843975	672.2712	594.5194	619.4705	25.244118	672.685	586.2497	1000.0	1000.0	447999	51.033165	22.143152	84.071106	2.6976461	-51.17916	0.4028474	8280.285624980927
113	548.1349	34.15149	606.19446	519.2889	573.77747	27.55688	637.12164	535.1353	1000.0	1000.0	451999	51.090584	22.351221	84.20274	2.9111695	-51.228874	0.42930585	8357.532404184341
114	564.7469	9.934801	580.2783	555.3193	553.70233	102.48987	620.7032	261.7422	1000.0	1000.0	455999	51.2418	22.477654	84.22173	3.1258054	-51.391186	0.40759793	8434.546659708023
115	574.86816	68.940994	635.7679	461.88058	623.40295	50.091747	713.6486	508.27655	1000.0	1000.0	459999	51.460625	22.585926	84.79444	0.8304703	-51.608196	0.4020758	8511.652554988861
116	531.5248	161.97794	630.753	251.06958	629.3147	54.83258	695.1539	506.8773	1000.0	1000.0	463999	51.58297	22.698893	84.50085	3.8453455	-51.73575	0.4304899	8588.809119939804
117	557.2578	27.893866	579.01843	510.04398	608.29865	20.353846	641.4299	577.78436	1000.0	1000.0	467999	51.89953	22.70707	84.02011	3.5481527	-52.05397	0.42197254	8666.156884908676
118	537.4298	134.97961	624.413	304.29697	646.80505	35.962658	703.75586	570.67444	1000.0	1000.0	471999	52.077724	22.692942	84.50405	3.880564	-52.229046	0.454217	8743.346267461777
119	568.4077	33.111816	622.1702	531.683	569.12573	139.37541	664.7515	251.1172	1000.0	1000.0	475999	52.13812	22.684198	84.39455	3.895663	-52.280487	0.45783046	8820.686960935593
120	595.0587	23.24018	613.2383	555.9105	407.57782	208.12772	681.09015	114.63445	1000.0	1000.0	479999	52.2178	22.621733	84.795105	3.9096546	-52.368248	0.43234968	8897.910073041916
121	527.1759	199.67065	690.7938	185.37994	622.2204	122.58771	733.31476	269.53528	1000.0	1000.0	483999	52.34342	22.620865	83.9843	3.4486327	-52.48832	0.43525383	8975.006714820862
122	502.15936	165.00403	680.90906	318.46313	599.4089	140.03773	704.36163	260.9116	1000.0	1000.0	487999	52.414646	22.66267	85.25458	3.9409795	-52.565235	0.44042704	9052.055998325348
123	631.565	19.68517	655.5078	602.2354	606.5048	76.13377	681.75305	473.79572	1000.0	1000.0	491999	52.623707	22.625801	84.63055	3.3062775	-52.773212	0.42714056	9129.27193570137
124	601.2505	70.731255	678.00006	489.57748	633.26575	14.361021	664.0802	612.1771	1000.0	1000.0	495999	52.87479	22.585863	85.005196	2.9279904	-53.0255	0.42406288	9206.487870931625
125	646.4983	8.254211	656.7543	633.8261	599.25757	125.961006	671.60333	254.90923	1000.0	1000.0	499999	53.00997	22.611403	84.957245	4.009308	-53.154476	0.42392167	9283.631311416626
126	660.6185	8.814671	669.22595	648.3786	559.08154	193.39345	710.3032	178.18205	1000.0	1000.0	503999	53.22316	22.610006	84.73617	4.0247364	-53.371395	0.43647918	9360.767513275146
127	653.3834	26.68353	693.738	619.1595	625.3932	49.865917	717.93933	555.1298	1000.0	1000.0	507999	53.422306	22.585798	84.67154	4.0226746	-53.56552	0.4255384	9437.868202924728
128	633.9918	25.608932	660.9665	591.816	684.541	25.971292	720.33575	626.3155	1000.0	1000.0	511999	53.52396	22.604662	84.63849	1.6813588	-53.670116	0.43096235	9514.931688308716
129	639.1708	44.539555	693.77637	575.0004	688.2366	19.132463	721.17224	657.141	1000.0	1000.0	515999	53.69743	22.608147	84.52989	1.9689078	-53.84408	0.41947344	9592.235132455826
130	672.58887	20.735605	701.0984	644.20605	646.33875	76.8514	715.1776	474.30338	1000.0	1000.0	519999	53.83608	22.633226	85.04398	1.1383519	-53.980656	0.40845686	9669.48297047615
131	637.0979	106.37241	730.75665	456.46494	685.58795	93.112885	760.50574	417.0476	1000.0	1000.0	523999	54.17245	22.681067	85.8026	4.1237845	-54.316845	0.4334334	9746.660433292389
132	700.2354	27.6932	732.9926	657.0428	694.09344	94.70261	773.02435	422.57443	1000.0	1000.0	527999	54.253166	22.832157	87.264305	1.2767477	-54.39728	0.41497862	9824.235320806503
133	662.6919	46.53838	714.79724	587.82056	659.7914	22.889174	698.2286	614.1519	1000.0	1000.0	531999	54.561535	22.90138	87.5788	1.1653147	-54.71553	0.39293027	9901.341856956482
134	675.3878	10.669395	693.17346	665.2896	636.2875	133.07263	753.9853	267.65793	1000.0	1000.0	535999	54.791115	22.91329	87.338356	4.1782002	-54.934547	0.4053726	9978.160697221756
135	577.55304	125.000694	684.50323	370.3016	698.92566	35.74563	749.81445	619.5498	1000.0	1000.0	539999	55.087704	22.862562	87.74462	1.3451986	-55.23473	0.39601165	10055.38867521286
136	624.588	74.2145	688.42993	501.30295	719.184	28.522938	768.2292	661.0482	1000.0	1000.0	543999	55.262066	22.914238	87.330574	3.9157991	-55.402924	0.39754638	10132.73211979866
137	582.2768	173.37064	716.4285	285.5852	683.74036	14.692924	702.1167	649.37744	1000.0	1000.0	547999	55.186474	23.04989	87.64477	4.143161	-55.3251	0.42828766	10209.892585277557
138	659.7025	51.392506	708.8524	573.5586	636.3241	119.289474	742.7354	306.7268	1000.0	1000.0	551999	55.20581	23.143414	88.48908	4.247412	-55.343033	0.42325446	10287.068397760391
139	667.2233	39.286976	704.4063	601.36945	532.7326	157.84708	669.5402	150.70074	1000.0	1000.0	555999	55.36486	23.185715	87.91724	4.260892	-55.509018	0.44734794	10364.026457548141
140	667.5812	13.267812	684.7432	648.6428	665.91705	93.675316	729.5831	396.81393	1000.0	1000.0	559999	55.5618	23.175764	88.36047	4.127023	-55.70068	0.45297188	10440.797351837158
141	510.55096	174.81317	691.4553	333.21805	650.0201	109.4841	755.2726	333.67355	1000.0	1000.0	563999	55.589775	23.175362	87.61145	3.0346818	-55.730892	0.4574207	10517.828525066376
142	664.26074	72.448105	735.43555	546.8581	737.24744	31.817636	778.4735	685.5189	1000.0	1000.0	567999	55.76073	23.079588	87.86716	3.8283968	-55.901485	0.44582814	10594.987911939621
143	675.50635	11.492201	695.0846	665.7948	609.3369	144.67358	756.43384	324.43805	1000.0	1000.0	571999	55.921936	23.069872	88.61343	3.302195	-56.063	0.4423459	10672.311769723892
144	677.2805	44.182663	721.0591	603.64294	673.96515	91.836426	758.3017	462.16232	1000.0	1000.0	575999	56.09828	22.996466	88.30446	4.345029	-56.24391	0.45911628	10749.838662147522
145	641.1863	48.373497	694.6876	562.5665	550.6899	187.4887	768.12494	277.37247	1000.0	1000.0	579999	56.30105	23.005857	88.28318	4.360637	-56.434196	0.46887276	10827.26745724678
146	495.65094	180.00584	711.7567	230.97893	516.9325	184.51059	753.8236	242.84682	1000.0	1000.0	583999	56.292076	23.169495	88.301285	2.9171405	-56.42989	0.46480358	10904.566722869873
147	693.00635	8.890093	702.3266	679.26306	512.6648	151.23778	711.93317	249.24838	1000.0	1000.0	587999	56.4457	23.219484	88.45394	4.38972	-56.585087	0.4566963	10981.75498509407
148	632.09924	27.326363	675.39075	605.4059	643.3685	88.60586	698.5789	385.736	1000.0	1000.0	591999	56.60445	23.329409	89.12105	4.402597	-56.743015	0.41925532	11059.026885271072
149	628.782	78.94311	721.44495	504.8054	657.1426	118.836296	741.488	314.1139	1000.0	1000.0	595999	56.696644	23.36907	89.48068	2.2235787	-56.836178	0.454612	11136.375911951065
150	700.9263	16.2901	714.0043	672.996	606.7318	61.67199	720.89777	479.50372	1000.0	1000.0	599999	56.958195	23.397575	88.95657	3.5659437	-57.0996	0.45727798	11213.802168607712
151	698.075	32.19225	743.34894	652.3248	697.8496	131.25769	826.46436	390.4522	1000.0	1000.0	603999	57.15561	23.471493	89.47124	0.8173742	-57.29865	0.45558465	11291.144696712494
152	647.2083	82.94392	731.1764	551.55145	663.1394	133.69101	743.1065	268.54297	1000.0	1000.0	607999	57.553055	23.383497	89.67561	4.464726	-57.700623	0.45176739	11368.566191673279
153	655.95825	37.804924	720.8254	627.11725	565.1942	172.25365	703.6264	150.51132	1000.0	1000.0	611999	57.693104	23.397867	89.57737	3.8524077	-57.836533	0.4972731	11445.626541137695
154	559.7935	161.98671	705.5577	290.1642	507.01083	176.21654	724.8463	270.91675	1000.0	1000.0	615999	57.899536	23.316128	89.76131	4.5004845	-58.04879	0.5077514	11522.870024442673
155	579.85315	43.268795	636.79144	520.64746	714.3874	38.932144	768.9665	649.514	1000.0	1000.0	619999	58.07067	23.18917	90.278755	4.522004	-58.21542	0.5028543	11600.36595749855
156	655.828	27.51045	682.75934	610.0004	723.41394	23.82075	772.0198	675.64166	1000.0	1000.0	623999	58.181015	23.170452	90.2092	4.5415063	-58.323845	0.5133796	11677.888733625412
157	547.478	107.37246	666.0741	427.7705	596.01	190.1945	770.70654	289.4713	1000.0	1000.0	627999	58.387856	23.002808	90.59551	4.5619984	-58.538986	0.47001624	11755.473724365234
158	640.5396	39.464184	702.38165	596.2203	446.5101	196.80269	669.55634	164.36752	1000.0	1000.0	631999	58.56766	22.936571	91.16362	4.1305	-58.706287	0.47870183	11832.773791313171
159	525.1367	230.53809	710.29724	141.87962	600.40234	53.318924	661.30255	506.03354	1000.0	1000.0	635999	58.650734	22.954838	90.17441	-0.50477123	-58.792038	0.5067388	11910.003591537476
160	657.8589	37.294228	697.92926	604.6972	602.3048	112.0235	696.92163	316.95514	1000.0	1000.0	639999	58.75086	23.05141	90.81472	1.9357729	-58.89215	0.46217906	11986.895859003067
161	657.23926	23.834373	676.9126	617.10876	582.8079	153.203	715.7053	263.2156	1000.0	1000.0	643999	58.79594	23.129473	90.67551	3.5383205	-58.937447	0.48672894	12064.306117296219
162	538.19714	149.11691	689.53766	343.2934	586.67035	184.48422	776.2103	153.19243	1000.0	1000.0	647999	58.94433	23.046587	90.71827	4.2321715	-59.08317	0.4587787	12141.417661905289
163	622.73773	41.323948	683.84595	582.74817	673.4088	98.849335	735.07874	382.527	1000.0	1000.0	651999	58.877617	23.22671	90.716965	4.677025	-59.009266	0.4839288	12218.743959665298
164	688.35956	66.75474	764.6375	588.5101	633.38336	121.61396	724.1267	381.11835	1000.0	1000.0	655999	58.91642	23.38658	93.14601	2.9541163	-59.05894	0.5144829	12296.215018033981
165	660.82556	18.78013	679.4227	635.8131	665.95905	128.49141	782.1307	378.2481	1000.0	1000.0	659999	59.211914	23.30004	92.386	0.1475172	-59.357136	0.49946582	12373.755564451218
166	594.9962	117.740944	693.16296	400.13617	703.66907	38.2039	772.88885	633.25934	1000.0	1000.0	663999	59.31312	23.173817	92.5883	4.722227	-59.455296	0.51959014	12451.10201382637
167	600.7183	76.2589	697.897	485.00922	711.2358	29.578651	741.49396	638.1037	1000.0	1000.0	667999	59.482426	23.099983	92.43196	4.737192	-59.628582	0.4755824	12528.703433275223
168	600.70386	57.102036	674.09717	537.9724	528.65216	89.55731	644.6176	325.07437	1000.0	1000.0	671999	59.595715	23.07009	92.19926	4.755897	-59.735455	0.48807853	12606.226355791092
169	641.80396	19.287912	673.3606	622.22864	684.6017	30.626656	732.7725	620.97217	1000.0	1000.0	675999	59.638054	23.067482	92.682724	4.77271	-59.773163	0.5031596	12683.83383154869
170	671.1207	43.121895	706.6445	597.8257	656.5104	130.67119	760.0549	399.14615	1000.0	1000.0	679999	59.60561	23.074186	92.74227	0.439435	-59.736797	0.48501837	12761.150639295578
171	652.2645	39.517204	689.825	591.843	686.1133	37.574028	728.79095	595.7895	1000.0	1000.0	683999	59.69231	23.100443	92.83901	4.804667	-59.828766	0.5164208	12838.483270406723
172	620.46045	70.71468	697.66907	514.5623	656.2442	67.21871	730.8954	502.59494	1000.0	1000.0	687999	59.78246	23.162745	93.17698	4.8195086	-59.91861	0.4901322	12915.757657766342
173	660.1843	53.909653	720.03156	572.6724	581.15906	157.3496	719.6739	246.58525	1000.0	1000.0	691999	59.952663	23.165985	93.4671	4.8359094	-60.095985	0.4961693	12992.964941978455
174	412.1071	275.9257	708.1238	80.84132	660.6454	29.959206	716.10657	605.8877	1000.0	1000.0	695999	60.054665	23.163246	93.19429	4.850787	-60.191544	0.5303854	13070.25066614151
175	652.501	34.637383	680.8233	594.5664	641.2762	117.26788	729.8203	354.76874	1000.0	1000.0	699999	60.01934	23.270203	93.24925	4.8561025	-60.15852	0.5078896	13147.758645534515
176	562.80414	152.54163	672.7215	300.42218	687.11115	18.531126	732.42114	659.2436	1000.0	1000.0	703999	60.199226	23.287617	93.32307	4.83302	-60.341225	0.5443441	13225.18077969551
177	680.755	39.00751	726.71075	621.3933	709.80096	40.32163	764.5309	615.19104	1000.0	1000.0	707999	60.51327	23.206755	93.95373	4.901801	-60.655827	0.50864035	13302.55070924759
178	684.0869	26.477478	719.7979	645.1108	659.68604	128.10194	767.5077	321.22867	1000.0	1000.0	711999	60.547565	23.22965	93.448395	4.9166565	-60.68227	0.5028577	13379.867166280746
179	547.6716	192.05258	678.1916	217.87161	720.9544	19.484804	754.2421	693.7016	1000.0	1000.0	715999	60.744095	23.23372	93.979774	0.8666434	-60.88418	0.47763628	13457.1429708004
180	599.80695	148.70087	709.3567	343.99396	635.633	75.6764	742.21497	480.715	1000.0	1000.0	719999	60.706856	23.348318	93.99042	3.9629188	-60.84108	0.4871598	13534.389654636383
181	652.3734	30.609085	684.1796	601.82526	650.71155	129.45651	745.0045	322.5432	1000.0	1000.0	723999	60.84442	23.42814	93.69453	3.1112828	-60.98725	0.488602	13611.617926120758
182	646.3819	17.01063	671.10815	629.2293	693.65393	43.184155	761.21387	602.57367	1000.0	1000.0	727999	61.00274	23.477104	93.66789	4.197583	-61.14557	0.5085412	13688.976431131363
183	640.5858	40.154766	693.3666	582.27826	680.95886	19.989805	721.23364	659.00793	1000.0	1000.0	731999	61.08146	23.475515	94.32782	4.573634	-61.21539	0.47992855	13766.479732751846
184	668.51953	47.61197	730.9927	597.8004	682.08734	27.69492	721.67194	622.3624	1000.0	1000.0	735999	60.9301	23.58435	93.379364	5.0086403	-61.05531	0.49879375	13843.978530883789
185	564.9175	103.1891	703.1201	414.2144	631.5397	171.33815	758.14624	261.73178	1000.0	1000.0	739999	60.80803	23.712978	93.696434	5.0155425	-60.93511	0.46591857	13921.180881261826
186	513.3602	184.19443	643.9043	197.4106	725.62115	42.46775	775.99	628.4425	1000.0	1000.0	743999	60.70572	23.784044	93.19725	2.3682802	-60.836445	0.47316316	13998.2256295681
187	494.41104	120.117966	651.31476	313.30508	650.5365	85.95411	735.27765	428.05844	1000.0	1000.0	747999	60.59518	23.81941	93.51828	2.4330153	-60.72014	0.49450955	14075.658317804337
188	680.3281	33.87056	720.89325	632.6128	723.49023	13.429544	749.6662	708.05206	1000.0	1000.0	751999	60.6407	23.856585	93.18362	5.0350523	-60.768093	0.4786966	14153.07263636589
189	672.70874	27.30334	709.18744	637.57166	693.6878	10.642852	706.1642	673.2009	1000.0	1000.0	755999	60.71135	23.932423	93.818634	4.962615	-60.83986	0.48592928	14230.378565073013
190	702.67566	33.291508	731.95294	648.20795	722.09485	20.663103	755.9722	684.71375	1000.0	1000.0	759999	60.80452	23.90965	94.38202	5.0466657	-60.93416	0.49046206	14307.449699878693
191	665.4623	29.650808	688.38544	614.49347	615.0876	113.96699	700.983	294.9189	1000.0	1000.0	763999	60.954174	23.888115	93.55882	5.046941	-61.08279	0.48398277	14384.84666800499
192	686.10626	17.63542	700.62854	655.9835	707.76404	37.174953	774.0798	654.9204	1000.0	1000.0	767999	61.034504	23.915854	93.64225	5.0443406	-61.162727	0.4964837	14461.981933832169
193	671.5324	33.64691	714.85706	630.7117	674.3318	31.401098	715.86646	598.07056	1000.0	1000.0	771999	61.19364	23.872221	93.21638	3.8637762	-61.326176	0.4966744	14539.338284730911
194	636.5534	66.33984	702.4371	535.93256	653.9125	37.005184	728.7836	593.4871	1000.0	1000.0	775999	61.3645	23.827118	93.716965	5.048014	-61.49718	0.47439605	14616.748051643372
195	709.0192	25.922686	735.9292	671.93616	711.90344	21.275696	748.4471	672.3464	1000.0	1000.0	779999	61.49654	23.717741	93.92148	5.0498395	-61.628265	0.50096124	14694.354787349701
196	695.6736	16.074812	710.39966	668.94824	728.91223	28.28062	775.78687	676.8924	1000.0	1000.0	783999	61.53355	23.829813	93.59833	5.0590906	-61.660183	0.46971154	14771.807475566864
197	520.4551	264.73975	694.47284	63.735527	730.97656	17.99793	763.9594	708.8806	1000.0	1000.0	787999	61.56256	23.876656	94.05405	5.068911	-61.68685	0.47843176	14849.07332777977
198	648.8497	11.957865	666.46857	636.3612	701.81714	28.61686	754.899	645.4618	1000.0	1000.0	791999	61.58898	24.03568	94.06707	5.076219	-61.71264	0.47821748	14926.434710264206
199	549.62415	263.167	719.03455	94.75568	658.52234	92.12353	727.73346	409.2387	1000.0	1000.0	795999	61.5805	24.134071	94.19442	1.3139503	-61.708187	0.51102054	15003.721626758575
200	631.56726	88.56076	717.2019	484.9919	722.2971	73.769165	785.36206	526.5077	1000.0	1000.0	799999	61.71865	24.035662	94.131355	-4.62591	-61.850723	0.54861206	15081.095120429993
201	716.7622	43.639496	769.1254	666.3554	679.0062	76.9185	766.3727	517.28864	1000.0	1000.0	803999	61.853966	23.884186	94.44522	0.8421016	-61.980938	0.55323356	15158.4156665802
202	504.05707	176.47754	713.38837	254.99716	546.70605	139.43323	701.7816	276.32486	1000.0	1000.0	807999	61.846146	23.717697	94.74448	-1.8220196	-61.976986	0.5463	15235.55394411087
203	598.2206	199.52989	742.9003	254.83429	666.2767	129.69626	760.0825	325.2156	1000.0	1000.0	811999	62.079544	23.536663	94.329636	4.3400936	-62.216743	0.5194789	15312.992556810379
204	664.6536	18.347593	687.1825	636.68365	706.034	38.620216	781.0089	636.4559	1000.0	1000.0	815999	62.17615	23.425573	94.33849	-0.9531555	-62.307846	0.53157014	15390.548231840134
205	678.13135	34.337894	729.5359	645.0529	694.6637	31.203604	752.7518	645.4561	1000.0	1000.0	819999	62.30588	23.396116	95.45331	5.1923485	-62.439423	0.5256189	15467.83692073822
206	694.12585	22.773792	722.4228	658.8476	546.0423	155.13213	681.65717	262.17926	1000.0	1000.0	823999	62.506115	23.323042	94.618484	5.2169075	-62.64422	0.5178522	15545.039209365845
207	694.9495	27.647797	738.45404	667.5815	662.8815	133.18561	742.08936	269.03537	1000.0	1000.0	827999	62.7175	23.274393	94.70368	4.3165426	-62.850567	0.56821805	15622.205742359161
208	558.49475	234.04384	728.1132	154.8294	73.410614	216.0982	721.7051	1.2340959	1000.0	1000.0	831999	62.706936	23.32476	95.01659	4.5570908	-62.829132	0.534609	15699.613780736923
209	515.26306	297.435	727.1198	2.1438317	686.8291	84.555336	742.4037	442.1164	1000.0	1000.0	835999	62.56839	23.412088	95.12056	-0.56992245	-62.69222	0.5324534	15776.98936700821
210	539.94574	119.10526	660.067	384.77698	302.4123	167.38245	619.83234	85.85741	1000.0	1000.0	839999	62.631966	23.481491	95.43783	-0.46829557	-62.76013	0.5181021	15854.579090356827
211	673.35736	57.141556	732.8645	610.84467	401.9152	211.73723	720.7165	119.59832	1000.0	1000.0	843999	62.698776	23.432783	95.1473	0.15782356	-62.82715	0.53362733	15931.978761196136
212	692.35486	31.27805	723.8579	642.00903	687.80896	85.795166	758.413	449.70587	1000.0	1000.0	847999	62.73049	23.544704	95.80772	-2.9701943	-62.859417	0.56046104	16009.253415584564
213	611.8174	154.82558	751.5489	349.6426	733.598	21.540054	774.6292	699.05927	1000.0	1000.0	851999	62.93778	23.583872	94.79489	-0.14367008	-63.06802	0.5079141	16086.535536050797
214	583.33923	168.118	693.01855	292.63138	702.2699	32.02342	738.92126	636.5764	1000.0	1000.0	855999	62.909843	23.599516	94.935776	-0.0014219284	-63.038647	0.5079635	16163.746963262558
215	658.9911	60.190514	735.0676	566.4274	705.0208	25.280905	739.9168	655.7429	1000.0	1000.0	859999	62.99786	23.582281	95.1895	4.5714602	-63.130703	0.51903635	16240.887385606766
216	652.4758	78.530594	708.6632	517.204	713.57635	65.73465	771.4911	532.2246	1000.0	1000.0	863999	63.029064	23.548964	95.058105	2.0780475	-63.151024	0.5120655	16317.92588686943
217	614.5581	152.80624	719.54395	350.95105	722.49524	70.70525	799.90735	530.7228	1000.0	1000.0	867999	63.06146	23.597778	95.116196	-0.7608876	-63.191994	0.5378478	16395.199501037598
218	633.76526	126.43915	737.287	417.82108	626.04144	171.43404	794.58685	234.05547	1000.0	1000.0	871999	63.21732	23.663242	95.22812	1.4031212	-63.34966	0.5281592	16472.25373482704
219	692.2717	57.299496	744.1438	597.1503	444.02277	250.3725	845.43964	93.02453	1000.0	1000.0	875999	63.368324	23.733213	95.07173	1.9156232	-63.50197	0.518176	16549.580420732498
220	675.3563	106.36009	765.2287	500.34085	527.046	185.417	720.9781	114.58832	1000.0	1000.0	879999	63.56174	23.768837	95.976204	1.8898826	-63.69469	0.5168585	16627.10978960991
221	698.2905	17.569063	722.54266	677.21375	679.0829	158.15685	792.087	239.32428	1000.0	1000.0	883999	63.740154	23.761118	96.55395	1.3428073	-63.87382	0.521966	16705.12159013748
222	618.85236	172.4399	732.2944	320.99072	741.98816	21.41925	783.5435	720.91187	1000.0	1000.0	887999	63.77224	23.802683	96.651855	4.3066444	-63.90353	0.5187905	16782.810282945633
223	520.49133	260.74945	703.4166	71.06516	713.6427	90.104225	786.7932	478.7303	1000.0	1000.0	891999	63.78925	23.86271	96.96768	3.6008039	-63.91521	0.5395833	16860.2525742054
224	437.88138	281.4059	749.98486	124.82871	724.76556	23.920069	762.1426	695.6153	1000.0	1000.0	895999	63.69315	24.030811	97.014465	2.5298386	-63.8226	0.5742977	16937.45026564598
225	726.75476	22.231955	762.7944	706.38947	746.81384	43.473484	794.42706	671.86444	1000.0	1000.0	899999	63.71168	24.151943	97.396164	2.9165063	-63.845016	0.5787449	17014.68437576294
226	677.9625	103.2418	764.0177	510.51254	650.56036	130.086	792.56055	374.53815	1000.0	1000.0	903999	63.75653	24.274837	96.97885	1.638391	-63.883125	0.54340285	17091.628903627396
227	694.7043	18.789019	723.06586	670.2302	702.0789	134.64008	795.0205	316.0342	1000.0	1000.0	907999	63.85236	24.214172	96.98552	2.0381026	-63.974556	0.537672	17168.743016958237
228	608.92737	156.24387	740.8483	345.52487	560.7401	233.43626	811.40125	169.4696	1000.0	1000.0	911999	63.763775	24.316881	96.656715	2.212971	-63.885006	0.5565839	17245.94575071335
229	745.4203	36.298332	775.88513	683.41565	741.5548	50.82656	810.64813	658.19366	1000.0	1000.0	915999	63.88456	24.212118	96.62996	5.2194076	-64.0131	0.5291698	17323.063381433487
230	563.8875	238.18251	739.20966	154.54091	729.5464	26.084816	774.2942	681.332	1000.0	1000.0	919999	63.93866	24.079868	96.87403	4.0048914	-64.06675	0.5449354	17400.474660158157
231	634.6732	105.93151	718.4131	453.77225	716.50085	34.221756	772.0996	649.8096	1000.0	1000.0	923999	64.00875	23.978985	96.73768	0.7038326	-64.13527	0.53834605	17478.044625282288
232	564.4905	141.90648	741.36127	367.94635	696.0824	112.59604	775.17584	406.3277	1000.0	1000.0	927999	64.05334	23.898779	97.00275	4.128911	-64.185036	0.54211795	17555.739357233047
233	716.8321	47.425964	773.20337	657.99286	755.85535	27.156816	794.33655	691.722	1000.0	1000.0	931999	64.224815	23.852213	96.580795	1.4784148	-64.35387	0.5596522	17633.357136964798
234	734.5058	24.395617	762.43317	709.1134	719.36694	28.263094	772.21313	673.77203	1000.0	1000.0	935999	64.17454	23.9988	96.93213	-1.2735319	-64.29422	0.5635315	17710.876166820526
235	636.8422	167.67746	751.1728	347.03397	759.48584	23.100166	805.82855	711.5457	1000.0	1000.0	939999	64.27422	24.028975	97.014496	1.6089702	-64.397606	0.52685624	17788.162389039993
236	740.03845	21.78987	763.4243	704.3241	764.284	32.30611	813.12915	703.0534	1000.0	1000.0	943999	64.24447	24.12657	96.71594	-1.4217877	-64.371765	0.5590236	17865.3015666008
237	716.61597	18.691904	739.75836	693.3228	704.21716	19.585693	736.5887	677.9736	1000.0	1000.0	947999	64.4019	24.160103	96.80352	-0.0868516	-64.52708	0.51906514	17942.484250307083
238	727.08826	40.432884	768.8512	662.3844	734.5899	27.93861	770.94037	683.10614	1000.0	1000.0	951999	64.56793	24.1442	96.825264	-0.8763242	-64.69925	0.5246095	18019.721061229706
239	644.0017	88.531	712.4778	492.37048	639.888	135.42538	749.08325	266.50238	1000.0	1000.0	955999	64.58709	24.190592	97.5327	-3.966292	-64.71139	0.54567194	18096.803496599197
240	660.36316	55.955185	739.75964	582.49774	532.473	190.35666	739.8117	207.98793	1000.0	1000.0	959999	64.6711	24.183794	97.26714	-5.513146	-64.79646	0.5445984	18174.037628650665
241	597.528	137.04091	715.99396	364.23288	448.9169	214.63182	707.5001	95.23043	1000.0	1000.0	963999	64.69563	24.199724	97.26697	-3.6189919	-64.81926	0.5321477	18251.63873887062
242	640.3606	154.2732	758.4749	375.02005	699.24976	153.15582	788.578	253.28273	1000.0	1000.0	967999	64.72047	24.266914	97.47611	2.0880973	-64.85161	0.55998194	18328.96936225891
243	602.1977	174.94623	732.5466	304.71448	667.3652	122.305	806.5361	421.7637	1000.0	1000.0	971999	64.839645	24.222115	96.83196	0.2825961	-64.96445	0.5314924	18406.19095659256
244	679.6104	24.189041	710.8445	646.4135	608.3581	106.871666	706.3434	366.72415	1000.0	1000.0	975999	64.850334	24.216839	97.025246	-3.3877316	-64.973045	0.5704375	18483.547620773315
245	664.83777	46.316727	744.90717	635.4923	700.63983	52.023605	783.01654	618.4219	1000.0	1000.0	979999	64.85361	24.206476	96.94557	-1.5149469	-64.973785	0.6159068	18560.900255203247
246	663.2883	31.246561	701.4031	615.7223	690.80054	105.03401	767.88855	398.33316	1000.0	1000.0	983999	64.96735	24.219734	97.38715	0.15663147	-65.10209	0.57624525	18638.420799970627
247	565.4568	232.80106	721.08685	163.46907	700.7707	41.30931	756.1312	613.0459	1000.0	1000.0	987999	65.14026	24.25022	97.018524	4.105308	-65.26815	0.5397279	18715.99381160736
248	705.0311	24.775171	744.04004	680.1931	656.49274	103.938545	776.3447	435.446	1000.0	1000.0	991999	65.15056	24.179144	98.218346	-0.7051058	-65.274216	0.5725372	18793.55022597313
249	697.2253	70.1173	763.71533	579.409	701.40936	62.498386	771.67	544.53796	1000.0	1000.0	995999	65.11983	24.232424	97.06691	1.5139251	-65.24084	0.5522832	18870.74986600876
250	562.2909	285.95056	757.89825	69.44938	774.8705	9.767533	795.2555	759.3041	1000.0	1000.0	999999	65.037125	24.316551	96.532555	2.339071	-65.160416	0.57154346	18947.946424007416
251	522.451	254.50151	739.70746	116.62877	750.79584	17.458927	783.0673	718.6441	1000.0	1000.0	1003999	65.06428	24.341467	96.94102	1.1114626	-65.18727	0.5382216	19025.342897892
252	614.84186	114.83869	765.4288	492.02148	713.3761	136.50192	792.16876	309.90213	1000.0	1000.0	1007999	65.07426	24.424124	96.96883	-0.61894655	-65.193695	0.56806827	19102.66426372528
253	627.48834	150.50612	736.5338	368.96783	732.2274	121.33654	799.34515	371.59573	1000.0	1000.0	1011999	65.12669	24.39241	96.9151	-0.06739664	-65.24826	0.5837202	19180.211499214172
254	630.3303	168.0282	747.97565	340.3066	765.1986	35.85388	841.5116	715.2177	1000.0	1000.0	1015999	65.37972	24.316692	96.501335	-1.3036256	-65.49966	0.56679624	19257.484847784042
255	653.3876	116.07391	724.347	452.446	739.9015	56.70128	803.9745	613.89606	1000.0	1000.0	1019999	65.52841	24.317478	97.007904	2.6295357	-65.6489	0.54896	19335.161195278168
256	697.14844	21.866089	719.1452	661.47076	757.2782	23.133945	787.0319	709.36633	1000.0	1000.0	1023999	65.606155	24.263628	96.43165	2.373791	-65.718544	0.54831564	19412.70213985443
257	701.0005	47.670345	763.2076	638.50916	759.924	56.681976	823.63806	623.1964	1000.0	1000.0	1027999	65.84032	24.143175	96.14191	2.839612	-65.9555	0.55597085	19490.27355313301
258	725.42236	31.818546	760.5164	679.2466	709.74896	15.703879	733.1825	686.86847	1000.0	1000.0	1031999	65.97639	24.101002	96.55957	-0.12148619	-66.08798	0.55701315	19567.873260498047
259	727.90063	33.200443	781.196	694.65784	660.37415	95.83908	739.3492	421.90808	1000.0	1000.0	1035999	66.07138	24.078238	96.3107	4.987205	-66.182236	0.56986433	19645.505135059357
260	720.2376	9.482168	730.0612	704.5692	763.19794	15.63431	786.8695	725.00977	1000.0	1000.0	1039999	66.26259	24.074364	96.03199	4.9900756	-66.37141	0.5633182	19723.01285791397
261	698.43787	8.296312	711.3297	688.7269	739.8459	13.613923	758.93317	712.003	1000.0	1000.0	1043999	66.45974	23.88066	96.49019	4.994183	-66.56788	0.5921089	19800.835042238235
262	479.79834	206.05135	677.8154	180.41304	711.2473	69.19478	763.305	506.32358	1000.0	1000.0	1047999	66.47003	23.78019	96.10403	4.9987235	-66.57656	0.57169455	19878.749697446823
263	721.70953	36.218895	773.83936	671.4633	717.9249	158.10934	836.1918	296.88242	1000.0	1000.0	1051999	66.738144	23.528353	95.88474	5.012173	-66.851425	0.55172884	19956.334069252014
264	750.36163	10.806769	762.7884	738.00934	790.6574	31.299927	833.19275	745.9553	1000.0	1000.0	1055999	66.89597	23.426476	96.96412	1.3203032	-67.002014	0.60001606	20034.02855014801
265	642.0973	65.56901	697.2006	531.722	701.55524	103.3755	780.40906	400.77615	1000.0	1000.0	1059999	67.14529	23.315735	96.397606	5.0230136	-67.25397	0.5499127	20111.747842788696
266	413.2625	210.37383	719.2683	124.98288	666.31464	18.401785	693.20624	625.87775	1000.0	1000.0	1063999	67.38627	23.09537	96.20979	2.957419	-67.49332	0.5192201	20189.054754018784
267	670.814	18.572304	691.4091	645.7962	742.5851	22.04402	783.11224	703.09686	1000.0	1000.0	1067999	67.498055	23.089571	96.93317	1.4807777	-67.60122	0.56253445	20266.37385058403
268	679.94904	55.060974	744.5617	592.8611	746.0521	30.050537	802.225	697.2217	1000.0	1000.0	1071999	67.69963	22.952137	96.80656	-0.9366722	-67.80514	0.5639236	20343.569537878036
269	570.1627	209.77829	715.1074	207.73827	583.653	184.92331	739.7947	184.30931	1000.0	1000.0	1075999	67.99231	22.807312	96.76784	5.0491776	-68.10314	0.54080224	20420.757996320724
270	658.7047	108.78606	739.5916	471.87695	708.3388	37.439117	751.72363	633.9192	1000.0	1000.0	1079999	68.30919	22.559206	96.78358	5.061471	-68.419556	0.5377231	20497.82352256775
271	719.45264	14.932039	739.56445	700.45526	682.6695	43.243725	742.406	589.4255	1000.0	1000.0	1083999	68.58292	22.326767	97.16122	1.0068703	-68.69314	0.5745203	20574.63888335228
272	693.0604	24.671549	719.985	658.84155	681.8855	62.230434	781.63654	552.66064	1000.0	1000.0	1087999	68.837715	22.084162	97.19815	5.0914073	-68.95036	0.5894213	20651.730499744415
273	670.477	74.18159	722.20435	542.59534	685.3235	85.377914	778.1386	447.96188	1000.0	1000.0	1091999	69.20176	21.846718	97.142845	0.7414646	-69.31475	0.58945394	20728.98028588295
274	564.4776	242.97551	747.5792	149.6621	604.7984	159.23694	736.89124	301.89597	1000.0	1000.0	1095999	69.50971	21.593428	97.21533	-1.7052593	-69.61821	0.5294935	20806.16817522049
275	696.6414	21.450161	721.37036	664.934	720.6282	16.021994	745.10626	691.5533	1000.0	1000.0	1099999	69.7505	21.378798	97.05909	5.142017	-69.8585	0.5238565	20883.387699842453
276	581.92017	209.50658	721.5093	221.11871	731.7614	26.053194	767.9307	686.55914	1000.0	1000.0	1103999	69.81419	21.349829	97.16113	4.5972977	-69.92039	0.52490425	20960.409576892853
277	668.44824	40.681046	736.97485	632.8412	669.546	146.45111	814.08105	260.5508	1000.0	1000.0	1107999	69.9653	21.346779	97.44197	2.365285	-70.07011	0.5499286	21037.78664112091
278	614.8795	121.0177	739.33417	424.87445	682.97974	161.53204	795.9729	216.42783	1000.0	1000.0	1111999	70.04919	21.430676	97.75802	0.9996619	-70.14766	0.519514	21114.839453935623
279	709.3242	28.902609	751.5108	680.6006	683.23395	37.44791	742.6909	602.6224	1000.0	1000.0	1115999	70.14425	21.387291	97.43325	1.9042354	-70.24508	0.533042	21191.86525797844
280	603.71643	29.57165	650.09143	570.42786	459.84653	232.2628	746.58307	115.534546	1000.0	1000.0	1119999	70.42557	21.231173	97.41794	3.1069818	-70.52573	0.5421139	21268.88518667221
281	487.30258	253.05371	720.50323	87.49825	698.6564	85.35824	762.0527	458.70374	1000.0	1000.0	1123999	70.3504	21.236101	98.06677	1.4382286	-70.44457	0.5855236	21345.924824237823
282	606.4457	100.97488	705.7206	475.1209	280.72446	164.64287	614.7434	106.94797	1000.0	1000.0	1127999	70.42004	21.197456	97.76179	3.2062907	-70.51488	0.6081604	21423.131516218185
283	364.26703	160.12128	511.1822	101.535614	724.92896	28.564829	768.786	687.3641	1000.0	1000.0	1131999	70.42755	21.29964	98.1867	5.2524924	-70.52968	0.6045325	21500.172435760498
284	632.79205	15.412981	657.895	615.93054	518.3109	168.76003	679.3611	140.97588	1000.0	1000.0	1135999	70.5236	21.303648	98.33402	4.2074594	-70.625435	0.5833199	21577.043905735016
285	708.30414	23.79373	734.98096	670.0788	706.0741	28.77467	738.3772	648.4947	1000.0	1000.0	1139999	70.70297	21.200565	97.23321	4.7337866	-70.802444	0.5908763	21654.198560476303
286	712.0359	18.200436	733.88055	684.6411	315.02713	190.1397	713.94696	94.48115	1000.0	1000.0	1143999	70.764786	21.15852	97.562836	2.2841535	-70.863266	0.5191901	21731.407835245132
287	560.45215	211.78442	750.2027	202.43202	173.16983	126.45816	528.2492	63.570362	1000.0	1000.0	1147999	70.85517	21.194307	97.599464	2.0944614	-70.95286	0.547613	21808.548595905304
288	382.97278	326.47342	754.4765	45.98018	611.7581	187.92052	786.5802	282.8146	1000.0	1000.0	1151999	70.76163	21.350513	97.31314	3.282094	-70.85364	0.58958286	21885.64039826393
289	545.04114	136.63225	673.05426	344.96744	628.5261	127.36567	752.30774	397.93863	1000.0	1000.0	1155999	70.73421	21.526237	97.79676	3.0728688	-70.82887	0.5890984	21962.875501394272
290	538.69244	276.84232	786.5961	76.65985	462.21118	223.406	748.092	73.98193	1000.0	1000.0	1159999	70.86391	21.648079	97.673965	3.0483298	-70.96171	0.5821693	22040.24881386757
291	552.60925	149.42963	699.9705	334.82156	622.96606	119.469025	737.7656	383.1372	1000.0	1000.0	1163999	71.00004	21.530298	97.5679	3.6734557	-71.094376	0.5292524	22117.154494285583
292	459.66547	224.45476	715.0341	208.79306	536.4461	174.28151	781.3376	210.49509	1000.0	1000.0	1167999	71.01235	21.51841	97.11569	1.3616452	-71.10547	0.5935416	22194.42147088051
293	651.6644	69.07749	710.1791	533.77686	449.607	175.96095	731.1524	192.61575	1000.0	1000.0	1171999	70.97966	21.65278	97.55308	3.3331585	-71.074005	0.5306365	22271.658497095108
294	381.5971	212.52843	729.05365	153.51218	689.1593	151.3134	799.7078	268.49008	1000.0	1000.0	1175999	71.04032	21.685936	96.88638	2.6382875	-71.132454	0.5267285	22348.99974346161
295	695.16705	35.936947	740.6342	646.49457	736.0698	23.41959	781.2599	702.33594	1000.0	1000.0	1179999	71.03319	21.728107	97.622406	5.311576	-71.12299	0.5613201	22426.272575616837
296	653.2134	77.62482	704.6416	519.4659	657.3125	31.823677	706.2011	604.9251	1000.0	1000.0	1183999	71.16193	21.584236	97.401535	0.36233902	-71.24897	0.57932454	22503.702300786972
297	559.1606	234.13054	720.1507	154.62059	707.8724	45.004086	782.80304	639.05994	1000.0	1000.0	1187999	71.14986	21.590569	97.31183	3.3164232	-71.242065	0.6058543	22581.169686079025
298	560.75006	223.45335	734.5266	177.51825	635.04816	207.20587	789.31885	85.96305	1000.0	1000.0	1191999	71.08129	21.674217	97.48061	1.7773728	-71.17725	0.5380758	22658.62748670578
299	427.64035	233.76302	706.0549	120.844894	504.39703	172.54042	737.97833	273.94724	1000.0	1000.0	1195999	71.2177	21.719929	98.18636	0.32053423	-71.3132	0.62441206	22735.92706847191
300	555.76447	251.81172	720.6205	120.11825	663.4269	140.73521	743.0156	250.19637	1000.0	1000.0	1199999	71.25916	21.79177	97.985405	1.1846738	-71.35264	0.58007973	22813.26149082184
301	573.6443	218.48358	732.7951	196.90276	635.2757	164.3162	810.61835	253.03108	1000.0	1000.0	1203999	71.243904	21.855312	98.13907	5.3104696	-71.33492	0.5626191	22890.40509390831
302	633.5521	122.75814	712.61096	421.24255	705.30414	41.283512	744.2514	596.52747	1000.0	1000.0	1207999	71.41201	21.821098	97.6094	4.030515	-71.5051	0.5400365	22967.165136814117
303	649.4198	96.44299	708.3174	482.4274	715.19525	40.461784	756.2964	616.5526	1000.0	1000.0	1211999	71.49684	21.922632	97.67609	4.1598377	-71.592705	0.5638095	23044.101388692856
304	617.8734	99.432724	702.4321	449.95587	574.8953	192.74706	782.1904	242.28539	1000.0	1000.0	1215999	71.64418	21.86722	97.98811	5.300269	-71.73894	0.58019143	23121.007485866547
305	680.6338	50.13221	728.35846	596.8764	734.9417	44.03394	792.46375	634.63824	1000.0	1000.0	1219999	71.73064	21.773397	98.30644	4.9098887	-71.82306	0.5588358	23197.986047267914
306	439.52545	228.12993	648.5488	77.46696	622.3043	161.27905	791.9522	188.43439	1000.0	1000.0	1223999	71.706696	21.761662	98.264626	4.034283	-71.799515	0.54642874	23275.14191865921
307	621.8323	60.068707	690.1327	525.7216	729.665	55.990902	795.44025	578.4586	1000.0	1000.0	1227999	71.71175	21.67647	98.27188	0.112306595	-71.800186	0.53898865	23352.246128082275
308	659.61554	53.54978	714.4096	570.7982	721.4889	35.98244	764.7327	635.11896	1000.0	1000.0	1231999	71.68887	21.66948	98.135155	0.92805624	-71.77855	0.5683473	23429.422672748566
309	575.20886	133.19653	679.1134	346.57013	601.87195	161.37634	748.4582	303.29584	1000.0	1000.0	1235999	71.89072	21.441988	97.71476	5.312844	-71.98876	0.58242947	23506.600411891937
310	613.86487	86.0707	709.3458	476.9617	633.0563	111.16344	765.7642	349.5549	1000.0	1000.0	1239999	71.96839	21.341043	98.27989	5.3250027	-72.05833	0.5490484	23583.898963928223
311	702.7196	19.091183	721.26654	670.8772	664.5661	92.75731	782.5183	433.13998	1000.0	1000.0	1243999	71.90567	21.326382	98.61088	5.3399215	-71.98983	0.55031186	23660.983721971512
312	523.6864	259.1188	732.88214	79.785255	300.60056	186.16203	610.82	77.04343	1000.0	1000.0	1247999	71.82105	21.464006	98.21539	5.3462996	-71.90379	0.5718529	23738.29229402542
313	735.75836	27.878836	774.5604	695.96313	624.1794	190.58565	782.8626	164.61757	1000.0	1000.0	1251999	71.851425	21.652487	97.69138	5.349352	-71.93667	0.601128	23815.58426475525
314	554.2134	123.26777	687.03577	352.7026	606.22375	173.28046	814.6163	242.5011	1000.0	1000.0	1255999	71.79674	21.860977	98.51673	5.2867274	-71.88245	0.63888943	23892.902366876602
315	683.293	46.552605	734.8071	621.35425	714.8246	64.310585	801.3636	572.172	1000.0	1000.0	1259999	71.98477	21.786478	98.333466	5.24651	-72.07462	0.59890014	23970.123096227646
316	699.36523	37.56617	723.72485	634.50085	752.8424	39.24308	788.24097	656.155	1000.0	1000.0	1263999	72.10745	21.704021	97.72498	5.3253717	-72.19311	0.5901448	24047.5852329731
317	450.44333	240.3116	714.61273	86.6062	742.37305	41.659935	812.7363	661.00116	1000.0	1000.0	1267999	72.04577	21.79929	97.69449	-5.2541804	-72.12821	0.61543506	24125.112763881683
318	549.7017	190.67802	769.41187	345.47064	647.9376	155.78493	781.44885	253.37135	1000.0	1000.0	1271999	71.94302	21.87338	97.92697	-7.529393	-72.02603	0.6032699	24202.360435009003
319	524.4907	131.40225	711.02716	350.3223	586.09985	190.34068	741.28955	155.60622	1000.0	1000.0	1275999	71.96935	21.97681	98.01345	0.17672014	-72.05286	0.62200755	24279.78248310089
320	614.44086	92.91244	693.9841	456.4022	678.44183	23.290287	704.9733	623.7741	1000.0	1000.0	1279999	72.01268	22.017	98.19949	4.9808545	-72.097046	0.60267055	24357.317980527878
321	317.30762	283.78955	784.8845	59.683277	765.9545	23.47506	792.74005	723.32153	1000.0	1000.0	1283999	72.05406	21.967812	98.291595	3.0792403	-72.13982	0.6580869	24434.49752187729
322	607.9185	176.63898	765.90625	313.86047	479.02472	182.60226	670.0567	131.882	1000.0	1000.0	1287999	72.08983	22.129782	98.330536	2.8403044	-72.17467	0.6045435	24511.891424417496
323	684.6056	49.98913	736.48883	603.1829	673.6945	146.39743	803.1766	268.14096	1000.0	1000.0	1291999	72.060005	22.064596	98.32134	-1.7156706	-72.13897	0.61718136	24589.228168725967
324	556.0228	130.51506	704.77466	392.86224	624.1014	35.180264	685.3417	575.1646	1000.0	1000.0	1295999	72.042595	22.115574	97.96727	4.1857877	-72.124794	0.5949006	24666.49794268608
325	640.1878	76.7557	720.6399	514.2459	749.70184	35.076782	792.20325	695.3539	1000.0	1000.0	1299999	72.0011	22.226988	97.77819	0.5807228	-72.07978	0.64993393	24743.52825331688
326	534.8655	159.18321	702.22485	358.44415	599.7733	199.10391	747.55115	181.52275	1000.0	1000.0	1303999	72.06265	22.200115	98.25383	4.5393867	-72.13776	0.5873927	24820.695245027542
327	535.1655	191.42029	697.3914	210.12924	316.93924	220.40416	649.8161	17.414848	1000.0	1000.0	1307999	71.94254	22.372852	97.90042	0.329978	-72.02351	0.69292563	24898.256213903427
328	649.2893	39.037407	699.98425	591.05676	346.2901	196.94934	574.3407	55.944016	1000.0	1000.0	1311999	72.04404	22.429749	97.9304	4.9661603	-72.126396	0.64530104	24975.4203145504
329	639.2782	21.982517	663.707	605.37756	663.4486	62.27999	772.5415	566.3813	1000.0	1000.0	1315999	72.13444	22.478455	98.21029	-1.7025719	-72.22212	0.6459688	25052.633387088776
330	585.1765	186.30061	717.65314	265.2055	717.64905	39.05035	769.42194	633.73267	1000.0	1000.0	1319999	72.227974	22.467741	98.41304	5.227351	-72.309265	0.7042164	25130.07742500305
331	500.05893	183.25952	691.1952	302.75522	478.19962	195.81778	741.8704	154.21524	1000.0	1000.0	1323999	72.28973	22.234396	99.063705	3.6713781	-72.37246	0.7080934	25207.471140384674
332	530.7385	146.96788	663.9346	304.64188	556.805	197.00941	760.4604	169.91327	1000.0	1000.0	1327999	72.39606	22.183136	98.18988	3.5392115	-72.48391	0.7700276	25284.683725595474
333	677.28235	48.57471	707.4062	593.2601	465.60083	135.8947	675.1361	150.08098	1000.0	1000.0	1331999	72.35783	22.182505	98.493805	1.8515594	-72.438065	0.6592865	25361.5967066288
334	509.49164	184.37224	635.3356	191.29561	449.69955	170.71877	690.94617	196.56218	1000.0	1000.0	1335999	72.38082	22.103682	98.51494	5.2302423	-72.46511	0.6437435	25438.375422239304
335	652.748	64.19614	710.6464	552.3964	543.8395	180.68036	724.18805	148.5664	1000.0	1000.0	1339999	72.40702	22.09013	98.08933	5.229222	-72.48639	0.6199191	25515.35472226143
336	357.00775	154.73842	610.6129	202.6278	420.22076	201.69615	731.39056	162.95125	1000.0	1000.0	1343999	72.37727	22.156048	98.83231	5.2267933	-72.460754	0.64074844	25592.246099710464
337	601.22	104.69596	720.2138	439.96338	609.51373	97.19605	741.89215	385.87854	1000.0	1000.0	1347999	72.449165	22.0477	98.28291	5.2204266	-72.52993	0.61726487	25669.147057056427
338	613.7253	55.330154	702.62506	564.0559	465.74164	180.63638	754.56506	222.8845	1000.0	1000.0	1351999	72.461586	22.049627	98.2305	5.216411	-72.54097	0.6088236	25746.406228542328
339	556.00085	202.65596	705.34357	207.73094	427.5918	211.87366	698.6475	133.87613	1000.0	1000.0	1355999	72.4671	22.1046	98.792755	5.136138	-72.54569	0.60451376	25823.66064977646
340	550.00726	146.12845	703.2586	330.37662	530.6959	172.19522	836.59576	317.7213	1000.0	1000.0	1359999	72.40263	22.245672	98.264946	5.2025633	-72.483284	0.64330435	25901.023514032364
341	553.7235	161.07281	715.79376	314.89642	666.5015	46.9695	726.6763	579.79504	1000.0	1000.0	1363999	72.37235	22.324718	98.30889	5.1999474	-72.452736	0.6505192	25978.289408922195
342	623.46564	67.58524	715.58295	533.0849	594.9131	102.327515	758.496	372.8538	1000.0	1000.0	1367999	72.41841	22.352053	98.483604	5.1986165	-72.501175	0.6124346	26055.74895453453
343	628.2048	38.325832	678.7465	576.3957	550.01355	211.76242	756.1931	176.46164	1000.0	1000.0	1371999	72.48734	22.36531	98.51378	3.921866	-72.56931	0.6285298	26133.472383975983
344	671.20746	64.190735	762.2851	595.1415	698.99255	51.2074	761.4679	592.63727	1000.0	1000.0	1375999	72.68164	22.2507	98.3015	5.2035675	-72.76868	0.6657058	26210.76175928116
345	613.6143	148.79414	746.8502	362.05664	512.2834	166.59975	741.578	266.68274	1000.0	1000.0	1379999	72.70054	22.337002	98.22757	5.203694	-72.78493	0.6282433	26287.932477474213
346	605.5471	152.23068	716.3771	343.785	615.71216	180.70636	792.22534	225.01118	1000.0	1000.0	1383999	72.70187	22.38164	98.93284	4.524001	-72.78656	0.6202892	26365.16453242302
347	362.6219	217.14941	727.3122	193.39073	566.4269	237.76257	765.6243	143.5711	1000.0	1000.0	1387999	72.63254	22.421831	98.79208	4.248684	-72.71447	0.6455903	26442.01320385933
348	569.49994	209.06874	774.1776	264.3148	604.59485	159.54639	723.45984	211.56725	1000.0	1000.0	1391999	72.60206	22.401434	98.07093	2.3471227	-72.68831	0.60937756	26518.796439886093
349	677.0072	20.090326	703.7734	649.4492	734.28357	17.334839	761.5588	699.2443	1000.0	1000.0	1395999	72.611916	22.472359	98.33538	1.7457452	-72.69563	0.5866134	26595.807991743088
350	550.0687	155.8399	722.0662	372.70947	682.51294	71.26917	770.96466	504.22968	1000.0	1000.0	1399999	72.81582	22.459522	98.516815	-2.5758615	-72.90334	0.6047034	26672.89357995987
351	671.1403	50.775696	758.11694	629.9428	693.86273	124.5449	786.7923	365.9702	1000.0	1000.0	1403999	72.89298	22.52128	98.58455	-5.2254243	-72.98188	0.63727033	26749.933481931686
352	351.31256	186.35283	643.7292	173.06905	535.6561	120.071945	673.6738	272.50534	1000.0	1000.0	1407999	72.88078	22.474947	98.34899	1.7216363	-72.962715	0.62013036	26827.002430677414
353	706.4915	30.764027	739.4569	657.1221	726.06433	130.58087	811.2028	354.01697	1000.0	1000.0	1411999	72.77733	22.571903	98.476364	0.77351665	-72.86044	0.6686476	26904.01636171341
354	698.5821	20.901339	717.3056	664.1404	619.8528	201.74034	812.2575	167.59816	1000.0	1000.0	1415999	72.79409	22.642883	98.5509	2.7974234	-72.87829	0.61150134	26981.039862155914
355	635.8037	117.77879	795.8988	465.74384	620.67346	182.30235	755.15063	181.28894	1000.0	1000.0	1419999	72.82046	22.60915	98.36651	5.1723	-72.90042	0.66165173	27057.778022050858
356	534.0279	255.88948	703.835	91.63019	551.49097	191.95892	771.5132	271.93246	1000.0	1000.0	1423999	72.76733	22.701794	98.067894	-1.3133454	-72.846825	0.6594885	27134.885078907013
357	557.64197	147.86359	732.6112	343.74838	498.0017	175.15025	722.6689	174.79996	1000.0	1000.0	1427999	72.719154	22.684637	98.35751	-10.825068	-72.79561	0.63736975	27212.242070674896
358	520.847	218.91861	750.5528	232.46066	613.558	182.85252	779.991	194.5661	1000.0	1000.0	1431999	72.635475	22.714972	97.82544	5.1587586	-72.712715	0.6559613	27289.515736341476
359	607.54395	179.095	770.25287	304.54083	752.3978	25.098421	790.70953	699.32263	1000.0	1000.0	1435999	72.5116	22.85744	97.87793	5.158099	-72.58556	0.7021498	27366.649230718613
360	669.4601	75.50137	765.19403	554.291	648.8727	161.84268	778.2935	277.69595	1000.0	1000.0	1439999	72.38038	22.98083	97.882965	4.3824043	-72.45914	0.6270166	27443.688904047012
361	544.36456	143.19466	733.43585	358.55972	526.1682	149.06882	742.32745	319.9246	1000.0	1000.0	1443999	72.51058	22.875944	97.8328	2.3587904	-72.595314	0.64789426	27520.81740474701
362	541.3933	202.95337	716.29767	199.92702	472.5001	215.88155	741.0934	101.11575	1000.0	1000.0	1447999	72.546165	22.922892	98.21393	5.160723	-72.630424	0.62339014	27598.09375810623
363	376.18134	173.0282	671.9801	232.44894	592.958	248.69011	832.55023	91.62715	1000.0	1000.0	1451999	72.53808	23.076918	98.427345	4.7814846	-72.619705	0.6539944	27675.098499536514
364	428.10074	221.86221	657.9967	176.18288	699.201	126.07102	809.8581	329.47043	1000.0	1000.0	1455999	72.35974	23.241915	98.62321	5.157796	-72.43728	0.6469426	27752.07371544838
365	645.97156	66.05739	736.41345	563.79767	694.40466	77.63863	810.9568	514.03613	1000.0	1000.0	1459999	72.25694	23.281496	97.999016	5.159277	-72.331894	0.6463464	27828.87596154213
366	659.45703	47.954727	729.94086	599.6394	630.9594	162.08598	805.9373	244.4414	1000.0	1000.0	1463999	72.1684	23.323889	99.52065	-0.55599356	-72.24225	0.7171744	27906.065967321396
367	664.4218	43.311996	709.92267	599.56323	624.2979	145.73808	754.68024	311.72327	1000.0	1000.0	1467999	72.09173	23.224216	99.092865	1.8173728	-72.16266	0.70369226	27983.316348075867
368	710.6192	21.325565	731.6918	675.1898	741.92737	57.458076	821.9105	618.734	1000.0	1000.0	1471999	72.01264	23.144695	98.60492	5.1550665	-72.082466	0.6529049	28060.86820244789
369	564.28723	255.84167	786.99426	129.14082	743.9492	41.306038	792.33215	641.3385	1000.0	1000.0	1475999	71.948204	23.231922	98.387375	4.7274647	-72.023575	0.6565023	28138.317676782608
370	606.66016	189.23419	739.2765	282.46057	584.74445	178.25356	772.6991	315.16916	1000.0	1000.0	1479999	71.93212	23.307016	98.66463	-3.377707	-72.00541	0.6430347	28215.828214406967
371	673.17957	52.222054	726.7102	588.337	472.74365	84.04533	585.40015	309.11206	1000.0	1000.0	1483999	71.97792	23.381926	98.9878	-0.94678783	-72.058	0.7040281	28293.018854618073
372	623.77527	14.954721	638.33014	598.74554	647.0941	96.16389	735.89886	467.70337	1000.0	1000.0	1487999	72.18217	23.251724	98.75395	-3.020012	-72.25871	0.7139638	28370.22723340988
373	519.20306	216.87447	670.80084	145.53911	640.5723	148.72025	760.10785	215.05627	1000.0	1000.0	1491999	72.30314	23.119028	98.79378	-4.0030856	-72.37906	0.6441733	28447.288958072662
374	545.5574	173.94286	703.94904	277.2522	694.5535	114.99865	780.8332	384.37167	1000.0	1000.0	1495999	72.095436	23.379026	99.27075	-6.1751723	-72.170364	0.6893822	28524.65577363968
375	709.9911	17.9585	733.5155	691.69574	722.64795	59.117165	804.6797	587.86633	1000.0	1000.0	1499999	72.11923	23.386948	98.82294	4.8477926	-72.197174	0.7430908	28601.91277575493
376	633.344	15.449678	654.3104	618.0927	372.8413	175.04895	676.5347	174.10042	1000.0	1000.0	1503999	72.24307	23.314943	98.7215	-3.3478055	-72.32261	0.67860854	28679.091810941696
377	367.00513	182.61954	654.87695	191.81032	666.43494	130.32593	814.56635	398.70132	1000.0	1000.0	1507999	72.125465	23.43426	99.257126	2.5313444	-72.199844	0.61739016	28756.326667547226
378	596.3633	127.468285	696.1996	379.27335	726.0295	26.957973	784.63	683.0024	1000.0	1000.0	1511999	72.04303	23.553837	98.60887	-6.917672	-72.12317	0.6302241	28833.337319612503
379	501.2183	214.324	744.9752	267.63266	712.80457	84.44637	810.562	528.9039	1000.0	1000.0	1515999	72.04897	23.502045	98.57838	5.128298	-72.12347	0.6235333	28910.390925884247
380	717.34143	29.301104	746.7718	683.5086	647.8629	134.98692	800.7121	408.9788	1000.0	1000.0	1519999	71.90237	23.644636	98.580215	4.5356345	-71.97987	0.63244057	28987.222176790237
381	515.447	217.94762	753.25555	164.04868	665.6935	192.42703	801.4488	229.82109	1000.0	1000.0	1523999	72.00821	23.655388	98.51009	5.1225123	-72.086784	0.6390334	29064.190807819366
382	565.45074	152.27635	745.8603	411.29562	608.9487	120.01339	759.27466	399.08517	1000.0	1000.0	1527999	71.95741	23.756937	98.945015	5.123393	-72.03873	0.6389607	29141.23998093605
383	694.1605	64.41969	734.86566	582.7585	559.8631	225.70038	789.86487	37.597458	1000.0	1000.0	1531999	71.99063	23.826256	99.18887	-1.5428576	-72.07322	0.63834095	29218.06119775772
384	677.79315	69.61851	750.2492	565.2335	680.55054	34.17687	738.9853	635.7477	1000.0	1000.0	1535999	72.03188	23.853958	99.286125	3.1149437	-72.10897	0.6440345	29294.603857278824
385	552.5083	131.06664	698.15063	359.62027	689.46326	175.50037	870.7595	344.61768	1000.0	1000.0	1539999	71.97512	23.790028	99.52867	3.5698135	-72.046875	0.6572347	29371.15544128418
386	746.33887	41.658825	780.98	675.4235	662.9003	129.36592	788.75464	434.66495	1000.0	1000.0	1543999	71.89593	23.91064	98.922714	-0.5932913	-71.973015	0.663849	29448.33368897438
387	718.62994	26.50598	755.11865	689.23145	622.42737	105.548096	734.8457	406.69763	1000.0	1000.0	1547999	71.94046	24.031454	98.53371	-6.036822	-72.01878	0.674329	29525.03825712204
388	589.51935	135.89403	749.47406	378.56253	673.1957	82.189156	739.8923	438.54477	1000.0	1000.0	1551999	72.04436	24.019306	98.93221	-0.06396675	-72.12288	0.67104673	29602.149086475372
389	558.77545	267.2113	739.58856	96.88242	680.2586	73.18845	747.8768	489.40622	1000.0	1000.0	1555999	71.95412	24.1423	98.56077	0.48654842	-72.02769	0.6373385	29679.233082532883
390	523.5684	219.96933	762.4065	169.3587	589.3265	89.56838	693.4404	398.9911	1000.0	1000.0	1559999	71.72752	24.228275	99.05557	5.0926094	-71.795456	0.6283435	29756.710992097855
391	616.8057	77.04835	723.8016	507.20056	397.9249	195.8419	649.444	125.04837	1000.0	1000.0	1563999	71.65552	24.121592	98.36513	2.6886175	-71.72701	0.6939039	29834.115193605423
392	546.66437	202.33382	756.0776	235.82875	756.9169	39.050198	799.6523	659.56683	1000.0	1000.0	1567999	71.58285	24.068144	98.90938	-5.812766	-71.650246	0.7152616	29911.268308401108
393	662.85394	126.88924	759.3182	444.65125	677.3313	114.5154	748.95966	346.7992	1000.0	1000.0	1571999	71.4597	24.065828	98.93237	-1.896307	-71.532845	0.6823055	29988.58670926094
394	616.9063	99.87205	702.9938	451.8006	660.27576	179.2499	814.99414	178.0153	1000.0	1000.0	1575999	71.4182	24.060518	98.44689	-2.2367525	-71.494	0.7464767	30065.73733472824
395	631.18616	111.19369	738.1495	471.90967	756.43396	29.59074	806.5658	706.7484	1000.0	1000.0	1579999	71.42179	24.03271	98.73888	2.844531	-71.494255	0.7093794	30142.723893642426
396	708.43896	48.64167	753.2067	628.2948	666.66785	44.988247	726.8353	565.125	1000.0	1000.0	1583999	71.42181	24.024345	98.45557	-21.669327	-71.49761	0.7335841	30219.826625823975
397	713.906	36.023945	748.9308	663.75714	644.2509	139.89078	757.14545	367.89032	1000.0	1000.0	1587999	71.45344	23.940918	98.747375	-14.076717	-71.52492	0.75968385	30296.87677335739
398	730.69006	53.0221	791.5533	646.9518	764.26117	23.675137	798.44165	728.12994	1000.0	1000.0	1591999	71.449875	23.963068	98.89885	2.545382	-71.52336	0.7393914	30373.984990358353
399	639.4448	204.62648	782.7207	286.11966	673.0802	142.86928	786.72955	265.62766	1000.0	1000.0	1595999	71.61112	23.993963	99.25575	2.863719	-71.68728	0.6929166	30451.46244287491
400	646.2081	64.1676	705.85364	552.98615	497.1547	192.15034	824.31854	127.70951	1000.0	1000.0	1599999	71.52223	24.093742	99.24112	3.185933	-71.59925	0.76445633	30528.46888923645
401	718.3133	9.687067	730.159	703.16486	681.8163	153.0982	820.2679	238.69044	1000.0	1000.0	1603999	71.63515	24.149532	98.99755	2.9664135	-71.71794	0.7106328	30605.72162079811
402	610.6732	112.76921	742.29956	435.2176	461.42206	198.61624	738.6139	175.21683	1000.0	1000.0	1607999	71.85683	24.008827	99.24357	3.2052565	-71.93881	0.7040122	30682.574392080307
403	718.3688	27.523247	756.669	678.92706	641.8771	147.44284	784.68274	330.04517	1000.0	1000.0	1611999	71.90196	24.064848	99.192245	3.380219	-71.97591	0.6520579	30759.55601119995
404	559.0942	109.50118	689.77106	439.06244	600.58655	147.62213	734.231	229.55498	1000.0	1000.0	1615999	71.74816	24.228348	99.4691	3.135116	-71.8225	0.65622175	30836.514206647873
405	727.0956	31.272457	756.12756	677.0391	633.9966	82.58759	716.4895	398.8056	1000.0	1000.0	1619999	71.73071	24.111408	98.998474	4.4483213	-71.80269	0.6729747	30913.630286216736
406	644.22876	93.1937	732.4814	505.11234	523.3161	188.70268	737.2015	209.77484	1000.0	1000.0	1623999	71.7493	24.054594	99.64468	4.765748	-71.825874	0.6696533	30990.45738697052
407	639.70294	102.410965	722.90485	464.80597	762.6118	26.044056	795.7774	724.4652	1000.0	1000.0	1627999	71.79294	24.07105	99.01493	-14.199211	-71.870636	0.7364811	31067.212232112885
408	568.4325	176.95944	797.8283	360.49503	669.5702	106.40226	739.6566	358.34805	1000.0	1000.0	1631999	71.81706	24.042603	99.240654	0.18693113	-71.896614	0.7104343	31143.95681834221
409	749.14795	21.957178	786.62646	733.15955	486.0556	143.81277	738.0133	317.71335	1000.0	1000.0	1635999	71.85969	24.009657	99.292404	4.323394	-71.93045	0.6975066	31220.667261362076
410	726.94525	10.857168	739.05255	709.405	757.93896	34.750874	805.08856	702.0112	1000.0	1000.0	1639999	71.94312	23.98691	99.50601	3.370872	-72.02461	0.6839658	31297.53114771843
411	697.6805	36.709194	742.7353	640.3716	732.84924	32.412407	783.2121	658.6561	1000.0	1000.0	1643999	72.02307	23.98202	99.26981	3.6677027	-72.10162	0.67630863	31374.010636806488
412	677.87506	56.005405	737.8901	598.72437	719.7589	51.531616	795.27277	598.89996	1000.0	1000.0	1647999	72.016525	24.047081	99.36325	3.300521	-72.09325	0.67176026	31450.908044099808
413	681.69037	37.05018	719.95703	641.1141	567.9846	159.76088	724.4728	247.37703	1000.0	1000.0	1651999	72.03594	23.997612	99.6353	5.0018663	-72.10827	0.6466593	31527.73107624054
414	556.3567	243.29944	710.64417	135.20932	708.0919	29.675127	761.9789	658.4378	1000.0	1000.0	1655999	72.01856	24.062422	99.71925	3.7978272	-72.099304	0.664493	31604.639751434326
415	715.4469	23.921171	752.6047	691.5535	719.32367	50.516293	751.42847	574.88873	1000.0	1000.0	1659999	72.09068	24.080793	99.29605	4.787269	-72.165565	0.626831	31681.84455180168
416	589.44104	167.92578	724.8288	306.45193	659.7223	98.01903	744.1083	394.55304	1000.0	1000.0	1663999	72.00413	24.110765	99.913925	-0.041760445	-72.07605	0.68756497	31758.980619430542
417	719.44574	16.791004	741.2283	698.1144	658.0375	44.521904	719.0795	557.8917	1000.0	1000.0	1667999	72.00408	24.073093	99.43229	4.896715	-72.08009	0.6639191	31836.553366184235
418	522.8563	114.8873	654.7599	408.0432	737.71643	36.96532	793.2433	682.4842	1000.0	1000.0	1671999	72.01315	23.939596	99.5543	3.5889251	-72.08855	0.69244856	31913.9988758564
419	679.12506	33.16121	717.69006	626.3858	641.0856	62.915623	734.36	528.0255	1000.0	1000.0	1675999	71.95862	24.057352	99.34478	4.741167	-72.02945	0.6147937	31991.395529031754
420	597.2028	174.86206	704.85345	294.42242	752.0882	51.38069	831.35913	647.80054	1000.0	1000.0	1679999	71.75619	24.039265	99.049835	4.994293	-71.824814	0.6770256	32068.70118713379
421	733.7219	25.296732	767.3512	702.23254	599.65784	139.6999	779.8316	330.61227	1000.0	1000.0	1683999	71.7907	24.057522	98.940384	4.991061	-71.87168	0.63414866	32145.667148828506
422	693.30994	39.735718	735.8814	641.9728	745.2287	31.521431	803.62427	689.99286	1000.0	1000.0	1687999	71.85458	24.088276	99.56881	4.9920726	-71.937675	0.66913056	32222.646948575974
423	726.3937	36.320656	769.9928	680.28186	774.0495	65.5292	825.03156	589.6722	1000.0	1000.0	1691999	72.01159	24.068216	99.31775	4.9936433	-72.087814	0.65588313	32299.76302075386
424	762.36707	22.891684	801.0508	743.04755	535.16266	202.73686	766.0194	166.92043	1000.0	1000.0	1695999	72.01901	24.123638	99.37795	4.628707	-72.09005	0.6441182	32377.150579690933
425	737.98376	24.908192	767.3256	699.3378	610.7132	211.58632	804.85785	120.86345	1000.0	1000.0	1699999	72.1093	24.100954	99.47247	4.9760113	-72.18641	0.623103	32454.33816409111
426	619.7677	113.301704	765.2841	456.0684	627.313	188.42897	756.85065	135.48376	1000.0	1000.0	1703999	72.23172	24.184841	99.78314	4.439969	-72.30672	0.67901886	32531.629933834076
427	535.97394	121.90822	653.84424	361.50827	709.2386	24.91265	752.00775	674.2496	1000.0	1000.0	1707999	72.22457	24.205698	99.28327	-0.1597333	-72.302216	0.64296496	32608.755001306534
428	687.4218	39.466953	748.8232	644.8891	733.5466	66.719315	802.28674	614.0484	1000.0	1000.0	1711999	72.12854	24.322485	99.568825	4.9463468	-72.19891	0.62927854	32685.61651325226
429	582.48975	142.77966	680.74493	335.99466	701.80927	56.32799	771.52423	591.58496	1000.0	1000.0	1715999	72.092926	24.290785	99.40641	3.0701623	-72.163895	0.617145	32763.149310350418
430	733.3822	10.1694145	744.1119	721.749	690.4324	25.381983	737.0238	659.84	1000.0	1000.0	1719999	72.13193	24.250412	99.51956	3.4439497	-72.20843	0.6318399	32840.20400643349
431	707.0283	24.37348	746.3205	683.3265	733.46014	66.53142	798.7905	556.2543	1000.0	1000.0	1723999	72.11954	24.292711	99.7218	-1.3323259	-72.19568	0.6725769	32917.55773639679
432	658.09674	30.635952	691.41046	616.4379	702.3361	53.018986	764.9197	611.2342	1000.0	1000.0	1727999	72.20596	24.169905	99.450615	0.12686586	-72.28517	0.67297	32994.92553424835
433	720.1317	14.181211	732.60736	697.55115	699.6217	23.632992	738.3084	659.0554	1000.0	1000.0	1731999	72.26201	24.109179	99.58145	1.0012231	-72.34111	0.63982594	33072.08541727066
434	565.77466	225.7109	743.41754	178.34409	602.7489	204.98553	799.5525	189.01448	1000.0	1000.0	1735999	72.32649	23.887604	99.60133	2.910376	-72.40619	0.62431633	33148.95590019226
435	593.44495	141.24228	720.70734	378.7342	705.60315	40.843513	760.6519	608.17615	1000.0	1000.0	1739999	72.328354	23.786123	99.61492	4.958595	-72.40048	0.68701476	33226.55980324745
436	585.9113	122.57784	676.0801	376.08414	692.44476	98.9959	759.9921	400.462	1000.0	1000.0	1743999	72.2002	23.710583	99.74028	4.965001	-72.26898	0.6581885	33303.838646411896
437	549.30096	173.03796	727.0054	284.039	599.6591	195.62114	779.0533	158.57649	1000.0	1000.0	1747999	72.08115	23.668339	100.58973	4.98122	-72.15655	0.635313	33380.870545864105
438	695.4616	33.200607	721.7496	640.4444	719.98413	100.83861	820.19574	499.8866	1000.0	1000.0	1751999	72.17139	23.541168	99.56455	3.0722337	-72.24486	0.6239314	33457.66474056244
439	577.2109	178.3416	719.55493	272.06216	704.3607	45.637955	761.98956	598.9432	1000.0	1000.0	1755999	72.14779	23.546598	100.632706	-6.8101096	-72.22175	0.678272	33535.21499633789
440	689.06323	55.33879	762.8703	631.34686	743.8358	27.429031	784.78485	675.63	1000.0	1000.0	1759999	72.13418	23.613598	99.12594	-6.474036	-72.21133	0.64071864	33612.786259412766
441	647.828	173.29822	765.6578	349.38428	575.2982	244.32986	780.244	112.28895	1000.0	1000.0	1763999	72.20875	23.661669	100.08929	-3.6404939	-72.28776	0.6235029	33690.19907927513
442	709.8253	33.554066	758.3085	668.9342	686.668	117.84156	802.1065	415.42767	1000.0	1000.0	1767999	72.26649	23.757448	101.38488	-4.403263	-72.34385	0.6300321	33767.89131951332
443	714.5433	32.168568	761.77826	677.88715	653.35126	77.65525	741.81573	473.29782	1000.0	1000.0	1771999	72.24954	23.996006	100.68717	-2.6386147	-72.32639	0.66224366	33845.593368053436
444	698.91504	33.235275	744.02344	655.67957	538.0173	200.88501	742.21185	182.02586	1000.0	1000.0	1775999	72.26484	24.101748	101.124886	-4.701292	-72.343704	0.6678961	33922.829231739044
445	684.87854	44.386673	750.26996	634.304	449.44882	213.0293	733.80115	140.55077	1000.0	1000.0	1779999	72.34114	24.074507	101.01009	0.6034174	-72.41122	0.69544876	34000.29788017273
446	624.7453	129.86293	756.5221	416.96878	701.1864	144.61406	846.23755	375.03564	1000.0	1000.0	1783999	72.24209	24.007078	101.10954	-3.6858258	-72.31707	0.67755544	34077.568977594376
447	697.6637	53.499905	736.22687	605.66016	588.84064	166.59883	706.8747	224.91179	1000.0	1000.0	1787999	72.17964	24.032417	100.92871	-5.163881	-72.24993	0.71759546	34154.78053164482
448	669.15295	28.059036	704.32684	626.4248	682.49414	89.06905	766.12756	469.8087	1000.0	1000.0	1791999	72.11897	23.955572	100.31836	-4.9840336	-72.18917	0.6491726	34231.80092573166
449	603.04834	118.432434	702.45294	401.14474	540.7619	189.11714	732.08	197.37427	1000.0	1000.0	1795999	72.11164	23.847971	100.50411	-0.078743935	-72.18583	0.6831587	34308.94443798065
450	679.1089	68.476524	763.9915	573.3888	719.0605	28.817745	769.702	669.96564	1000.0	1000.0	1799999	72.06395	23.867031	100.7063	5.031316	-72.13855	0.6373361	34386.39574933052
451	478.9273	180.07991	708.7332	203.50461	721.9028	68.560295	797.57214	539.9553	1000.0	1000.0	1803999	72.06728	23.897703	100.89293	1.7323527	-72.14061	0.6395244	34463.696603536606
452	555.74854	145.2424	698.6921	316.50336	668.84607	72.939285	771.55774	540.79846	1000.0	1000.0	1807999	72.01123	24.077646	101.764465	4.821045	-72.08524	0.6567722	34541.045892715454
453	518.92975	152.87743	681.2148	307.38025	730.95087	30.941708	788.5465	686.72284	1000.0	1000.0	1811999	72.036316	24.120285	101.61246	4.7274923	-72.11106	0.6931922	34618.43876457214
454	706.44727	17.021198	728.6068	686.4938	665.55023	104.496124	734.34406	362.57022	1000.0	1000.0	1815999	72.05211	24.113863	101.44259	5.0295925	-72.13258	0.7269097	34695.428156375885
455	703.2102	24.039928	733.5856	668.183	709.84875	36.4186	752.9789	642.12683	1000.0	1000.0	1819999	72.050545	24.113436	101.869026	5.02354	-72.12473	0.633457	34773.20364665985
456	546.62756	175.01743	730.24866	307.239	672.0309	132.62953	811.4141	371.3736	1000.0	1000.0	1823999	72.03333	24.096697	101.118004	5.0211163	-72.10192	0.6487683	34850.77242255211
457	482.5249	183.75647	691.3635	275.15656	594.6288	169.49312	760.05334	217.62938	1000.0	1000.0	1827999	71.84823	24.242853	101.38937	5.0138	-71.91824	0.6656392	34928.33500671387
458	694.4447	47.63332	732.31824	612.889	690.98706	95.270966	776.2134	421.64502	1000.0	1000.0	1831999	71.84115	24.2495	103.53275	1.6156905	-71.914795	0.70366937	35005.80519771576
459	643.8107	92.82808	737.0048	505.15698	675.7788	96.201996	754.939	402.0788	1000.0	1000.0	1835999	71.92469	24.26368	101.05301	4.5671396	-72.00131	0.6170051	35083.049740314484
460	724.423	46.768555	791.91406	666.5112	784.58765	29.920313	837.19763	737.9294	1000.0	1000.0	1839999	72.08158	24.218508	100.70507	1.5560994	-72.16245	0.6387267	35160.13653540611
461	725.04	23.125406	753.0101	688.7743	677.9742	88.975426	798.4354	523.5246	1000.0	1000.0	1843999	72.23991	24.216057	101.25127	-1.5339069	-72.3128	0.65181434	35237.63183283806
462	607.411	135.15877	732.7883	381.01434	689.3298	126.440155	806.23395	332.10394	1000.0	1000.0	1847999	72.06424	24.236786	101.55793	2.6046247	-72.13654	0.6333619	35314.77985572815
463	428.19775	206.67549	651.0124	206.29518	714.45624	41.061058	776.53345	624.2884	1000.0	1000.0	1851999	71.909805	24.464191	101.54068	-6.826323	-71.98125	0.6608646	35392.00058865547
464	614.75134	50.371685	679.4302	539.12946	651.9907	100.78848	750.92377	433.35327	1000.0	1000.0	1855999	71.94666	24.404724	101.87975	-0.5008011	-72.01499	0.73433286	35469.39550614357
465	545.7453	169.25276	693.9162	264.14407	670.36743	141.89278	801.9381	285.16052	1000.0	1000.0	1859999	71.82567	24.436438	101.304276	-7.614459	-71.90178	0.6587814	35546.45754766464
466	718.4174	58.874805	776.6008	638.2538	648.2202	191.88805	788.48456	186.55617	1000.0	1000.0	1863999	71.862274	24.45465	101.844086	-1.1687741	-71.93638	0.75433385	35623.47360038757
467	751.20276	18.239859	782.4761	736.5573	671.9852	109.77511	740.37476	350.535	1000.0	1000.0	1867999	71.986534	24.388844	101.503555	3.2295282	-72.0673	0.7117208	35700.76302886009
468	750.3942	21.516815	773.3597	719.0866	772.78925	25.157543	825.9027	736.4589	1000.0	1000.0	1871999	71.94005	24.395506	101.598274	2.9821863	-72.01563	0.71957904	35778.16239666939
469	550.67084	285.39862	736.60315	58.096924	760.5343	10.6749	771.35626	733.7984	1000.0	1000.0	1875999	72.02136	24.42222	102.36639	3.9090462	-72.10139	0.78715855	35855.20338153839
470	551.6315	263.7031	742.11304	97.5187	707.06964	29.75838	737.65784	642.4683	1000.0	1000.0	1879999	72.05852	24.393234	101.29616	3.0538893	-72.134155	0.7372278	35932.10038089752
471	580.7783	193.77771	769.6361	270.68307	571.2942	213.05113	765.9366	60.91042	1000.0	1000.0	1883999	72.009	24.440413	101.68874	1.1211786	-72.084885	0.7019142	36009.31279182434
472	622.15497	174.89796	745.4405	321.05145	622.1838	158.87016	758.89374	245.0402	1000.0	1000.0	1887999	71.91158	24.592932	101.9241	0.11914921	-71.987625	0.72978276	36086.56027889252
473	529.60535	184.27687	669.3482	214.32265	771.9784	26.19855	809.46704	706.5664	1000.0	1000.0	1891999	72.02107	24.464409	101.41757	1.2377548	-72.09996	0.767429	36163.881981134415
474	586.6925	221.5631	752.8261	209.35103	728.45374	21.4269	757.05566	679.0062	1000.0	1000.0	1895999	72.19087	24.360209	101.540764	3.9548974	-72.26961	0.6735531	36241.164340019226
475	661.46924	117.60275	782.5933	469.1029	611.167	153.70381	802.2009	225.737	1000.0	1000.0	1899999	72.21433	24.415264	100.90989	3.6074169	-72.28882	0.69695354	36318.64815282822
476	590.55054	170.85812	714.14886	296.80127	721.72546	54.654163	812.363	623.2677	1000.0	1000.0	1903999	72.04777	24.578043	101.15557	2.5221682	-72.12686	0.71052635	36396.004959106445
477	726.0637	20.4826	748.7534	698.7509	628.44275	199.72708	776.15674	205.1813	1000.0	1000.0	1907999	72.11605	24.567457	101.34165	0.1870122	-72.19466	0.7415623	36472.96810412407
478	711.2042	48.92651	774.6619	648.80725	521.0213	246.5691	801.57837	84.87128	1000.0	1000.0	1911999	72.22204	24.51339	101.29174	-5.4220624	-72.29625	0.72752124	36549.82803273201
479	733.70935	7.7107034	745.1801	724.2821	683.3927	116.69299	834.3866	425.3127	1000.0	1000.0	1915999	72.20727	24.563364	101.88211	5.1204815	-72.28638	0.7408319	36627.1156976223
480	728.3144	17.055834	753.76483	705.8492	685.9159	155.97849	794.7591	327.68445	1000.0	1000.0	1919999	72.32378	24.47725	101.23713	2.7863054	-72.40418	0.7307757	36704.53076052666
481	622.1452	144.52562	723.81647	374.96918	785.851	40.113605	825.4181	710.5838	1000.0	1000.0	1923999	72.35977	24.346048	101.292175	2.335494	-72.43561	0.7088248	36782.03340792656
482	596.58264	153.11404	717.55176	334.06317	358.11737	244.70325	702.0779	61.683197	1000.0	1000.0	1927999	72.351875	24.416842	101.59721	-12.350879	-72.43406	0.72806716	36859.45985984802
483	621.83466	181.79851	741.0318	307.87167	671.8303	180.54887	794.13074	235.92339	1000.0	1000.0	1931999	72.47299	24.326418	101.98606	-4.349276	-72.55552	0.7541122	36936.49544811249
484	542.91345	277.93552	748.14935	66.77824	655.5061	216.21011	816.33673	24.990032	1000.0	1000.0	1935999	72.38242	24.405138	101.64244	-3.8863854	-72.464485	0.7811028	37013.50444149971
485	710.81885	45.073666	777.89496	653.44244	649.76855	93.80824	724.163	383.11545	1000.0	1000.0	1939999	72.37377	24.34993	101.36398	-3.8919444	-72.45303	0.7610925	37090.75750994682
486	699.62244	35.50481	747.37164	647.54645	626.985	222.47151	804.87	91.691345	1000.0	1000.0	1943999	72.25419	24.459402	101.05227	-11.250618	-72.33496	0.765696	37168.04599785805
487	697.6794	20.222073	730.1636	680.4332	672.4313	52.460648	745.4695	551.3131	1000.0	1000.0	1947999	72.3621	24.36471	100.94293	-12.612972	-72.44874	0.71088135	37245.189057826996
488	692.48596	25.646023	713.39575	650.3721	609.0037	230.00027	759.4252	40.430977	1000.0	1000.0	1951999	72.362686	24.296679	101.13914	-17.109486	-72.44207	0.7211482	37322.5800037384
489	694.74243	160.38153	837.41327	423.84265	680.99304	195.90213	819.4598	110.20887	1000.0	1000.0	1955999	72.452156	24.247463	101.43941	-23.652485	-72.53208	0.6989458	37399.81231689453
490	689.85876	33.87971	735.0	648.08777	699.48083	168.84602	820.6046	301.9697	1000.0	1000.0	1959999	72.35802	24.437717	101.9488	-10.65469	-72.43613	0.73415345	37476.750446558
491	727.45337	27.810745	771.6554	698.51746	736.80066	15.491881	757.2161	709.25244	1000.0	1000.0	1963999	72.40998	24.3661	101.81102	-18.630737	-72.488266	0.76027906	37554.03609108925
492	771.09424	33.47524	816.0276	721.60614	712.7035	203.2542	822.33826	112.87702	1000.0	1000.0	1967999	72.57839	24.174658	101.77585	-16.938974	-72.66225	0.74981546	37631.45242714882
493	672.6483	27.496925	700.2897	638.83813	661.58044	147.37181	793.6109	329.59714	1000.0	1000.0	1971999	72.6849	23.993282	101.63765	-26.11262	-72.762985	0.7341417	37708.81001830101
494	698.9045	23.479145	722.7668	661.1012	705.28485	23.446545	749.78406	670.08936	1000.0	1000.0	1975999	72.5839	23.937735	101.5111	-10.424976	-72.66197	0.7787791	37786.644621133804
495	698.8716	43.446804	739.46826	627.20074	791.8827	23.016178	829.469	761.711	1000.0	1000.0	1979999	72.66998	23.946598	101.59207	-21.994783	-72.752686	0.7165415	37864.058124542236
496	740.12683	27.689388	771.9498	700.4119	739.7135	38.105545	803.04865	672.20776	1000.0	1000.0	1983999	72.70358	24.009613	101.912766	-38.92811	-72.78596	0.7011594	37940.924174547195
497	751.8829	22.430902	778.3121	717.8507	706.2743	20.050022	736.93414	670.7428	1000.0	1000.0	1987999	72.69337	24.115002	102.03075	-32.336685	-72.77342	0.72103333	38018.28576493263
498	603.39355	166.8798	720.3351	315.20316	662.4142	96.93234	791.01215	497.933	1000.0	1000.0	1991999	72.82313	24.05192	102.33066	-38.558205	-72.90736	0.7285361	38096.034834861755
499	653.5311	87.310974	755.0736	515.40717	668.339	229.64662	854.51575	79.63223	1000.0	1000.0	1995999	72.80086	24.115948	106.19406	-39.8255	-72.87357	0.7384016	38173.68347167969
500	709.3519	24.860727	749.51086	681.419	645.72754	127.66312	822.1783	299.41626	1000.0	1000.0	1999999	72.72187	24.13862	102.10677	-24.387922	-72.80353	0.73134637	38251.02378606796
