Epoch	AverageEpRet	StdEpRet	MaxEpRet	MinEpRet	AverageTestEpRet	StdTestEpRet	MaxTestEpRet	MinTestEpRet	EpLen	TestEpLen	TotalEnvInteracts	AverageQVals	StdQVals	MaxQVals	MinQVals	LossPi	LossQ	Time
1	32.797516	2.3695037	35.670982	30.160088	39.971382	13.363923	48.83886	5.6897593	1000.0	1000.0	3999	0.4285027	0.37633803	3.162146	-2.5919404	-0.50491196	0.0052574226	53.49826002120972
2	29.713457	1.1716001	31.072886	27.956268	35.19117	18.683125	49.047188	4.357465	1000.0	1000.0	7999	4.7137327	2.6590636	15.22945	0.6243291	-5.174611	0.02903563	121.05355095863342
3	41.41384	9.356016	52.934288	31.846375	14.700468	20.221495	55.28575	3.6342053	1000.0	1000.0	11999	14.578376	3.9131842	23.0653	-1.1260574	-15.204605	0.080984846	189.56416702270508
4	51.706696	17.45291	81.175095	36.411247	36.745758	12.349432	49.348763	4.561426	1000.0	1000.0	15999	18.508554	1.6744457	24.547749	9.119205	-18.765633	0.07610222	257.5494472980499
5	37.384155	7.0382633	43.882202	25.60399	26.024832	17.28545	51.033566	4.6151624	1000.0	1000.0	19999	19.904228	1.6342655	28.808527	14.267806	-20.10295	0.045647725	324.15602016448975
6	33.585545	9.422169	45.748104	24.392939	24.936316	9.096401	42.315147	11.171343	1000.0	1000.0	23999	21.188412	2.3716664	32.64812	15.104593	-21.472977	0.050862692	393.10739612579346
7	56.675568	29.405193	101.32101	19.836836	139.41466	19.291447	172.27495	113.07562	1000.0	1000.0	27999	22.65137	2.701178	34.666634	16.581188	-22.903078	0.04761834	461.520446062088
8	64.50278	23.781807	103.63244	40.884796	100.94946	25.95643	128.50566	53.30497	1000.0	1000.0	31999	23.451893	2.8389223	33.360184	19.076931	-23.633877	0.042984847	529.4355101585388
9	108.39714	12.75062	127.698326	92.11404	97.62926	42.584255	144.20746	49.566483	1000.0	1000.0	35999	23.072403	2.7893476	32.326935	18.918407	-23.233118	0.046747208	598.1704442501068
10	122.98656	42.478016	158.23814	50.47601	156.86234	23.435818	178.018	111.70841	1000.0	1000.0	39999	22.29587	2.645277	31.899366	17.594177	-22.436596	0.042796876	665.8147597312927
11	166.6066	6.653382	174.5007	159.26512	156.81018	8.37084	168.10904	143.6514	1000.0	1000.0	43999	21.867952	2.2848845	33.67309	17.442865	-22.008547	0.051771957	738.3347814083099
12	157.93205	16.567701	175.59903	131.14066	160.90005	29.244413	197.8706	109.787415	1000.0	1000.0	47999	21.539915	2.5221596	40.07135	17.343315	-21.696547	0.063209854	807.5414574146271
13	143.30615	31.03495	175.34802	91.93368	141.00188	29.953814	168.978	81.07963	1000.0	1000.0	51999	22.115194	3.7476163	47.230713	17.089527	-22.309523	0.09982463	876.3490817546844
14	205.4968	36.940384	254.97786	153.28877	90.113174	18.96499	116.89593	65.68188	1000.0	1000.0	55999	23.30059	5.3002386	47.75305	17.099957	-23.508234	0.14591388	945.4789040088654
15	108.83238	65.17628	203.53069	20.941648	184.50632	62.586117	351.31982	131.58171	1000.0	1000.0	59999	25.617647	7.127357	56.81393	17.465405	-25.998503	0.30504963	1013.0203161239624
16	100.31641	49.622963	176.6914	41.03135	205.58118	101.44581	409.01096	100.22201	1000.0	1000.0	63999	32.687393	6.3202324	57.436977	19.42277	-33.302834	0.49720296	1083.2536413669586
17	149.7001	93.99042	255.58984	14.158456	81.87532	83.319405	234.88277	18.30476	1000.0	1000.0	67999	38.062607	4.27691	58.15249	24.11504	-38.53798	0.3486056	1155.790605545044
18	207.32744	121.16213	381.18674	64.89817	315.41116	167.72296	463.76126	10.352192	1000.0	1000.0	71999	39.141663	4.3151345	64.46414	30.357267	-39.409733	0.26838386	1227.6996974945068
19	342.3573	119.474	496.12628	218.62057	279.09515	231.22264	568.34326	14.313648	1000.0	1000.0	75999	40.885876	4.9492126	64.17139	31.746147	-41.421947	0.37328613	1300.5953044891357
20	328.31543	155.01222	465.1573	82.15932	281.86813	204.19348	543.8184	49.39441	1000.0	1000.0	79999	43.597866	4.5459294	64.97027	31.899384	-43.902615	0.32502136	1375.4167973995209
21	478.007	81.880974	576.9584	358.33548	526.1536	49.911175	582.1073	430.91162	1000.0	1000.0	83999	43.256424	6.497276	69.66665	32.412823	-43.569084	0.37577662	1450.1361985206604
22	578.2066	45.023014	630.49414	506.24652	627.05695	32.440945	676.8924	561.324	1000.0	1000.0	87999	45.50769	7.9585805	75.73852	31.32813	-45.965317	0.56528723	1522.8646492958069
23	670.8213	18.133633	689.7729	651.7011	795.35284	37.050888	852.25055	742.4004	1000.0	1000.0	91999	49.641254	8.3478155	77.199295	31.546926	-50.164173	0.6650579	1597.8936250209808
24	758.65344	88.54492	854.0496	641.0342	499.90543	173.50542	773.36035	253.19928	1000.0	1000.0	95999	54.18555	9.129155	83.069756	36.491283	-54.773777	0.7565814	1673.863798379898
25	586.01794	266.06702	862.3792	184.18309	572.73395	295.1776	796.99554	56.249428	1000.0	1000.0	99999	62.137154	7.925632	88.3953	40.44349	-62.92589	0.9316487	1749.8186519145966
26	641.53314	341.01627	862.5723	51.45455	470.79852	393.34875	897.73816	71.87471	1000.0	1000.0	103999	65.57597	8.197936	91.532364	45.38739	-66.01699	0.73108506	1826.6122817993164
27	678.4988	334.0832	896.0359	100.93065	834.02405	53.008415	884.6756	704.0779	1000.0	1000.0	107999	65.87933	11.686311	97.23086	46.97709	-66.33539	0.84035695	1901.6117131710052
28	728.99493	42.841484	796.0877	685.34375	768.44354	50.997204	824.3478	678.19965	1000.0	1000.0	111999	69.44209	12.879484	100.48568	45.600956	-70.13647	1.1694266	1978.3124041557312
29	633.58484	349.36725	852.59906	28.913263	565.6584	439.169	949.2398	27.606699	1000.0	1000.0	115999	76.25728	10.256913	100.17374	49.12851	-77.089905	1.1167799	2054.5423126220703
30	635.05994	348.6855	876.45074	32.837524	706.32556	194.75574	958.68066	428.5084	1000.0	1000.0	119999	79.54486	8.9542465	104.01897	56.13333	-79.990326	0.8689698	2132.3749418258667
31	851.4038	9.031652	859.0175	836.3586	885.90497	38.777428	930.6542	796.0383	1000.0	1000.0	123999	78.87506	12.311701	109.04164	54.791122	-79.38716	1.0220683	2208.03168964386
32	851.24347	71.00426	945.4296	745.35645	914.0129	29.445547	941.33636	843.0167	1000.0	1000.0	127999	82.18276	11.990633	108.42225	53.3758	-82.87541	1.0995327	2284.645538330078
33	859.38464	40.901108	894.0238	790.08496	911.35516	19.543148	936.4976	871.5503	1000.0	1000.0	131999	85.01378	10.923056	108.289764	52.39815	-85.585686	1.0489149	2365.4731590747833
34	920.8146	10.6192255	939.0339	913.4858	907.9943	44.600044	956.33905	804.11725	1000.0	1000.0	135999	85.81997	11.532478	108.65131	58.08283	-86.27184	0.8767954	2444.8829996585846
35	871.89825	35.77252	905.07983	815.4702	603.5836	395.94238	944.5898	17.823975	1000.0	1000.0	139999	86.58979	12.505196	108.29308	57.493027	-87.30366	0.9862825	2523.712265253067
36	751.4425	166.94487	911.57825	474.39508	915.1168	58.155323	966.55743	750.2798	1000.0	1000.0	143999	89.74795	9.865304	109.01663	61.058247	-90.191284	0.8168133	2604.902764558792
37	889.0836	6.0000076	895.1741	880.36664	922.17706	33.054787	960.5133	862.2919	1000.0	1000.0	147999	88.16393	12.347607	109.17711	62.264217	-88.64691	0.8729609	2684.2670278549194
38	897.78174	33.602917	955.008	870.07214	890.05945	32.18337	923.5432	814.1817	1000.0	1000.0	151999	90.04698	11.072944	109.1873	60.057636	-90.58364	1.0235506	2764.1660401821136
39	877.9628	48.822872	914.552	793.9324	850.9787	27.416082	891.84064	806.87445	1000.0	1000.0	155999	89.75058	11.529002	109.93296	56.32533	-90.165	0.82128555	2840.0392367839813
40	909.7757	35.74229	953.83374	874.49115	944.8956	13.093704	960.6384	921.9595	1000.0	1000.0	159999	89.91437	12.239098	111.704	47.61937	-90.44263	0.94892985	2917.286601305008
41	929.0416	12.855887	942.63416	908.08527	935.2959	35.44231	986.83765	847.1991	1000.0	1000.0	163999	91.41718	11.050353	112.52062	64.18777	-91.92492	0.8548559	3000.7955842018127
42	903.11	28.054344	936.04865	874.89484	900.3587	18.05561	932.43414	879.8698	1000.0	1000.0	167999	92.78413	9.856529	117.94591	51.386818	-93.29495	0.7787691	3081.1271181106567
43	913.6649	26.452656	946.95154	873.056	932.49854	12.610078	949.3766	906.62115	1000.0	1000.0	171999	93.01544	9.843513	108.4844	60.721664	-93.50188	0.7071301	3159.4135155677795
44	938.0012	25.976162	967.6841	896.7378	953.8789	22.462051	975.6371	895.07263	1000.0	1000.0	175999	93.37389	9.981611	109.56485	62.841278	-93.75556	0.6553137	3238.372822999954
45	939.0028	33.64695	965.30896	881.3247	953.5416	16.802542	982.1235	922.63196	1000.0	1000.0	179999	92.89205	11.098282	109.851456	65.2216	-93.35785	0.69201833	3317.092774629593
46	935.1886	44.10642	972.4531	864.20123	944.6576	21.337715	977.0489	915.297	1000.0	1000.0	183999	93.57994	10.598687	109.36975	56.840195	-94.0447	0.6895094	3393.974980354309
47	938.2467	22.622808	960.1328	904.1253	944.0008	27.219814	975.9589	891.4674	1000.0	1000.0	187999	94.49952	9.658376	109.21631	64.283966	-94.91515	0.6770009	3472.060917377472
48	951.60516	16.77515	975.83813	929.6445	923.44415	26.815302	969.36884	891.67053	1000.0	1000.0	191999	93.9325	10.666318	108.6787	62.963547	-94.32477	0.6397494	3549.408583879471
49	962.49615	12.053727	978.9253	946.3645	906.17413	26.669653	935.41516	841.4719	1000.0	1000.0	195999	94.33706	10.433959	110.169914	63.127445	-94.76388	0.6300177	3627.774624824524
50	950.64966	14.404054	972.829	934.20416	945.7806	12.9125805	965.50745	924.1381	1000.0	1000.0	199999	95.21318	9.451294	108.59089	65.24375	-95.675156	0.61910504	3704.098630428314
51	935.04407	16.919563	953.1388	908.6232	929.6776	21.972044	959.4351	884.6023	1000.0	1000.0	203999	95.1256	9.404996	109.64337	66.12597	-95.47149	0.56433916	3780.3646969795227
52	936.9429	9.7147875	944.8262	920.39	951.3843	18.067017	974.56586	912.55194	1000.0	1000.0	207999	95.24382	9.438496	108.427635	64.58867	-95.671486	0.58963877	3858.362020254135
53	936.7806	19.035044	957.8802	908.0111	941.34894	31.584728	971.9239	865.20197	1000.0	1000.0	211999	95.06724	9.711783	109.38138	66.94502	-95.42553	0.538	3936.361816883087
54	941.24445	19.487103	972.8648	924.4764	929.6312	41.507782	982.97986	833.69885	1000.0	1000.0	215999	95.05511	9.725067	108.388054	65.862976	-95.42861	0.5464323	4016.093152284622
55	931.9254	4.861429	939.69635	927.0993	936.8491	16.94507	959.3687	913.32153	1000.0	1000.0	219999	95.09816	9.577024	107.50119	66.40722	-95.45682	0.51361424	4092.0786468982697
56	938.6202	20.177795	953.3352	904.2563	931.1107	49.759415	981.9595	790.65735	1000.0	1000.0	223999	94.90262	9.811902	107.866486	66.88371	-95.25393	0.52155066	4167.740825176239
57	952.05347	22.73956	978.19745	915.5682	954.5226	18.799875	982.6143	927.9355	1000.0	1000.0	227999	95.1334	9.668921	109.95826	66.81534	-95.50099	0.51751	4243.6508412361145
58	933.14667	15.432435	949.85254	911.24445	946.2601	27.633562	985.4219	903.982	1000.0	1000.0	231999	95.11759	9.839757	109.33643	63.732082	-95.45176	0.5213136	4321.8953557014465
59	953.5918	11.889177	967.06177	936.6459	932.36523	37.292732	980.09296	848.0844	1000.0	1000.0	235999	95.21598	9.816657	108.88603	66.494644	-95.56508	0.50993305	4396.641199350357
60	915.1628	17.46984	934.0255	888.1075	907.43713	87.75977	969.66034	651.81805	1000.0	1000.0	239999	95.42152	9.674493	107.13466	64.55824	-95.79407	0.51790035	4471.351347923279
61	919.3334	18.433678	945.284	897.8721	943.05725	58.390846	979.71106	771.58496	1000.0	1000.0	243999	95.31305	9.801043	108.549446	65.70013	-95.6105	0.49113473	4547.791509389877
62	943.03906	9.253076	954.7174	929.6582	946.62146	28.5601	977.9535	869.03033	1000.0	1000.0	247999	94.84543	10.48439	108.84275	62.175266	-95.140236	0.50355285	4625.521270036697
63	944.71204	22.65697	981.117	922.2472	946.14276	27.774862	987.03876	892.53564	1000.0	1000.0	251999	94.92404	10.342122	107.36031	65.332504	-95.269455	0.5039627	4701.9274559021
64	950.28143	30.998455	983.29535	904.43036	934.6634	26.596516	980.64636	888.93896	1000.0	1000.0	255999	95.37847	9.7154665	106.91362	62.921085	-95.70421	0.4894293	4779.014832496643
65	939.4598	11.396689	952.9804	921.63	944.3739	19.6335	969.1374	906.7641	1000.0	1000.0	259999	95.40087	9.704807	106.26553	64.622955	-95.715904	0.4624505	4854.480300188065
66	964.0526	10.108902	977.1565	952.6122	945.80164	28.598845	982.02997	872.35474	1000.0	1000.0	263999	95.44029	9.712677	106.165665	63.91249	-95.7466	0.4464911	4930.873132228851
67	944.3341	21.018166	964.6736	909.7373	949.089	29.878012	984.93164	873.4252	1000.0	1000.0	267999	95.48649	9.496154	107.45329	64.758026	-95.77271	0.4248703	5006.545748233795
68	950.70746	13.347239	967.3541	931.9869	942.2106	30.369566	970.1225	868.96643	1000.0	1000.0	271999	95.27143	9.925654	106.40345	61.793076	-95.574234	0.4302817	5082.004745006561
69	947.9787	18.75355	962.7816	916.85333	945.9788	15.087891	969.1473	914.67633	1000.0	1000.0	275999	95.53282	9.531035	106.93141	62.6104	-95.84445	0.43482172	5157.568040132523
70	941.4057	17.943102	971.97363	926.60864	956.93066	11.150036	981.14136	941.68286	1000.0	1000.0	279999	95.79949	9.110372	105.743935	63.506516	-96.0931	0.4266836	5232.72306895256
71	943.359	10.779758	956.00287	926.88293	916.54016	34.933407	955.6967	833.77094	1000.0	1000.0	283999	95.7693	9.173235	106.343994	64.87307	-96.05751	0.40126252	5312.624205827713
72	962.7765	7.6552634	970.51556	950.0473	940.6794	34.03935	973.686	860.4671	1000.0	1000.0	287999	95.43499	9.663489	106.12833	63.917435	-95.6888	0.38947183	5387.221841096878
73	932.6217	17.35357	958.6516	915.9282	937.9785	23.958935	978.96295	910.16254	1000.0	1000.0	291999	95.26901	10.022295	105.99557	63.72293	-95.55408	0.40527266	5461.18975019455
74	949.07635	20.808222	971.41016	915.1277	959.4284	16.20808	990.1759	936.0075	1000.0	1000.0	295999	95.83559	9.109574	105.84681	63.750637	-96.134735	0.38534066	5537.283987045288
75	951.61096	13.378144	964.4791	930.01135	952.4551	20.68136	985.77136	911.5267	1000.0	1000.0	299999	96.05081	8.818052	106.37243	64.138855	-96.325584	0.37928993	5613.212917089462
76	951.2667	12.698264	967.4301	937.952	966.83984	21.582237	985.2361	919.82947	1000.0	1000.0	303999	95.80799	9.076303	106.18995	65.01366	-96.08233	0.3781142	5689.038901805878
77	951.0792	13.014658	971.2456	935.7848	923.43176	35.60304	974.584	861.6669	1000.0	1000.0	307999	95.97073	8.780043	105.57067	63.76909	-96.23552	0.37643883	5764.369544029236
78	966.7857	16.063143	984.66	943.17596	933.1037	30.766052	976.8325	875.75476	1000.0	1000.0	311999	95.91331	8.938387	106.03039	57.90316	-96.16	0.37148866	5839.747258424759
79	960.8756	11.228174	973.45557	947.57245	952.21387	28.026108	983.02924	888.1808	1000.0	1000.0	315999	95.64217	9.403552	106.81388	57.641235	-95.89901	0.38882393	5916.041513204575
80	962.3605	17.820892	982.9046	943.4355	952.9967	16.942919	976.9241	917.78375	1000.0	1000.0	319999	95.78786	9.26926	104.73614	62.431244	-96.05186	0.3852976	5991.505888462067
81	951.7253	20.339867	981.3147	928.2729	921.2752	26.688627	962.1945	878.68256	1000.0	1000.0	323999	96.10154	8.876292	104.95906	62.639435	-96.35855	0.37408412	6067.155088663101
82	949.0878	14.586231	972.89886	933.77765	954.54913	19.22559	982.94165	913.11536	1000.0	1000.0	327999	95.9787	9.092112	105.57248	62.55511	-96.228	0.37175238	6144.453313589096
83	972.4142	16.098452	987.69525	948.1465	936.09375	32.61075	981.358	872.79474	1000.0	1000.0	331999	96.1256	8.7685	105.36306	64.55629	-96.38506	0.35650793	6221.691690921783
84	964.9005	13.805148	983.5916	949.0838	960.0369	15.885249	981.58936	926.77673	1000.0	1000.0	335999	96.25357	8.6438675	105.465454	62.60423	-96.49412	0.35234734	6296.614854812622
85	942.8548	21.590294	969.5829	911.8679	943.27734	17.033325	976.5267	912.9138	1000.0	1000.0	339999	96.1503	8.785524	105.69118	62.199844	-96.383934	0.36742485	6370.695655107498
86	941.26306	18.270662	970.76685	921.6704	954.4904	16.590952	979.31635	929.24475	1000.0	1000.0	343999	95.97701	9.089786	104.870674	63.139957	-96.2102	0.35874826	6444.667010545731
87	963.0428	9.266832	975.5828	950.6922	959.9002	17.770666	992.0333	933.6535	1000.0	1000.0	347999	96.05811	8.969842	105.05555	55.419964	-96.300285	0.3661934	6520.03499007225
88	965.40576	14.881212	980.8902	945.3132	953.61456	23.411924	979.24896	905.1314	1000.0	1000.0	351999	96.06683	8.900609	105.47111	60.586433	-96.28846	0.36704057	6596.198518276215
89	947.08276	16.341402	971.389	930.2967	964.1847	17.14121	982.80273	935.42505	1000.0	1000.0	355999	95.92438	9.158197	104.37982	62.62843	-96.151276	0.35867992	6671.941728591919
90	945.04663	29.821009	982.4514	899.8598	968.61536	12.893819	988.38873	945.53375	1000.0	1000.0	359999	95.80949	9.373947	106.122765	63.23643	-96.03425	0.37012744	6747.487175703049
91	956.80176	21.072554	980.26	923.6048	957.61066	20.365957	991.4748	923.2808	1000.0	1000.0	363999	96.03866	9.086085	105.35635	59.28781	-96.27343	0.36739987	6822.873979330063
92	967.55853	8.389522	976.48975	954.33624	949.4969	27.991333	984.4852	889.98926	1000.0	1000.0	367999	96.21966	8.919609	104.56468	52.561264	-96.45596	0.3682418	6898.492452383041
93	952.079	19.186165	977.0313	924.6939	941.9541	30.97685	976.88367	879.8753	1000.0	1000.0	371999	96.23423	8.933298	105.02843	59.284843	-96.437294	0.3504845	6974.093083620071
94	943.71893	18.75941	972.22766	923.9031	957.19104	19.336456	984.50885	908.3485	1000.0	1000.0	375999	95.96643	9.553089	105.44431	63.133698	-96.18615	0.36105773	7056.323864936829
95	951.6246	22.32784	978.05664	916.41895	969.8372	14.722999	990.429	944.2308	1000.0	1000.0	379999	96.33655	8.978183	105.21919	54.89225	-96.56914	0.3833335	7131.891842842102
96	962.6771	4.666178	968.50616	956.4535	956.19305	15.140771	983.0989	926.57526	1000.0	1000.0	383999	96.26845	9.172333	104.56964	56.30452	-96.4775	0.36378047	7207.409195899963
97	950.6938	11.93324	966.5593	937.83234	958.7682	18.922302	982.7087	920.4223	1000.0	1000.0	387999	96.40498	9.0089855	104.772224	57.52084	-96.621765	0.38286483	7282.266157865524
98	933.13873	53.332993	988.65137	853.2553	902.46564	35.490364	957.9306	849.9918	1000.0	1000.0	391999	96.35239	9.234382	105.03005	57.908195	-96.564125	0.37390205	7356.388135671616
99	936.39795	8.13763	949.5147	928.61743	938.3434	48.82825	992.13043	825.03217	1000.0	1000.0	395999	96.42294	9.1768675	105.677124	62.330887	-96.634285	0.39200243	7431.007326126099
100	939.6949	18.945005	959.43365	914.6718	949.1361	18.203995	981.1499	913.2659	1000.0	1000.0	399999	96.25712	9.547123	105.61126	60.60531	-96.45046	0.37966633	7507.241809844971
101	945.00464	9.434682	959.2384	934.5197	928.5929	35.520412	963.27783	853.70483	1000.0	1000.0	403999	96.31648	9.515435	104.40197	60.09798	-96.53361	0.39882168	7585.839728116989
102	969.27234	23.035437	988.05756	930.7344	873.0734	286.93314	987.5307	13.771392	1000.0	1000.0	407999	96.30502	9.501587	105.56942	62.000725	-96.49225	0.37431586	7661.9460208415985
103	948.4761	9.345936	960.57776	934.56696	950.401	18.571665	984.8584	920.9659	1000.0	1000.0	411999	96.19601	9.567579	104.641335	61.73923	-96.39833	0.3767169	7737.777428627014
104	970.0909	14.491622	986.35205	947.22784	952.88947	33.984356	990.19	887.871	1000.0	1000.0	415999	96.32135	9.265824	104.80987	62.33854	-96.53335	0.37221357	7815.748747110367
105	971.9442	16.035097	986.8477	947.9149	947.9211	24.07518	985.5539	916.548	1000.0	1000.0	419999	96.4614	8.877551	104.66851	61.91798	-96.66259	0.37498322	7893.133535385132
106	968.52374	4.755523	975.2845	961.8364	944.83496	22.978758	971.6642	903.9276	1000.0	1000.0	423999	96.54728	8.80742	105.02994	59.932365	-96.74609	0.34481236	7971.671960115433
107	954.5792	18.001879	977.7796	933.8644	952.74023	31.839727	982.7369	881.89026	1000.0	1000.0	427999	96.57007	8.919915	106.65601	61.49166	-96.76853	0.3547315	8047.3390283584595
108	963.4027	10.800342	975.10406	950.46027	936.5412	36.849445	985.0223	873.93054	1000.0	1000.0	431999	96.6818	8.701778	104.32022	61.445633	-96.88075	0.35602486	8124.820122003555
109	964.2803	23.722355	988.5956	937.9547	960.77966	18.835953	986.7976	923.2362	1000.0	1000.0	435999	96.63465	8.843067	105.49674	62.306686	-96.82054	0.34216526	8200.434767723083
110	965.54724	15.165537	983.7586	941.8295	960.6256	29.96748	989.54486	880.43933	1000.0	1000.0	439999	96.57469	9.213286	104.6343	62.311623	-96.76071	0.3558388	8276.939087629318
111	966.34314	17.6288	987.30304	940.36536	951.21497	21.249924	975.1003	903.8827	1000.0	1000.0	443999	96.54987	9.522567	106.28847	61.97396	-96.744385	0.35268116	8352.98832654953
112	958.7485	4.763851	964.1384	953.8546	969.9098	14.543384	988.5709	936.1656	1000.0	1000.0	447999	96.81113	8.968191	106.260765	60.90604	-97.01275	0.35887292	8429.278421163559
113	939.2898	22.86608	961.0638	904.80255	959.7713	20.985123	987.9039	919.3744	1000.0	1000.0	451999	96.78445	9.011339	105.42445	59.322083	-96.95991	0.3635052	8505.804447889328
114	932.7815	33.838318	974.61926	880.20483	954.9512	25.838078	978.95636	901.7051	1000.0	1000.0	455999	96.76324	9.065082	104.06316	60.89483	-96.95539	0.35581347	8584.325397729874
115	942.97253	19.513973	975.3439	924.6793	910.86346	54.95151	962.56323	788.2236	1000.0	1000.0	459999	97.33997	8.174604	116.21952	56.56032	-97.59746	0.5021342	8662.44924378395
116	944.87805	32.096817	973.9493	893.1958	585.24005	458.17358	970.1436	23.805964	1000.0	1000.0	463999	98.64553	6.082357	111.3204	58.80632	-98.854576	0.51145256	8738.620151996613
117	280.3246	396.5862	966.52576	28.652687	694.02075	355.38684	986.0208	72.14864	1000.0	1000.0	467999	97.57867	7.636891	104.53262	61.196564	-97.70092	0.38504767	8814.608545541763
118	967.15784	1.9552343	969.54584	964.12213	960.3576	18.228846	989.84766	917.4898	1000.0	1000.0	471999	96.30194	9.985897	104.46587	58.532303	-96.43048	0.3920075	8897.908480644226
119	946.5261	15.900172	972.563	930.1476	948.07587	18.549875	975.1628	916.6797	1000.0	1000.0	475999	96.32576	10.010622	104.48205	59.4212	-96.559685	0.49172896	8981.256160974503
120	931.641	29.001534	962.6625	888.40485	923.65027	54.871685	977.27295	790.1534	1000.0	1000.0	479999	97.13286	8.139442	105.09641	59.572388	-97.31296	0.44887218	9058.701545715332
121	925.9646	34.527164	981.47473	888.36896	940.3787	18.11868	962.35236	897.7158	1000.0	1000.0	483999	96.41312	9.577505	104.79367	57.77396	-96.57084	0.3917018	9136.19258761406
122	934.5859	32.013065	981.1111	902.63934	749.09644	367.89886	953.5077	14.380003	1000.0	1000.0	487999	96.49491	9.422316	104.28141	58.32242	-96.68193	0.39887118	9211.395632266998
123	922.85187	28.967806	953.205	885.11536	963.2791	23.063646	989.3041	903.71814	1000.0	1000.0	491999	96.41638	9.410994	104.54676	60.15972	-96.575516	0.36861703	9285.818088531494
124	966.729	10.9898815	981.0362	950.194	938.9261	26.159063	986.2519	899.52686	1000.0	1000.0	495999	96.32574	9.68135	103.978424	59.591377	-96.503944	0.36171997	9360.128069639206
125	965.1024	10.758766	973.15515	946.6164	962.22656	24.216953	989.23975	920.55273	1000.0	1000.0	499999	96.55571	9.355167	103.92711	57.29307	-96.74083	0.36608177	9435.767095327377
126	941.147	23.711285	977.57544	913.9608	944.33624	16.72741	973.31067	919.17773	1000.0	1000.0	503999	96.70058	9.052214	103.99709	57.5775	-96.8723	0.3540555	9514.869026899338
127	957.882	8.491989	972.4688	951.36096	937.5833	26.57715	987.5947	903.0768	1000.0	1000.0	507999	96.81681	8.756641	104.535355	59.09908	-97.00841	0.39015344	9590.682683229446
128	968.06213	11.962212	985.9635	952.2712	917.35535	23.619967	956.4334	880.48914	1000.0	1000.0	511999	96.79337	8.767108	103.95979	58.676785	-96.92972	0.37606457	9666.600755929947
129	890.92773	125.58778	977.4587	674.16907	957.3039	17.391909	979.52893	933.5942	1000.0	1000.0	515999	96.1893	10.111528	105.220146	57.490757	-96.339096	0.39581373	9743.95487499237
130	948.89197	19.341154	969.7582	920.9839	951.38055	14.822874	969.1029	918.40405	1000.0	1000.0	519999	96.37703	9.731519	104.95716	57.43595	-96.57535	0.43646282	9820.073590278625
131	933.8572	13.556122	947.8282	917.5278	975.3582	10.226323	984.18097	947.2354	1000.0	1000.0	523999	97.02999	8.209635	104.017456	59.936657	-97.20939	0.40124127	9897.825855970383
132	966.95404	24.919226	989.5412	925.67285	967.04034	11.186514	981.5193	949.5505	1000.0	1000.0	527999	96.65345	8.957507	105.00967	58.059917	-96.78714	0.3445905	9974.231229305267
133	936.79224	17.636263	963.76776	914.55505	951.3849	25.356752	981.78107	889.28424	1000.0	1000.0	531999	96.58089	9.24972	104.294	59.333782	-96.7753	0.38023964	10052.110716581345
134	936.92804	3.1722796	941.09894	932.1804	953.025	29.220911	987.42456	892.6301	1000.0	1000.0	535999	96.79417	8.835238	105.53894	58.006313	-96.93503	0.3462359	10130.170131444931
135	948.0082	31.764883	978.6469	895.1776	943.32825	17.595434	966.8649	908.7408	1000.0	1000.0	539999	97.05829	8.311672	104.44987	59.11716	-97.262314	0.3758078	10207.927860736847
136	961.096	27.67984	985.91125	914.3279	953.89813	14.667788	979.8556	927.44824	1000.0	1000.0	543999	96.8464	8.642903	105.15019	60.39889	-96.96862	0.32102102	10284.807839632034
137	955.1518	15.007117	967.7947	929.66895	959.9774	18.138971	985.33875	930.8004	1000.0	1000.0	547999	96.82049	8.699518	104.32261	58.718925	-96.99848	0.353937	10362.336873531342
138	957.35266	27.722385	978.5171	910.116	960.35266	20.348076	987.55286	911.0222	1000.0	1000.0	551999	96.93286	8.362058	104.066376	59.36589	-97.09434	0.3357393	10439.684663295746
139	955.1831	16.56862	978.3073	931.4796	945.2956	18.443975	973.8209	902.95557	1000.0	1000.0	555999	97.16085	7.8966827	104.20115	61.01935	-97.33272	0.32190883	10517.4236702919
140	961.25195	31.375654	988.4772	910.07587	956.7074	26.395647	985.33685	887.4332	1000.0	1000.0	559999	97.27769	7.5867276	103.67605	61.301594	-97.4344	0.29847658	10595.19689488411
141	948.52466	26.446259	981.1781	913.9332	967.1486	21.90191	987.8438	914.25183	1000.0	1000.0	563999	97.05592	8.049798	103.54589	60.679737	-97.20201	0.34313115	10671.350510597229
142	969.2903	20.091217	989.4008	937.82056	961.8122	15.670003	987.3546	937.3521	1000.0	1000.0	567999	96.89976	8.38018	103.771904	59.923344	-97.05007	0.3329325	10747.851650953293
143	960.46606	15.478789	979.54364	942.61707	969.68713	16.582787	984.92084	935.6235	1000.0	1000.0	571999	96.94418	8.375142	103.48017	60.96204	-97.11725	0.3462612	10823.917876005173
144	926.70404	17.923332	948.9665	908.1518	954.4123	11.562813	980.6324	938.91235	1000.0	1000.0	575999	97.26395	7.780522	103.90859	60.273384	-97.41688	0.325829	10899.98876786232
145	970.34326	6.178951	980.9186	965.30817	970.848	15.79922	985.981	934.3918	1000.0	1000.0	579999	97.33892	7.698582	103.60376	60.481907	-97.500114	0.30868083	10976.841628551483
146	958.8135	8.286131	970.7631	948.99	957.35077	15.5192585	988.0217	936.9374	1000.0	1000.0	583999	97.3539	7.6845446	104.08827	62.03679	-97.50873	0.2972004	11053.110163450241
147	948.6192	27.669342	973.78174	906.8769	969.52423	14.537209	991.17883	951.5396	1000.0	1000.0	587999	97.13119	8.214601	103.34061	61.398483	-97.264336	0.30012214	11128.263038873672
148	959.4789	13.709661	972.98285	940.96326	965.4393	24.246798	994.23376	923.1546	1000.0	1000.0	591999	97.08677	8.338396	105.05867	60.5291	-97.24228	0.31519243	11202.912053346634
149	971.6806	9.730202	982.5077	955.91254	961.70166	17.05105	986.9578	925.28485	1000.0	1000.0	595999	97.25856	8.011946	105.231964	60.45191	-97.41788	0.30242574	11278.48160123825
150	937.7361	27.842735	974.6835	903.12	959.4626	10.459049	980.7467	946.4018	1000.0	1000.0	599999	97.27128	8.2071905	104.722115	60.63577	-97.42115	0.29631588	11355.074576377869
151	977.69794	17.373446	990.088	947.7155	970.12854	6.921942	978.29517	957.02637	1000.0	1000.0	603999	97.35032	8.0787735	104.019714	61.492508	-97.49971	0.3003258	11432.385321378708
152	964.10724	22.614883	989.201	927.69775	967.3375	14.878939	988.41016	937.38336	1000.0	1000.0	607999	97.24754	8.360748	103.66936	61.0893	-97.3967	0.313048	11508.758451223373
153	953.0391	18.86498	972.96924	924.9329	968.50696	17.227308	988.5357	930.597	1000.0	1000.0	611999	97.32796	8.15568	103.790985	60.073906	-97.479965	0.31415075	11586.25443148613
154	966.14294	27.489822	987.6804	920.0518	962.4053	20.409431	987.6685	925.3774	1000.0	1000.0	615999	97.26768	8.25984	103.393364	58.425705	-97.39993	0.2995647	11664.992858171463
155	968.85126	6.5794387	974.99524	957.75696	942.91864	25.059622	976.72174	894.51624	1000.0	1000.0	619999	97.2237	8.260404	104.39346	58.96947	-97.375175	0.31667936	11746.265691757202
156	944.53625	24.458809	964.791	903.3715	964.904	10.166971	983.5092	950.91724	1000.0	1000.0	623999	97.36197	7.82878	104.988716	60.025013	-97.505936	0.3084325	11822.885977983475
157	968.6356	6.157049	978.33527	962.89417	969.86316	18.563797	991.33826	942.25116	1000.0	1000.0	627999	97.1536	8.177016	103.39974	60.492424	-97.281586	0.30820698	11899.246404886246
158	962.4337	5.5550876	970.97406	957.08356	955.412	22.022509	984.47974	910.1379	1000.0	1000.0	631999	97.09361	8.295218	103.916275	59.094753	-97.24394	0.31787178	11975.124313116074
159	952.39087	15.423183	972.35126	932.8917	940.6131	15.982915	964.83276	917.9811	1000.0	1000.0	635999	97.17497	8.201171	103.507416	58.929745	-97.311615	0.2967687	12050.418744564056
160	950.5873	21.585367	986.24445	928.3487	952.3109	19.086199	978.9282	924.6694	1000.0	1000.0	639999	97.15534	8.379211	104.17975	60.36925	-97.29231	0.31836012	12131.064400434494
161	954.27783	25.613173	974.30493	910.3322	955.996	18.941832	984.1111	924.17474	1000.0	1000.0	643999	97.17469	8.204906	103.09016	56.4012	-97.31957	0.30237952	12208.488447904587
162	947.9219	17.035572	973.30115	927.8746	966.23206	13.716602	983.12024	947.7705	1000.0	1000.0	647999	97.32021	7.673228	103.919205	60.873787	-97.4648	0.30112538	12285.667985916138
163	963.5193	15.821391	983.46857	947.25323	964.8065	17.131922	983.9748	937.4786	1000.0	1000.0	651999	97.26218	7.87591	104.78809	61.5559	-97.394295	0.29549584	12364.191200017929
164	962.55945	9.061118	970.17194	947.1556	963.81915	18.2081	988.7054	938.28375	1000.0	1000.0	655999	97.14043	8.254159	103.66789	60.81887	-97.28314	0.2940555	12440.50501704216
165	961.7977	16.066355	983.88513	940.6662	953.0802	18.061382	987.33765	913.64343	1000.0	1000.0	659999	97.31505	7.833993	103.43008	61.843178	-97.44709	0.29231837	12520.564796447754
166	951.94653	27.464132	982.91656	910.2567	947.4435	29.488335	981.6471	893.5555	1000.0	1000.0	663999	97.35575	7.73421	104.090775	62.307564	-97.49975	0.29731232	12598.19837975502
167	970.6869	4.1286855	976.7053	965.44275	952.94885	24.49663	986.65027	910.0115	1000.0	1000.0	667999	97.33058	7.807694	103.62608	62.745575	-97.46416	0.28020236	12674.931384801865
168	951.5486	31.754745	988.6465	904.9926	951.48895	12.822159	966.91785	932.76	1000.0	1000.0	671999	97.32764	7.846358	102.913826	61.501217	-97.460106	0.2739428	12752.285453081131
169	944.15875	24.702274	978.5812	909.6213	971.9442	11.852394	984.8987	946.4183	1000.0	1000.0	675999	97.3388	7.8053718	103.95655	58.630356	-97.481865	0.28870285	12830.578866958618
170	968.0286	12.464092	982.5	948.2308	959.7121	18.258879	988.41565	927.84485	1000.0	1000.0	679999	97.17435	8.191433	104.18903	61.14665	-97.28075	0.29044878	12911.474354982376
171	965.88605	17.09976	990.6826	942.4169	957.5006	22.068802	988.0234	915.2517	1000.0	1000.0	683999	97.16903	8.2767935	102.98393	60.407093	-97.31614	0.30491877	12989.067940711975
172	960.39325	8.7972975	967.43933	945.40564	970.7327	14.480435	989.4333	934.76807	1000.0	1000.0	687999	97.23908	8.25918	105.83952	59.164886	-97.36949	0.29568785	13064.801944494247
173	965.6808	17.957338	988.0523	937.93585	953.626	13.734135	981.95654	933.82214	1000.0	1000.0	691999	97.45732	7.7531276	103.287575	60.50769	-97.60536	0.29095513	13143.147620916367
174	945.792	10.549764	956.9531	930.3175	950.5194	18.529663	990.56415	924.3445	1000.0	1000.0	695999	97.58363	7.3945074	103.56835	60.115307	-97.716156	0.28246105	13223.479634284973
175	946.44104	23.89478	968.64276	909.36523	959.8314	18.905844	982.343	923.72925	1000.0	1000.0	699999	97.64673	7.254719	103.57881	59.42067	-97.781006	0.29125044	13300.975183725357
176	971.0229	5.4339743	977.3129	963.1503	955.0109	22.513699	984.31415	915.21674	1000.0	1000.0	703999	97.40327	7.8950295	103.80247	61.454403	-97.52872	0.28240594	13378.416074752808
177	972.8114	18.266098	989.86346	942.3004	952.9365	19.46155	980.86273	914.4516	1000.0	1000.0	707999	97.34311	7.958164	103.42164	59.399826	-97.46028	0.28788918	13457.091500997543
178	962.06934	11.370253	976.62146	945.21277	963.39294	16.27704	988.201	929.97723	1000.0	1000.0	711999	97.38569	7.762793	103.74296	59.553867	-97.51777	0.29382384	13538.12071466446
179	965.4841	11.194339	978.9897	954.4112	945.54474	19.028656	970.236	908.40594	1000.0	1000.0	715999	97.40331	7.6194634	103.379196	59.823963	-97.53919	0.2760999	13616.882549524307
180	965.984	7.899596	975.7726	957.8551	967.2915	15.3920355	986.68	942.15674	1000.0	1000.0	719999	97.49128	7.391266	102.91848	60.78507	-97.62672	0.27967998	13697.420763015747
181	969.7977	8.952724	982.8639	958.2253	963.4331	30.052652	986.4993	881.10455	1000.0	1000.0	723999	97.52107	7.2263823	103.07176	62.091843	-97.63101	0.2573099	13774.708463668823
182	721.14264	410.0172	982.4283	11.534537	954.8374	21.817753	982.81274	910.48285	1000.0	1000.0	727999	97.33829	7.7012343	102.95327	63.73569	-97.44786	0.28566027	13851.386038064957
183	948.6884	22.365973	983.69116	925.7213	951.6426	19.739305	984.49915	918.25574	1000.0	1000.0	731999	97.08352	8.5112505	107.72759	60.95778	-97.222885	0.32241395	13928.79418182373
184	967.8582	31.801008	987.6762	912.82007	968.6998	16.7214	988.59375	940.53827	1000.0	1000.0	735999	97.05215	8.524427	105.86237	58.467415	-97.14598	0.2994814	14004.132390737534
185	965.3301	20.320478	993.44714	937.1982	960.59344	28.083408	991.64526	890.0933	1000.0	1000.0	739999	96.99021	8.563158	103.532486	57.767525	-97.13052	0.32331935	14081.890677452087
186	952.76953	28.882181	983.5126	910.3374	964.44464	18.290012	991.15173	924.2196	1000.0	1000.0	743999	97.25986	7.815019	102.82281	61.243004	-97.3867	0.2931869	14159.491164445877
187	955.1756	17.511047	970.39075	926.10956	951.84265	20.38304	985.56726	915.62524	1000.0	1000.0	747999	97.46259	7.359473	103.5741	61.69508	-97.58601	0.29418758	14236.309399604797
188	958.8442	31.169397	984.957	907.7453	964.87537	13.266095	985.1245	942.01215	1000.0	1000.0	751999	97.23021	7.966803	103.12981	60.910717	-97.348434	0.27746484	14312.626679420471
189	972.70496	14.789581	989.14825	954.06	958.44354	15.134201	973.25824	924.92914	1000.0	1000.0	755999	97.36534	7.5858107	103.94574	61.14448	-97.49654	0.2804746	14389.128588914871
190	976.4255	17.919794	988.5502	945.51245	960.85706	19.706173	988.6762	920.5866	1000.0	1000.0	759999	97.56705	6.984172	103.58928	56.483376	-97.6934	0.27399027	14466.412749052048
191	946.96826	23.84458	976.77234	912.31757	955.6527	17.391964	979.9585	920.85815	1000.0	1000.0	763999	97.51329	7.1233706	102.64801	59.994503	-97.62659	0.2722172	14548.134282588959
192	953.0727	19.578312	975.2998	925.61615	954.19025	16.96725	973.8902	914.8068	1000.0	1000.0	767999	97.52156	7.1236715	102.72023	60.888454	-97.65447	0.290648	14624.671217679977
193	972.3649	4.162567	978.6316	967.2763	962.9691	16.307728	981.62537	922.9032	1000.0	1000.0	771999	97.56557	7.0849543	102.68609	60.15855	-97.6709	0.27126172	14701.291950464249
194	978.50903	13.0047	988.4555	956.1461	956.4337	23.205248	986.38806	908.6371	1000.0	1000.0	775999	97.33225	7.6863832	102.7499	60.115196	-97.44775	0.29466107	14777.768387556076
195	970.35364	9.39962	982.21606	960.7634	964.75	17.856258	985.97394	925.0875	1000.0	1000.0	779999	97.39829	7.481258	103.91217	60.229424	-97.51972	0.28573996	14853.773150920868
196	957.73804	15.561083	982.6586	943.3605	941.68164	17.484016	968.47546	918.6103	1000.0	1000.0	783999	97.36952	7.528569	102.73409	58.40537	-97.47902	0.26875728	14928.985761880875
197	964.4189	18.418642	982.01654	933.7187	940.4132	23.813902	977.3075	906.8039	1000.0	1000.0	787999	97.26146	7.7269835	103.46974	60.5005	-97.37086	0.2858117	15005.69476890564
198	969.3791	14.519863	988.19366	948.247	958.5306	31.005615	987.58844	885.10876	1000.0	1000.0	791999	97.2717	7.7489085	103.499626	61.594795	-97.39161	0.28938428	15082.671047449112
199	938.8435	41.246075	988.46173	881.83856	959.1815	33.87604	985.8683	865.04706	1000.0	1000.0	795999	97.32027	7.62213	103.88645	59.16052	-97.430405	0.2873025	15162.181021213531
200	956.326	13.0876255	975.021	940.6713	969.0309	17.620481	988.57794	938.01495	1000.0	1000.0	799999	97.45015	7.306494	105.75685	59.051918	-97.573074	0.293608	15241.663232803345
201	964.1907	28.4551	988.0539	915.85095	970.9995	12.140088	989.57275	947.69836	1000.0	1000.0	803999	97.43822	7.4695024	102.93509	58.606	-97.549065	0.28660494	15318.451071739197
202	977.872	13.189468	989.9679	955.80634	957.4294	27.431639	990.39166	917.5405	1000.0	1000.0	807999	97.4306	7.469637	104.20091	58.306908	-97.53875	0.2796025	15395.050070047379
203	962.04456	13.713625	979.66705	941.807	963.9328	19.05959	989.718	924.67523	1000.0	1000.0	811999	97.48424	7.336634	106.6239	33.248566	-97.605415	0.2949722	15475.447655200958
204	956.48865	22.859875	978.2013	919.33887	963.9971	12.473715	984.9918	942.95496	1000.0	1000.0	815999	97.4786	7.311274	103.38397	48.20578	-97.586845	0.27115595	15554.185544490814
205	973.8162	9.320241	984.51886	963.61786	941.43475	45.36784	986.3843	837.6658	1000.0	1000.0	819999	97.39932	7.3708825	103.50605	49.463062	-97.5052	0.2951981	15639.458150863647
206	947.5145	21.168564	976.5087	924.3183	962.576	12.354874	985.6182	946.5282	1000.0	1000.0	823999	97.28602	7.667762	103.069534	47.360443	-97.393166	0.3139687	15720.737287282944
207	934.9096	24.658964	964.09827	897.0142	956.6716	27.456041	988.5819	890.70215	1000.0	1000.0	827999	97.39147	7.4483814	102.73357	56.472794	-97.51436	0.30550048	15797.845282793045
208	974.2035	17.699139	989.30927	944.8922	968.5988	13.408997	983.03894	939.7554	1000.0	1000.0	831999	97.51732	7.2321424	102.66011	60.077366	-97.62167	0.26955283	15874.574283599854
209	960.9856	11.162017	976.9284	945.3676	929.30774	27.563309	973.04034	871.9143	1000.0	1000.0	835999	97.54347	7.2277975	102.9456	53.397224	-97.65521	0.26960784	15949.758529424667
210	969.6793	16.16648	987.1425	943.83936	962.6083	25.779598	987.881	905.57983	1000.0	1000.0	839999	97.45348	7.5217943	102.54055	58.906643	-97.551285	0.27310762	16029.21759057045
211	926.92346	18.496315	958.6344	914.1269	949.0636	21.596024	985.9696	914.8134	1000.0	1000.0	843999	97.27905	8.007175	102.55845	58.999092	-97.3832	0.30227086	16106.74330830574
212	966.78674	20.203827	988.7064	939.93176	963.95624	17.45203	985.9796	930.7955	1000.0	1000.0	847999	97.48662	7.458568	103.89602	60.736	-97.60592	0.2823363	16183.895815849304
213	956.24194	26.005823	986.89966	920.56085	948.8919	20.826878	976.95825	923.1692	1000.0	1000.0	851999	97.59712	7.331011	104.21574	61.002197	-97.713554	0.26307526	16260.857152938843
214	951.36163	34.877213	984.753	896.834	952.9466	29.086594	983.8423	879.1034	1000.0	1000.0	855999	97.62065	7.0872464	102.748695	61.711006	-97.72254	0.24781522	16341.858818531036
215	936.666	34.5367	979.25336	895.97546	960.725	17.91266	988.4441	928.04236	1000.0	1000.0	859999	97.43159	7.546449	104.19964	59.426212	-97.52403	0.264187	16418.704748153687
216	939.0975	41.489452	992.2597	879.5748	944.9169	23.187616	981.91394	910.43054	1000.0	1000.0	863999	97.18063	8.269231	102.58527	61.33514	-97.27954	0.27501857	16495.881304979324
217	929.0171	33.041405	982.20245	895.52386	965.6504	11.661101	983.01135	949.4513	1000.0	1000.0	867999	97.35128	7.678054	102.795364	61.53854	-97.47211	0.28690842	16572.609105825424
218	959.8638	24.634012	985.28827	927.9332	935.7547	43.131535	981.86	842.5978	1000.0	1000.0	871999	97.46671	7.323488	102.930244	59.810055	-97.57222	0.2694316	16651.86457824707
219	968.3293	31.89802	989.8579	913.1812	935.42413	51.427708	967.92554	789.85266	1000.0	1000.0	875999	97.37878	7.6754513	102.432915	58.120014	-97.47094	0.26401657	16728.0528216362
220	982.85187	6.4193087	989.74146	973.5268	962.0011	14.019891	976.0336	932.05225	1000.0	1000.0	879999	97.11674	8.518375	102.70949	53.14708	-97.22027	0.29938596	16804.976115226746
221	967.2832	13.269743	988.0803	954.0189	972.1992	13.882203	989.8198	951.88354	1000.0	1000.0	883999	97.41504	7.6730313	104.144356	62.671383	-97.53442	0.29080242	16882.359534740448
222	969.18506	14.354452	989.2033	949.7835	977.9577	14.524146	988.7995	935.8684	1000.0	1000.0	887999	97.60163	7.047774	103.31301	61.48843	-97.71144	0.265302	16959.05956196785
223	960.8421	19.041592	992.6038	942.99005	962.9012	19.131811	991.38684	933.406	1000.0	1000.0	891999	97.43245	7.5136766	102.38984	60.373577	-97.51925	0.27180454	17036.534209012985
224	960.5848	5.34601	968.56635	954.12775	956.50696	17.782854	985.7017	930.91925	1000.0	1000.0	895999	97.5092	7.220802	103.48146	59.87523	-97.624405	0.27501732	17114.656040668488
225	976.0859	7.752513	983.8912	966.4136	963.7381	23.481674	990.22943	912.62885	1000.0	1000.0	899999	97.54355	7.116725	104.470825	60.10846	-97.64479	0.2674083	17192.376132011414
226	961.61957	19.218452	987.19775	934.4803	970.2041	20.54116	990.9558	934.8999	1000.0	1000.0	903999	97.52149	7.177438	103.196205	59.77249	-97.62214	0.2586864	17269.238338947296
227	957.5884	26.043032	989.1307	923.4603	957.5106	35.293846	990.5401	868.10095	1000.0	1000.0	907999	97.59323	7.096391	102.7348	60.495422	-97.702995	0.26043665	17346.166007757187
228	953.3551	19.126097	979.98944	935.1452	950.61896	25.088087	986.4557	886.98535	1000.0	1000.0	911999	97.51315	7.262555	103.370834	60.55068	-97.60256	0.2530703	17422.92090368271
229	964.9305	19.91865	988.9042	938.4378	965.6625	15.13358	986.0361	942.8454	1000.0	1000.0	915999	97.49312	7.3671465	104.57186	61.655376	-97.59798	0.25093573	17503.000448942184
230	957.00256	7.283862	967.71497	947.16046	958.78564	13.522319	975.4044	925.3599	1000.0	1000.0	919999	97.51918	7.5003495	103.36853	61.36596	-97.61535	0.24907792	17586.362775325775
231	975.9832	9.225179	985.5007	961.11346	949.702	32.680912	974.67163	867.37976	1000.0	1000.0	923999	97.47119	7.7292075	103.38692	59.33163	-97.57364	0.2591722	17663.53505396843
232	957.4158	17.016241	982.9167	937.50806	927.3337	18.623556	958.98425	897.9033	1000.0	1000.0	927999	97.55566	7.439671	104.780304	58.534695	-97.64917	0.2572135	17741.139259576797
233	968.7992	16.260275	985.66876	945.162	967.8867	21.991005	991.86536	914.67786	1000.0	1000.0	931999	97.37633	7.9822817	104.39939	59.21836	-97.46784	0.29168078	17816.451150894165
234	972.6462	9.6941185	980.24725	956.50146	963.67444	11.404347	987.424	942.2844	1000.0	1000.0	935999	97.43498	7.95539	103.45513	59.044018	-97.5397	0.28894034	17892.717035531998
235	966.363	25.45759	986.0662	922.6241	959.9382	15.869623	991.6157	936.00256	1000.0	1000.0	939999	97.60148	7.5526476	102.54483	58.868225	-97.705	0.27635553	17969.82841014862
236	977.7036	10.044082	987.8222	964.08417	958.66376	16.09114	990.4462	930.0099	1000.0	1000.0	943999	97.59547	7.6841702	106.815216	57.155243	-97.69369	0.29768798	18048.159914255142
237	966.1358	3.788876	972.18286	962.18524	915.9445	32.64254	969.43567	858.99854	1000.0	1000.0	947999	97.65623	7.743782	103.47028	58.053886	-97.7593	0.28417683	18125.64783859253
238	963.31757	13.44507	978.03156	948.01	963.79504	17.098326	990.5223	940.5894	1000.0	1000.0	951999	97.7813	7.5865555	103.07953	59.959114	-97.88325	0.26964837	18205.469249010086
239	982.51245	5.5899363	988.27466	973.28076	959.52356	22.220207	988.9172	920.2096	1000.0	1000.0	955999	97.82379	7.452157	103.03025	59.6926	-97.922485	0.29554272	18284.00883460045
240	957.5145	16.405048	981.7274	935.68256	943.9696	26.61443	987.6034	908.21063	1000.0	1000.0	959999	97.95581	7.2231345	104.15757	54.740974	-98.07557	0.33920786	18361.331053495407
241	695.3884	391.26965	947.3108	18.297167	780.2577	381.1018	988.4184	18.18572	1000.0	1000.0	963999	98.44888	5.9855	103.51829	56.54972	-98.56575	0.36932287	18443.175381183624
242	733.64636	412.77005	985.16766	19.125404	498.2281	478.38538	986.8386	18.11124	1000.0	1000.0	967999	98.0279	6.929769	109.75761	58.407776	-98.08478	0.30835575	18521.103786468506
243	567.089	375.7992	954.7551	17.914764	917.77014	31.796797	964.72504	857.1712	1000.0	1000.0	971999	97.2501	9.1961565	104.6532	55.510498	-97.318085	0.33313885	18600.297832727432
244	949.79663	14.844623	973.9839	933.5327	918.18054	45.369854	980.49994	812.4576	1000.0	1000.0	975999	97.19414	9.671538	104.003784	53.81986	-97.31206	0.40288252	18677.08455133438
245	963.7989	19.06979	990.73755	939.12695	929.3498	26.831148	979.1193	889.3031	1000.0	1000.0	979999	97.73092	7.8737197	103.3414	56.416306	-97.84573	0.33247334	18753.23003411293
246	747.46185	376.27594	987.40234	97.285034	956.0913	20.069498	984.02075	923.54266	1000.0	1000.0	983999	97.69171	7.8319654	102.862366	59.521236	-97.78653	0.30101892	18830.760308504105
247	976.527	12.41934	986.92236	955.7414	953.5345	31.118708	987.64166	874.5935	1000.0	1000.0	987999	97.68905	7.676827	102.93741	59.318035	-97.78453	0.30038288	18910.025913238525
248	960.0304	14.865294	973.86365	935.0377	961.43445	14.191719	982.96124	941.0247	1000.0	1000.0	991999	97.60234	8.067017	103.72627	57.756523	-97.70001	0.2998856	18988.767936468124
249	960.99536	8.637743	974.7678	951.0857	956.5173	28.85251	984.7664	876.88654	1000.0	1000.0	995999	97.68116	7.9047804	104.265945	57.53683	-97.77754	0.28409925	19066.535133123398
250	963.5765	19.840935	987.85266	933.22345	962.6527	16.167023	988.64575	933.18225	1000.0	1000.0	999999	97.55942	8.107332	102.74994	56.321304	-97.64827	0.2850035	19145.316594839096
251	968.06995	13.065788	990.1479	956.8181	946.87317	34.04994	985.9344	864.2235	1000.0	1000.0	1003999	97.68112	7.750842	103.58954	58.90805	-97.78293	0.28926247	19227.96223282814
252	950.8911	23.655996	977.3185	913.7605	930.0994	20.545435	975.91144	900.8523	1000.0	1000.0	1007999	97.75245	7.700898	104.468254	60.298294	-97.8357	0.27013594	19304.474313735962
253	952.60364	19.753357	981.5744	926.04065	963.5734	14.65184	986.6776	934.8349	1000.0	1000.0	1011999	97.71792	8.000986	102.83244	59.494625	-97.805565	0.27530345	19381.474416732788
254	957.0623	11.043074	971.0449	940.9205	955.69226	15.109142	978.9468	934.7853	1000.0	1000.0	1015999	97.98462	7.431098	103.16137	60.193596	-98.07788	0.2656358	19458.4093272686
255	942.859	23.791142	977.0262	914.0633	958.0375	23.469099	985.65106	913.3321	1000.0	1000.0	1019999	98.11705	7.120077	103.27309	61.211704	-98.20058	0.26344463	19538.577653884888
256	961.3559	19.140781	981.4937	930.1313	947.25714	30.155989	979.69006	864.4409	1000.0	1000.0	1023999	98.19756	7.0227566	103.67712	60.72182	-98.274895	0.26824364	19617.427954912186
257	952.6184	12.455005	961.8803	931.5487	963.9616	30.592718	988.9718	875.0063	1000.0	1000.0	1027999	98.31379	6.8130245	102.86854	60.76012	-98.39659	0.26893446	19701.97479915619
258	934.59033	34.290447	971.747	880.39923	968.49335	10.243477	984.2376	951.5339	1000.0	1000.0	1031999	98.4226	6.645541	103.10165	59.82249	-98.50423	0.2705587	19777.373619556427
259	956.9854	16.727583	980.44556	934.43494	936.18933	32.22296	979.81793	890.9336	1000.0	1000.0	1035999	98.55577	6.5196714	102.59534	58.08368	-98.62843	0.2652253	19853.076147556305
260	959.1677	17.290915	985.4529	937.8767	952.6273	20.710932	985.52936	917.2302	1000.0	1000.0	1039999	98.68664	6.3092995	103.359406	58.480167	-98.75822	0.26312304	19930.672625780106
261	963.16315	33.11247	992.5891	910.7886	974.4987	13.9885025	989.3886	951.3059	1000.0	1000.0	1043999	98.78736	5.971777	103.37481	58.18857	-98.85312	0.24387105	20011.9719414711
262	955.9398	17.884478	971.2779	925.7121	962.5244	16.572186	988.0824	935.6556	1000.0	1000.0	1047999	98.76721	5.944645	102.92339	60.955917	-98.831085	0.23870721	20090.96654033661
263	970.0282	13.974778	986.7525	949.4043	949.27606	26.235806	978.3574	891.0926	1000.0	1000.0	1051999	98.83771	5.8037753	102.702675	59.007107	-98.9017	0.24824207	20168.578295707703
264	961.0384	15.573802	980.86865	937.485	943.0451	23.902771	971.7596	899.96533	1000.0	1000.0	1055999	98.90708	5.7776136	102.77025	59.02634	-98.96745	0.24856171	20246.71121954918
265	944.5906	19.339573	967.0033	922.00793	969.86414	15.963037	992.13367	937.6595	1000.0	1000.0	1059999	98.99439	5.6721773	103.94442	58.902534	-99.05327	0.25136024	20326.23061466217
266	973.3768	5.2814603	982.0765	968.51373	960.13947	16.846016	986.21063	937.82764	1000.0	1000.0	1063999	99.07324	5.573574	104.32315	58.816174	-99.12856	0.23953806	20403.612198352814
267	959.06757	10.901219	973.4124	943.40295	964.6129	20.223682	986.4145	920.5802	1000.0	1000.0	1067999	99.14223	5.5473685	104.39688	58.324303	-99.19358	0.24368264	20482.396845579147
268	961.7133	17.709433	989.24005	940.03314	968.36926	14.464653	988.0982	946.4259	1000.0	1000.0	1071999	99.17134	5.5165024	105.010574	58.751167	-99.220314	0.2505972	20560.580726146698
269	954.66846	20.253521	974.1463	920.85114	960.8254	17.508732	988.2998	928.4265	1000.0	1000.0	1075999	99.26934	5.1449823	102.55182	58.94075	-99.31875	0.23276111	20637.58514547348
270	965.961	15.511029	990.3903	950.6794	963.3578	26.64307	991.8343	914.4678	1000.0	1000.0	1079999	99.30036	5.008022	102.51717	62.3086	-99.34852	0.21886258	20713.91587996483
271	961.4532	16.358452	989.4732	948.2426	971.82434	10.577872	987.3708	950.985	1000.0	1000.0	1083999	99.40262	4.8895793	103.64044	61.44266	-99.448746	0.19936985	20789.880516529083
272	952.77795	14.170454	970.60754	938.333	970.1956	18.334145	992.0319	945.33466	1000.0	1000.0	1087999	99.444	4.7357597	102.81246	62.671993	-99.4863	0.18912148	20867.648071050644
273	968.2527	9.685123	983.7706	957.298	973.5863	17.712141	990.4105	928.7505	1000.0	1000.0	1091999	99.46048	4.724055	102.43236	61.974373	-99.49975	0.17518689	20945.261992692947
274	968.9854	14.651838	987.32684	950.77545	948.4328	20.500624	986.9258	912.7337	1000.0	1000.0	1095999	99.41882	4.729493	103.80163	61.83384	-99.45621	0.1708927	21024.23580265045
275	926.4333	14.3115635	945.449	905.6452	952.3861	17.169027	981.4202	920.2568	1000.0	1000.0	1099999	99.38867	4.8675137	102.81912	61.66108	-99.42811	0.17481007	21101.8064160347
276	961.21765	10.061143	975.5858	949.1217	981.60144	11.826549	993.72345	960.614	1000.0	1000.0	1103999	99.44423	4.9236445	104.0243	62.399445	-99.48208	0.19448623	21182.309537649155
277	749.5024	353.25375	962.3931	137.83142	965.3874	16.423182	989.3264	941.4875	1000.0	1000.0	1107999	99.46588	4.831188	103.69546	61.359734	-99.50287	0.18758924	21260.234924793243
278	965.86475	9.700308	975.831	955.6645	954.6732	27.099398	985.28485	890.884	1000.0	1000.0	1111999	99.50393	4.724924	103.05306	60.911102	-99.54381	0.1927164	21338.03028202057
279	969.84784	6.8775525	977.7427	959.7566	972.7082	16.20011	993.3283	940.09033	1000.0	1000.0	1115999	99.55035	4.4997125	102.834206	61.70077	-99.58689	0.18607937	21418.16466164589
280	969.0927	19.17797	990.00134	940.4929	956.1157	33.57162	985.35345	885.862	1000.0	1000.0	1119999	99.53343	4.4990234	102.37503	62.234062	-99.564896	0.17672461	21495.619034290314
281	929.5525	39.814667	970.0082	864.16235	907.9414	51.879456	970.5056	830.7217	1000.0	1000.0	1123999	99.52455	4.5201054	102.22826	60.681393	-99.56075	0.18226431	21574.04543185234
282	944.56934	15.017162	970.1357	931.568	940.54016	37.698395	978.5917	865.8255	1000.0	1000.0	1127999	99.55208	4.494501	102.410355	60.801388	-99.58737	0.18339984	21653.571583986282
283	956.3363	12.771737	971.2794	936.0917	954.61804	18.355919	982.41095	924.29877	1000.0	1000.0	1131999	99.58726	4.3379474	103.50197	60.605873	-99.61847	0.17265713	21730.974311351776
284	914.1389	63.41109	979.52216	841.793	951.022	30.884697	987.80994	891.4116	1000.0	1000.0	1135999	99.53872	4.354396	102.573555	61.391655	-99.57249	0.17297924	21809.24681854248
285	957.84576	26.261099	986.8149	923.32074	927.78485	44.832867	977.4652	817.235	1000.0	1000.0	1139999	99.55023	4.32843	104.59055	62.257317	-99.582954	0.17481525	21885.51109266281
286	972.6993	9.844095	984.3987	957.54974	949.13055	27.124802	990.9505	896.02673	1000.0	1000.0	1143999	99.52881	4.409062	107.62694	52.041924	-99.56106	0.18306875	21963.085154533386
287	943.7296	16.32552	960.10834	916.561	972.0287	11.450048	988.41077	949.8915	1000.0	1000.0	1147999	99.5555	4.325797	102.61191	59.555275	-99.58631	0.17350882	22041.313168525696
288	935.9079	40.14771	981.7371	871.5907	963.7023	14.503581	983.5463	933.76	1000.0	1000.0	1151999	99.5263	4.3858337	102.41078	60.687244	-99.55673	0.17507696	22119.333938121796
289	964.5989	9.762516	974.6405	952.13574	966.10596	12.47806	986.5931	945.1511	1000.0	1000.0	1155999	99.54682	4.312558	102.66609	60.39844	-99.58004	0.1815411	22198.174871444702
290	942.6732	52.96916	978.22894	851.08435	966.1468	15.736129	988.8713	947.8638	1000.0	1000.0	1159999	99.59091	4.22432	102.944176	62.656357	-99.62209	0.16136572	22275.987352609634
291	940.2793	21.947777	968.37805	907.15686	934.9413	25.399384	965.02374	881.28485	1000.0	1000.0	1163999	99.56465	4.2893724	104.02635	62.737865	-99.594345	0.15533361	22355.857934236526
292	957.5414	17.786598	978.528	934.421	946.14404	31.749718	974.64874	858.76746	1000.0	1000.0	1167999	99.55151	4.337825	103.34227	61.98884	-99.58233	0.16516672	22433.770995140076
293	922.45416	40.934845	958.472	858.4206	886.8958	74.3609	964.15186	706.81757	1000.0	1000.0	1171999	99.52412	4.396124	102.63695	58.44649	-99.553734	0.16835608	22512.20163321495
294	950.86554	7.9184837	961.71313	939.91003	939.91895	35.165436	976.9258	850.2724	1000.0	1000.0	1175999	99.48981	4.496045	102.19214	59.54472	-99.519455	0.17305975	22589.90431880951
295	924.0434	60.31458	981.4461	838.4483	940.2869	29.349268	980.2346	881.7781	1000.0	1000.0	1179999	99.5302	4.442393	102.188736	59.749653	-99.56398	0.17401342	22667.75226545334
296	971.006	20.361153	992.23535	938.8343	945.29236	28.1452	989.85095	883.73755	1000.0	1000.0	1183999	99.59279	4.415833	102.787964	60.46299	-99.625626	0.16466825	22745.597413539886
297	895.58673	101.08587	968.25543	721.31055	847.71857	63.412766	917.6487	737.06824	1000.0	1000.0	1187999	99.62421	4.3927546	102.431786	60.427578	-99.65532	0.17093807	22822.909071445465
298	977.0433	5.9383416	982.4587	967.3457	938.74384	29.065643	969.3092	863.92804	1000.0	1000.0	1191999	99.60297	4.4324827	103.25833	60.876762	-99.63339	0.16206165	22903.41551876068
299	959.4377	17.622543	987.52386	943.5247	962.5801	16.855848	990.4218	930.90826	1000.0	1000.0	1195999	99.57496	4.3655653	105.12779	60.522453	-99.60501	0.16201083	22980.802312612534
300	946.7726	26.052937	969.2589	903.44525	849.3187	46.690193	922.8232	767.58594	1000.0	1000.0	1199999	99.60182	4.3153043	102.73127	60.54611	-99.6356	0.16335388	23057.850091934204
301	930.6095	33.235535	963.1953	880.6797	953.53503	16.486559	978.18207	927.6215	1000.0	1000.0	1203999	99.65849	4.4327116	103.262726	60.259575	-99.69272	0.17423326	23136.506818771362
302	919.763	28.058762	949.54803	878.0115	934.7921	43.226494	985.4588	834.4469	1000.0	1000.0	1207999	99.69564	4.346264	102.24818	61.48381	-99.72845	0.18057227	23214.906972646713
303	929.4859	34.612392	968.5811	882.3888	959.04816	26.721737	985.9563	900.45984	1000.0	1000.0	1211999	99.67828	4.2910886	103.94953	59.854553	-99.70861	0.1792228	23293.930725574493
304	912.4966	27.719883	943.6173	873.3117	929.4077	31.325468	956.7517	871.8439	1000.0	1000.0	1215999	99.64792	4.353729	102.643105	62.04682	-99.67839	0.16880158	23374.678871154785
305	950.1836	26.567951	979.73145	916.8644	963.89874	30.88698	987.3094	881.51996	1000.0	1000.0	1219999	99.60243	4.4834523	102.75877	61.713726	-99.62997	0.17789896	23453.784232139587
306	916.8277	15.603469	932.3535	898.84644	937.9541	37.333317	986.46985	867.68695	1000.0	1000.0	1223999	99.52981	4.554977	102.795296	61.42125	-99.55697	0.18898217	23532.059144973755
307	966.95	17.854445	989.489	941.43884	948.7863	29.282654	975.29706	873.0457	1000.0	1000.0	1227999	99.48691	4.5720754	104.85538	59.969597	-99.5151	0.18733896	23612.890790700912
308	960.9737	25.335384	984.13226	918.5642	953.88965	33.442314	984.58624	877.5088	1000.0	1000.0	1231999	99.48544	4.600671	102.386444	59.7574	-99.51519	0.17944635	23690.98835682869
309	957.6828	30.746944	980.89966	905.2511	943.5465	26.314713	977.12946	900.3731	1000.0	1000.0	1235999	99.44787	4.621792	102.448746	49.134995	-99.47431	0.19591925	23769.822083473206
310	933.121	28.944866	964.2279	887.2655	970.7577	25.04751	991.27057	907.1914	1000.0	1000.0	1239999	99.45459	4.6366687	102.27599	59.625603	-99.48712	0.20183794	23848.6507666111
311	961.42303	23.65318	981.6996	921.19385	964.9811	15.543183	987.5767	938.1047	1000.0	1000.0	1243999	99.51383	4.5297217	104.14229	58.604073	-99.54458	0.1915853	23926.019418239594
312	965.7456	12.503192	980.7634	946.73615	949.61414	36.034027	981.50793	873.9965	1000.0	1000.0	1247999	99.53921	4.3697495	102.785095	60.98254	-99.57073	0.18206671	24007.092573165894
313	940.4878	36.711975	983.97504	883.7313	972.5073	17.065311	990.007	944.54834	1000.0	1000.0	1251999	99.56083	4.2857075	102.229004	60.945545	-99.591644	0.18114755	24084.594029188156
314	982.69495	2.6921632	986.11884	978.58734	965.9069	9.459357	979.72864	952.0637	1000.0	1000.0	1255999	99.55062	4.2386885	102.8061	60.087738	-99.5812	0.16995469	24162.57084774971
315	952.5463	32.727886	990.02814	902.7114	958.8558	27.109125	985.97644	897.984	1000.0	1000.0	1259999	99.53394	4.342749	102.28986	62.070843	-99.56584	0.173157	24240.964490413666
316	965.4456	20.910997	991.1566	933.20526	946.93066	49.828156	979.2765	801.3019	1000.0	1000.0	1263999	99.54255	4.3272285	103.282684	62.033768	-99.57254	0.1763599	24323.194145441055
317	942.99274	14.345015	967.1098	931.1184	937.1813	54.48978	975.39453	789.18854	1000.0	1000.0	1267999	99.54431	4.254418	102.81643	60.128525	-99.57517	0.184644	24402.84299349785
318	947.52924	7.5024314	955.3652	938.799	944.4087	28.836918	979.59656	876.97314	1000.0	1000.0	1271999	99.51602	4.3363433	102.29135	60.01473	-99.54428	0.19448814	24480.53476881981
319	939.83453	12.548451	961.0977	929.7071	976.52374	9.102437	990.72833	957.2308	1000.0	1000.0	1275999	99.48218	4.5203514	103.15068	57.652264	-99.51199	0.18436636	24558.603746414185
320	965.90686	21.81156	988.60046	929.9188	968.6362	14.727166	990.10474	945.504	1000.0	1000.0	1279999	99.47566	4.5635195	103.07367	59.30137	-99.501915	0.17504638	24643.806848526
321	955.89777	13.77883	975.01874	936.5433	938.48425	32.330517	977.1755	868.1974	1000.0	1000.0	1283999	99.4249	4.5325155	103.56295	55.648666	-99.453094	0.1907852	24722.21887397766
322	968.8397	13.903737	990.98706	953.57477	949.597	30.153618	986.5596	888.805	1000.0	1000.0	1287999	99.41709	4.559429	102.75356	58.723885	-99.44466	0.19417611	24800.67040157318
323	944.1476	39.601963	974.1251	876.99316	941.5668	37.711	991.37616	880.6185	1000.0	1000.0	1291999	99.37768	4.5905743	102.300705	57.874	-99.40357	0.2151087	24879.13050532341
324	954.8782	8.600268	969.0782	946.1564	963.41766	13.299098	984.5479	937.57025	1000.0	1000.0	1295999	99.37049	4.6489034	104.31915	58.417313	-99.399315	0.21135773	24957.14592885971
325	957.59814	27.72658	982.1824	910.71295	966.033	16.17085	986.139	931.3198	1000.0	1000.0	1299999	99.38143	4.6436477	106.28087	58.612026	-99.40905	0.21543695	25037.029337644577
326	952.59033	28.974659	980.5413	904.2365	941.78143	36.54548	979.1864	866.298	1000.0	1000.0	1303999	99.38079	4.6602807	104.65817	55.670845	-99.41136	0.20299083	25113.898541927338
327	963.5739	15.49498	985.7573	945.7763	942.95135	32.6872	986.6483	888.2252	1000.0	1000.0	1307999	99.39541	4.646994	102.2396	57.19663	-99.423706	0.19459732	25190.320509433746
328	973.1538	6.7627797	982.807	963.72656	964.87335	13.346321	990.038	940.576	1000.0	1000.0	1311999	99.4291	4.494025	104.10897	57.252266	-99.45945	0.19261195	25267.41034245491
329	975.91693	12.84896	992.2561	960.8094	972.0702	17.374474	989.2286	934.36957	1000.0	1000.0	1315999	99.49247	4.3403816	103.14537	57.928493	-99.52539	0.18436	25345.586049556732
330	959.5545	22.60588	984.4397	929.8938	957.354	27.43506	991.4317	919.3561	1000.0	1000.0	1319999	99.54176	4.401796	102.98169	58.46161	-99.57188	0.1742102	25424.110996961594
331	955.4774	22.875185	981.0355	918.4364	968.724	16.648842	992.54803	934.18353	1000.0	1000.0	1323999	99.58065	4.303291	102.31903	57.82008	-99.61389	0.18132438	25503.6710999012
332	967.59265	12.2628975	987.4678	955.709	932.8592	18.914507	967.435	906.84436	1000.0	1000.0	1327999	99.61623	4.2926016	103.73493	48.26813	-99.64719	0.18718542	25591.79971408844
333	968.7408	17.470053	979.3172	938.4864	951.8656	19.201233	976.5217	916.2329	1000.0	1000.0	1331999	99.62848	4.226682	102.3878	60.672287	-99.66008	0.17889315	25671.92139840126
334	965.8091	7.4350076	976.71136	958.13763	962.826	14.650558	989.44556	945.13153	1000.0	1000.0	1335999	99.65148	4.2731404	103.34237	60.307056	-99.68339	0.17935826	25751.29240655899
335	962.29596	14.555938	974.819	937.5114	951.8856	19.502127	974.1611	920.92944	1000.0	1000.0	1339999	99.63987	4.4181643	103.236465	59.087116	-99.67056	0.19256699	25830.59289956093
336	944.6789	26.58228	985.95557	917.33124	941.8704	34.43453	988.0395	894.2315	1000.0	1000.0	1343999	99.63536	4.416946	105.0663	59.046116	-99.66645	0.19249606	25908.639232873917
337	950.71027	38.967117	986.55634	889.2357	964.75916	12.64212	985.228	946.2075	1000.0	1000.0	1347999	99.61688	4.4632688	102.414055	57.74047	-99.646126	0.19627503	25987.182787895203
338	969.51544	6.012261	976.3975	961.08685	963.4708	22.703423	991.7586	921.16345	1000.0	1000.0	1351999	99.54996	4.5884895	104.49836	55.61405	-99.57667	0.20487283	26064.64134669304
339	967.10834	7.9967775	979.0166	957.9898	959.2288	20.84635	985.86127	913.99805	1000.0	1000.0	1355999	99.54529	4.5686345	102.193405	57.01315	-99.57472	0.20607007	26141.353125572205
340	949.3251	16.328344	968.7963	923.8806	951.8126	32.753304	988.92725	882.05676	1000.0	1000.0	1359999	99.52825	4.488836	102.83022	57.124947	-99.55667	0.1926839	26222.044704675674
341	946.8856	23.06867	975.514	912.57825	954.09033	24.470774	986.2939	906.83685	1000.0	1000.0	1363999	99.50576	4.501123	103.28424	57.868553	-99.53159	0.1841458	26299.70501589775
342	932.2319	48.08859	973.7411	852.222	945.89905	29.487602	977.4756	868.14465	1000.0	1000.0	1367999	99.44477	4.689849	103.10815	57.89484	-99.47145	0.20295921	26378.53542661667
343	957.62225	13.122436	977.63824	943.81476	921.26514	59.20048	972.29083	797.8467	1000.0	1000.0	1371999	99.47905	4.5597143	103.488106	59.72804	-99.50843	0.20148982	26459.920771598816
344	907.1631	57.19753	985.7647	827.12463	971.8929	6.540856	981.9111	958.525	1000.0	1000.0	1375999	99.49961	4.52056	102.36958	58.314697	-99.52989	0.19104691	26538.126018047333
345	961.1365	13.767636	973.67566	938.1557	969.3136	7.4130034	984.42645	959.4793	1000.0	1000.0	1379999	99.49474	4.423301	106.77346	57.68055	-99.52125	0.1999554	26616.38569664955
346	956.6369	19.27777	984.52155	931.00214	953.53925	19.877737	974.72284	910.8419	1000.0	1000.0	1383999	99.44561	4.5382605	102.01683	59.28822	-99.473854	0.1932802	26695.30753970146
347	973.2856	13.081555	990.6732	955.0458	965.25745	25.114906	992.1532	915.8424	1000.0	1000.0	1387999	99.47358	4.391937	102.5584	59.07827	-99.50322	0.20012292	26774.686616659164
348	951.3911	33.98847	984.4293	894.45074	956.74084	14.332775	973.912	936.1975	1000.0	1000.0	1391999	99.51937	4.414406	102.86701	48.89388	-99.55309	0.20572813	26854.84571313858
349	942.66797	17.465832	959.3392	915.92236	968.27844	18.88446	992.15955	924.00366	1000.0	1000.0	1395999	99.57434	4.36406	105.53334	55.826054	-99.60519	0.19849558	26933.914754867554
350	949.0793	37.196037	987.4249	887.5448	964.5695	15.945623	983.1455	938.5551	1000.0	1000.0	1399999	99.53597	4.393423	102.45248	58.75415	-99.564255	0.21231708	27012.14291381836
351	933.97595	17.060675	959.1874	911.11633	969.5488	11.004164	984.2979	953.3515	1000.0	1000.0	1403999	99.53314	4.437458	104.44098	61.342552	-99.564316	0.19021963	27089.553704977036
352	972.31903	13.325637	991.4406	953.7849	965.1409	15.984454	990.5067	943.55664	1000.0	1000.0	1407999	99.53628	4.3710914	102.328674	62.1887	-99.566536	0.18529323	27168.822984933853
353	976.674	6.789436	985.4042	967.6198	967.15106	13.405405	989.18933	942.1679	1000.0	1000.0	1411999	99.53913	4.2965508	102.61957	60.00092	-99.56876	0.17674218	27245.74907875061
354	958.1868	27.70464	982.36993	911.1489	963.754	19.450302	983.0488	916.4567	1000.0	1000.0	1415999	99.51784	4.3607593	103.52029	61.47381	-99.547455	0.17446478	27326.619861364365
355	966.4193	14.367803	990.5254	953.9112	967.9373	31.583538	993.9826	879.6089	1000.0	1000.0	1419999	99.50906	4.3576274	103.52227	62.85067	-99.53891	0.16623107	27405.89373397827
356	941.0097	31.496752	986.8403	897.962	948.8358	27.957476	976.07513	888.93024	1000.0	1000.0	1423999	99.55269	4.332916	102.112946	62.376724	-99.58462	0.17145582	27488.66674375534
357	959.94006	17.908957	982.8519	933.9688	961.56903	34.69129	992.35846	863.2048	1000.0	1000.0	1427999	99.57049	4.3957577	103.7428	62.320442	-99.60147	0.19284861	27571.463751792908
358	939.06824	38.6529	985.1443	880.45746	955.8695	24.533262	986.1157	904.3788	1000.0	1000.0	1431999	99.59754	4.435438	102.37429	62.59257	-99.63067	0.19203882	27650.429635047913
359	920.0068	43.150978	965.0926	849.1856	965.54443	18.61447	992.62427	937.2067	1000.0	1000.0	1435999	99.6065	4.4372697	104.131996	61.8752	-99.634636	0.18717746	27730.34675836563
360	966.6499	23.76154	988.9308	930.1459	963.5668	19.886475	986.2753	927.1904	1000.0	1000.0	1439999	99.56158	4.468404	102.92912	61.768623	-99.5884	0.17281513	27809.173490524292
361	958.46716	24.50305	981.5955	917.9177	977.5153	8.861487	987.1527	957.2442	1000.0	1000.0	1443999	99.48436	4.559868	102.23603	59.13911	-99.51175	0.18730298	27890.139127492905
362	978.33984	6.887243	989.4157	972.27277	976.1256	11.095886	994.22107	958.6954	1000.0	1000.0	1447999	99.48007	4.522841	104.16338	61.566555	-99.50862	0.18756083	27977.316190958023
363	934.1012	68.22536	989.0906	818.25476	945.1976	20.683193	978.2061	913.65106	1000.0	1000.0	1451999	99.47341	4.5230174	102.4198	59.10366	-99.50165	0.1916729	28056.105770349503
364	936.77234	23.00204	968.53937	905.28564	932.38525	36.190033	989.14734	869.7943	1000.0	1000.0	1455999	99.43278	4.50053	102.293144	59.40753	-99.459206	0.21158093	28137.964745998383
365	928.41907	34.329967	983.5356	889.01196	889.9668	48.365185	979.97266	800.87146	1000.0	1000.0	1459999	99.3794	4.4020123	102.10433	60.26184	-99.40499	0.21805874	28215.29578948021
366	965.3007	24.98539	986.38135	922.9408	962.1774	21.860004	982.90204	902.6941	1000.0	1000.0	1463999	99.3708	4.464044	103.01618	60.63794	-99.40205	0.22171763	28295.122620821
367	967.6388	8.249443	979.75256	958.20636	916.4291	55.683643	979.4285	773.51904	1000.0	1000.0	1467999	99.44845	4.3145227	102.49423	53.670845	-99.479454	0.21928976	28374.41599726677
368	976.3745	9.624908	987.7953	965.64166	969.161	12.838687	989.5444	952.5656	1000.0	1000.0	1471999	99.50697	4.1425676	103.83032	60.307095	-99.53322	0.19109783	28459.447651863098
369	965.31555	17.175148	986.1827	941.2088	948.69385	33.425858	982.56476	882.7539	1000.0	1000.0	1475999	99.49689	4.1853313	102.43778	59.47285	-99.52287	0.18475378	28538.05935072899
370	967.2138	24.930944	991.652	925.9407	946.4875	25.93178	977.27747	895.30554	1000.0	1000.0	1479999	99.50261	4.2044888	102.65373	60.311607	-99.52942	0.1885026	28617.328906297684
371	953.3839	13.99358	967.5327	930.1296	955.96356	38.943832	989.9732	866.84344	1000.0	1000.0	1483999	99.52822	4.2667756	102.86807	59.866707	-99.55519	0.18238111	28695.675956249237
372	949.84534	27.161749	979.6478	905.84424	960.4904	31.397614	992.5799	906.44446	1000.0	1000.0	1487999	99.54157	4.313335	102.07829	59.359436	-99.5685	0.20381606	28774.119171619415
373	951.07153	22.642073	986.856	928.15	965.02216	26.255806	987.4055	906.10126	1000.0	1000.0	1491999	99.60459	4.262805	105.82847	59.699745	-99.635216	0.2144927	28854.65577840805
374	962.1948	13.998348	979.054	941.0812	957.0907	12.716894	985.66956	937.3257	1000.0	1000.0	1495999	99.67087	4.2574844	104.008095	54.984394	-99.70096	0.20699818	28934.566722154617
375	944.6731	18.548237	964.1339	919.37604	966.6317	18.48453	990.98395	936.267	1000.0	1000.0	1499999	99.67694	4.2955127	102.978424	52.93624	-99.703995	0.20361917	29017.886004924774
376	961.011	16.705053	978.3541	941.28735	956.7059	23.328295	988.28503	912.9892	1000.0	1000.0	1503999	99.67792	4.2798743	103.70579	60.81373	-99.70591	0.19230562	29098.594623327255
377	963.2995	15.254756	985.96796	949.33954	953.4852	19.724142	987.40533	909.56506	1000.0	1000.0	1507999	99.69988	4.20322	102.28931	60.213623	-99.7291	0.19235638	29187.121731996536
378	981.4284	9.562923	987.97266	964.99036	955.1872	18.435778	984.1477	922.7066	1000.0	1000.0	1511999	99.73688	4.10595	103.12524	62.334145	-99.76643	0.17692643	29265.76616334915
379	949.08997	6.798171	959.3083	942.06384	939.6296	22.860903	987.70544	910.57227	1000.0	1000.0	1515999	99.72886	4.062757	102.7289	62.30411	-99.7536	0.16902713	29344.20940375328
380	939.6381	51.79815	988.6037	852.5934	969.64514	22.658207	987.59515	904.2796	1000.0	1000.0	1519999	99.68826	4.224341	102.28073	61.353764	-99.71699	0.17519946	29423.50485944748
381	966.28796	9.437049	979.29	955.1931	956.7949	20.330057	988.92096	916.5025	1000.0	1000.0	1523999	99.73669	4.2828655	102.42307	60.451603	-99.765686	0.18321478	29503.159940481186
382	958.3757	23.183722	987.9895	926.328	967.86115	16.75232	992.4533	934.9933	1000.0	1000.0	1527999	99.74603	4.2539845	102.84201	60.94746	-99.77415	0.19601882	29581.529201745987
383	957.0694	28.04221	980.872	909.5335	957.86584	18.168583	977.7204	918.88275	1000.0	1000.0	1531999	99.75201	4.2126975	103.74803	60.570656	-99.77706	0.19002306	29663.376144886017
384	964.31506	6.7200446	974.3646	955.4479	962.00134	22.574451	992.62	928.9439	1000.0	1000.0	1535999	99.70551	4.273918	103.773674	58.985508	-99.729576	0.19309016	29741.596271514893
385	982.447	10.633605	991.53467	964.3418	971.2165	12.607577	988.7164	943.9907	1000.0	1000.0	1539999	99.6635	4.2970514	102.539856	58.278328	-99.68696	0.19576624	29820.350618839264
386	963.9977	12.016093	978.5936	947.8432	958.675	13.90204	982.1545	933.1326	1000.0	1000.0	1543999	99.69328	4.1476936	102.76596	53.087357	-99.72255	0.18216099	29898.549023389816
387	932.46783	30.89833	985.4536	909.0147	961.3627	19.035887	981.8012	924.56995	1000.0	1000.0	1547999	99.68331	4.19686	105.7525	56.049877	-99.70936	0.1849399	29976.715438365936
388	945.61346	29.173973	968.6045	895.5401	950.00604	15.863955	971.85754	923.5037	1000.0	1000.0	1551999	99.6811	4.1647377	104.448555	56.503624	-99.70776	0.18125238	30055.46484875679
389	958.76855	12.909419	970.6058	937.391	973.6996	11.124348	990.0128	958.0103	1000.0	1000.0	1555999	99.65421	4.003431	102.78903	61.857708	-99.678795	0.18154384	30133.614027500153
390	961.3213	15.433318	981.7653	938.29553	955.5755	24.548105	988.41046	902.17957	1000.0	1000.0	1559999	99.58079	4.086453	104.52104	60.479656	-99.60406	0.17978525	30211.83615708351
391	934.0635	32.581837	979.0979	892.694	951.86456	18.397095	975.878	921.50696	1000.0	1000.0	1563999	99.55429	4.1152987	102.131996	54.815643	-99.57888	0.17648678	30290.63333082199
392	967.0477	12.953158	985.6864	949.3245	966.60046	15.74051	989.6448	944.95044	1000.0	1000.0	1567999	99.55685	4.0320973	104.61588	60.330135	-99.58394	0.1711048	30374.256095170975
393	973.9541	17.826979	987.61914	943.9664	953.1393	16.271013	976.4205	918.2017	1000.0	1000.0	1571999	99.57393	4.0341125	103.53529	60.31452	-99.60075	0.16081525	30452.745201587677
394	920.1038	21.352139	952.2203	900.38336	909.8506	66.397026	982.6891	800.4905	1000.0	1000.0	1575999	99.58231	4.069848	103.67834	62.11488	-99.607124	0.16829672	30532.231887817383
395	927.5272	55.34802	985.43134	836.3594	944.12256	13.931997	970.50195	926.65594	1000.0	1000.0	1579999	99.55467	4.071359	102.78117	62.871254	-99.58041	0.17269145	30613.712666988373
396	954.6509	10.533977	968.2842	941.3469	935.03235	28.29504	974.1671	882.95166	1000.0	1000.0	1583999	99.57681	4.093837	106.32995	61.30288	-99.60265	0.17199458	30695.95899415016
397	947.18604	36.534836	990.09625	889.76154	967.14746	14.7171545	986.28973	946.0479	1000.0	1000.0	1587999	99.55508	4.067898	102.54727	60.218925	-99.581436	0.1625852	30773.03257918358
398	935.02295	16.730051	956.88947	915.5599	953.76746	18.853783	981.4674	911.33826	1000.0	1000.0	1591999	99.56976	4.0895963	103.31176	60.60618	-99.594345	0.18581775	30849.958380699158
399	960.15576	14.359106	976.579	945.67535	953.15155	38.968376	990.4841	850.1319	1000.0	1000.0	1595999	99.5439	4.1292768	102.47482	56.237656	-99.56721	0.18396069	30928.1910905838
400	961.5332	13.7620325	979.7912	941.611	963.6998	20.1491	987.23627	911.68506	1000.0	1000.0	1599999	99.48729	4.061938	103.7401	62.190796	-99.51055	0.20244214	31007.09200692177
401	946.92847	32.013573	975.9583	892.8367	950.5964	21.862501	986.7587	917.27356	1000.0	1000.0	1603999	99.52838	3.9791024	103.24385	63.26081	-99.556274	0.17306414	31085.724426031113
402	943.3081	30.153727	971.834	893.112	964.36346	15.989163	985.91986	938.3391	1000.0	1000.0	1607999	99.52446	3.9472692	102.027084	56.03567	-99.54953	0.17994757	31168.165272712708
403	965.5904	14.076357	987.2385	948.0027	967.1185	17.743568	990.0806	932.3989	1000.0	1000.0	1611999	99.50555	4.0771513	102.87487	59.62335	-99.5309	0.18128404	31248.755726337433
404	977.3091	14.418623	990.1386	954.01807	967.3586	13.714655	992.2616	949.774	1000.0	1000.0	1615999	99.4964	4.1726513	101.90279	58.672844	-99.52147	0.19596589	31329.005213737488
405	961.26855	17.109505	987.11115	940.0226	957.00867	40.19948	991.207	842.07996	1000.0	1000.0	1619999	99.44746	4.216957	102.68579	56.705708	-99.47051	0.20623134	31410.539684534073
406	977.19434	9.881051	987.9135	961.403	975.0231	11.545802	991.8205	957.4185	1000.0	1000.0	1623999	99.41978	4.287601	104.0832	52.813927	-99.4447	0.21484643	31490.33862233162
407	971.03625	12.421353	991.8805	959.09894	964.70575	16.036428	989.1095	938.0254	1000.0	1000.0	1627999	99.43114	4.2520638	104.96621	54.843876	-99.45677	0.20137022	31576.177025794983
408	945.1331	33.964638	973.7612	887.13727	952.19354	26.116457	987.05054	907.4271	1000.0	1000.0	1631999	99.43187	4.2441783	102.689285	50.58361	-99.45819	0.21454641	31656.651354074478
409	941.8053	51.129116	982.562	855.5296	971.16895	14.681739	990.02576	943.3623	1000.0	1000.0	1635999	99.42463	4.152877	102.99643	54.57157	-99.448814	0.22358693	31736.292327165604
410	760.9824	339.22287	963.54626	173.52086	960.64685	14.808504	986.01654	939.3321	1000.0	1000.0	1639999	99.3578	4.253051	106.83243	49.701675	-99.382545	0.22803973	31815.533482789993
411	948.29956	23.51193	989.00134	933.5663	955.1082	25.33242	990.7933	909.7326	1000.0	1000.0	1643999	99.32941	4.2540236	105.56357	39.904984	-99.35009	0.23100674	31895.014136314392
412	955.5899	5.717095	960.88965	946.29254	931.62225	48.435734	983.4329	806.7209	1000.0	1000.0	1647999	99.29383	4.186646	103.08307	50.454845	-99.31897	0.22214621	31975.209624767303
413	973.33203	18.151205	988.48303	942.60486	964.5985	14.84429	988.8411	933.787	1000.0	1000.0	1651999	99.33675	4.156291	102.75427	57.071136	-99.364685	0.19904907	32054.823870658875
414	967.391	9.898963	984.22687	960.0985	954.88837	13.240946	984.47064	933.2367	1000.0	1000.0	1655999	99.35101	4.1085043	102.69929	57.52925	-99.37698	0.19930714	32133.124643564224
415	966.4146	16.984907	985.33417	938.88043	967.5407	18.95737	988.04083	929.5451	1000.0	1000.0	1659999	99.34488	4.1313457	103.14464	60.47999	-99.369194	0.18328784	32211.80689573288
416	949.3075	19.22515	968.439	917.5412	944.9924	23.514133	971.6045	883.4913	1000.0	1000.0	1663999	99.33496	4.26841	102.70478	60.884388	-99.359924	0.18926834	32290.526488542557
417	949.69415	3.6611485	954.58075	945.0189	952.0929	27.65248	987.22577	894.33887	1000.0	1000.0	1667999	99.34234	4.2495646	103.052795	61.34176	-99.364685	0.18022855	32370.151835680008
418	964.9597	14.364514	979.56805	941.23914	963.3335	16.82215	986.7997	927.0957	1000.0	1000.0	1671999	99.29485	4.263199	102.66927	59.888046	-99.31526	0.1934668	32448.85448718071
419	961.4503	8.820878	969.84283	947.1247	961.9196	16.226713	987.77966	934.083	1000.0	1000.0	1675999	99.24353	4.2242484	102.67046	59.237206	-99.26687	0.19342238	32527.842912197113
420	932.5395	42.212032	970.9553	861.2061	943.8439	16.766304	970.34357	917.5501	1000.0	1000.0	1679999	99.22839	4.255946	102.26685	59.28225	-99.251854	0.19039975	32606.485244512558
421	928.1403	53.086056	968.79376	837.1861	948.9878	16.585243	981.4098	922.7089	1000.0	1000.0	1683999	99.19549	4.3387957	102.08699	58.170288	-99.21794	0.19970572	32690.05681681633
422	968.79926	24.28644	989.407	927.39575	973.7604	12.504048	990.57385	952.1942	1000.0	1000.0	1687999	99.17927	4.3034973	102.61323	59.490463	-99.2022	0.20627403	32768.650995731354
423	957.9435	43.16153	986.00555	883.31604	964.6419	21.099142	988.49524	913.596	1000.0	1000.0	1691999	99.1482	4.3849072	102.790054	51.843662	-99.16934	0.22335196	32847.11240386963
424	940.5178	44.432785	987.35425	871.07166	943.9487	19.336555	975.87933	908.21185	1000.0	1000.0	1695999	99.16114	4.3341317	105.917816	56.061306	-99.1851	0.23367874	32926.34440422058
425	945.6353	3.500406	951.61896	943.0188	969.5189	15.754218	987.8099	932.02386	1000.0	1000.0	1699999	99.17071	4.341002	102.60223	56.96625	-99.196175	0.23094182	33005.687274456024
426	960.6622	16.965034	988.4781	943.36957	959.2206	22.815363	990.0714	908.92206	1000.0	1000.0	1703999	99.26425	4.2315874	103.46617	57.849075	-99.29037	0.21178755	33087.46890926361
427	977.3637	7.635891	983.1363	964.23596	933.57336	41.01339	977.63574	831.1078	1000.0	1000.0	1707999	99.25573	4.2209396	106.13231	58.00292	-99.279884	0.19243482	33166.188069581985
428	936.6455	32.276466	977.7385	898.8039	949.95447	35.3113	983.18036	852.8834	1000.0	1000.0	1711999	99.28946	4.237085	105.77159	55.318134	-99.31473	0.19512302	33242.815502643585
429	956.44714	23.707567	976.82477	917.782	943.9702	42.59178	983.85815	824.5088	1000.0	1000.0	1715999	99.26018	4.3935995	103.03133	58.13082	-99.282906	0.20489146	33322.98713493347
430	958.83276	5.7454715	965.306	950.9777	947.0996	29.239744	989.536	885.92926	1000.0	1000.0	1719999	99.28883	4.351542	102.94263	57.717377	-99.314476	0.19513723	33404.037667274475
431	949.1304	10.792335	967.2057	940.3398	967.7298	21.82122	991.1466	918.01184	1000.0	1000.0	1723999	99.3099	4.314998	104.43494	58.972507	-99.334335	0.1994016	33483.00524568558
432	948.13153	23.704073	973.4304	921.66077	854.74133	83.342674	966.98584	705.30774	1000.0	1000.0	1727999	99.31029	4.2744846	106.13377	60.316574	-99.333305	0.2024757	33561.451268434525
433	912.91833	52.672703	983.80194	842.2681	946.62225	13.196073	964.3611	921.1934	1000.0	1000.0	1731999	99.33516	4.154395	104.20946	59.088028	-99.36052	0.20475422	33642.10135245323
434	950.4703	16.233774	976.8277	933.75146	961.6053	22.53447	989.482	913.5303	1000.0	1000.0	1735999	99.32526	4.246136	102.61247	59.601223	-99.348694	0.21330304	33720.57859945297
435	977.21295	9.803387	988.1397	962.06323	949.4083	18.763474	978.6843	914.6088	1000.0	1000.0	1739999	99.33751	4.2241936	105.317055	57.629257	-99.36018	0.19779864	33799.015874385834
436	971.1819	6.865856	982.04144	964.228	962.5626	23.53442	991.0378	924.0331	1000.0	1000.0	1743999	99.31669	4.272707	101.88588	58.994095	-99.341064	0.20177896	33878.082267045975
437	960.8631	21.942558	989.13367	931.10474	966.84247	28.384771	991.7904	888.5055	1000.0	1000.0	1747999	99.31528	4.2885523	101.803085	51.68841	-99.33575	0.19514585	33956.87541937828
438	949.78534	9.323714	963.5195	938.7331	933.6239	21.238714	966.0037	894.68945	1000.0	1000.0	1751999	99.2568	4.338805	103.870964	55.27814	-99.27919	0.20634	34036.59133052826
439	937.05505	22.86239	961.95593	900.8595	954.25	20.37182	978.14764	914.49744	1000.0	1000.0	1755999	99.27063	4.3288813	104.0211	56.842293	-99.29345	0.22460903	34123.35913515091
440	964.973	21.34914	987.2813	934.4085	971.54236	13.233915	991.90326	956.37714	1000.0	1000.0	1759999	99.28077	4.3368607	103.90813	55.76037	-99.30372	0.24122845	34202.31403326988
441	906.9647	47.526443	960.79956	846.39264	958.88214	32.78168	987.8691	868.95966	1000.0	1000.0	1763999	99.30679	4.217091	102.77926	58.71257	-99.33375	0.21236438	34281.47143125534
442	953.2855	22.854544	985.67316	923.3174	969.1714	20.998846	992.22833	919.7815	1000.0	1000.0	1767999	99.33922	4.1901464	103.72773	47.47683	-99.36559	0.20758224	34365.613251924515
443	949.83453	25.81889	969.4617	905.9029	928.80994	39.45368	967.01416	847.6446	1000.0	1000.0	1771999	99.33186	4.2983904	102.70367	57.003677	-99.35656	0.21789068	34442.8523042202
444	960.7054	13.444806	974.8529	938.69476	967.55743	18.400734	986.36163	918.57446	1000.0	1000.0	1775999	99.31391	4.3824973	102.32805	55.0878	-99.33725	0.24286835	34520.25462436676
445	971.2744	18.476149	984.18835	939.579	972.972	19.351973	991.8737	927.5718	1000.0	1000.0	1779999	99.2878	4.307901	106.76515	56.971264	-99.31197	0.22137661	34598.434980392456
446	948.1682	19.533485	980.2095	929.0565	948.2835	28.215109	975.4507	877.59247	1000.0	1000.0	1783999	99.26016	4.3487105	102.813065	56.40385	-99.28353	0.22076537	34678.00020837784
447	961.3738	5.4125504	968.2009	954.28235	969.3242	13.163123	990.5737	951.9615	1000.0	1000.0	1787999	99.26025	4.288654	102.68767	58.003777	-99.28303	0.20265305	34759.938787698746
448	965.5375	8.0018015	973.04736	952.50433	967.88947	36.682777	993.12274	861.99634	1000.0	1000.0	1791999	99.23692	4.3679414	102.045815	55.31902	-99.259056	0.21973419	34838.4252717495
449	975.18896	12.126909	991.0134	958.7	976.347	9.9058895	991.5746	960.9286	1000.0	1000.0	1795999	99.20723	4.388378	103.28067	58.070248	-99.23057	0.21576142	34916.83863520622
450	938.21094	26.080389	978.90765	909.3384	962.8215	19.371923	985.30035	931.3014	1000.0	1000.0	1799999	99.19814	4.36949	104.07655	55.69645	-99.22242	0.20595063	34998.64384031296
451	968.6624	10.436012	985.2153	958.63983	945.7576	28.358894	985.28174	887.73883	1000.0	1000.0	1803999	99.28484	4.2895427	103.94388	54.701546	-99.31225	0.21017966	35077.08601665497
452	955.1696	15.0486555	978.0405	936.7231	966.0211	17.375542	991.46234	942.00116	1000.0	1000.0	1807999	99.28487	4.226893	103.594666	57.531475	-99.31065	0.20481816	35155.484899282455
453	962.89355	32.366093	983.5288	906.97156	955.1595	18.535059	975.9563	927.56714	1000.0	1000.0	1811999	99.27696	4.2103996	103.86676	59.297104	-99.302	0.19735236	35234.0524661541
454	969.0791	21.225674	991.6378	937.63684	950.15344	26.497051	976.82733	888.4694	1000.0	1000.0	1815999	99.30648	4.158863	104.28289	59.04512	-99.33129	0.20190491	35312.499876499176
455	968.4283	3.4580672	973.0937	963.62335	958.1162	28.487803	985.52124	897.91187	1000.0	1000.0	1819999	99.26937	4.3187804	104.40771	55.61086	-99.29357	0.21022077	35394.19146633148
456	970.2095	9.496832	986.38574	963.057	967.7831	23.624666	991.15216	925.706	1000.0	1000.0	1823999	99.25798	4.3903213	105.53131	54.193306	-99.281425	0.21643278	35475.170234918594
457	723.9719	405.90112	991.8405	21.944607	956.26483	21.548332	986.9302	908.8891	1000.0	1000.0	1827999	99.25563	4.386408	102.96374	56.1495	-99.27905	0.22016212	35555.80792927742
458	721.854	414.21976	967.73645	4.4535165	962.8334	20.536749	980.5515	904.57	1000.0	1000.0	1831999	99.20865	4.518871	103.64189	52.52117	-99.23204	0.21506608	35637.987698316574
459	977.70825	8.052022	987.26605	964.9477	967.4828	14.017751	985.7544	942.3077	1000.0	1000.0	1835999	99.22496	4.4877195	103.9144	54.013187	-99.25317	0.2178023	35716.190794706345
460	967.4807	29.742796	993.1886	916.934	974.7557	10.113693	990.7801	963.9277	1000.0	1000.0	1839999	99.23124	4.4145722	102.347626	58.651314	-99.25565	0.2021802	35795.77364397049
461	961.0845	26.181458	992.7829	932.1313	959.20197	26.938335	985.27356	901.9363	1000.0	1000.0	1843999	99.22012	4.471911	102.653595	56.778385	-99.24607	0.19174148	35880.00089097023
462	957.148	10.079253	974.4866	949.4623	955.527	19.788208	985.57446	915.11707	1000.0	1000.0	1847999	99.21747	4.4802914	101.969894	56.945473	-99.243164	0.20836456	35960.774138212204
463	972.42535	6.2212505	982.7802	967.2218	970.5031	17.2587	992.631	935.8629	1000.0	1000.0	1851999	99.23907	4.443198	103.42424	58.59178	-99.26422	0.19755591	36039.27626347542
464	926.8723	66.640205	989.1507	815.00555	948.3641	24.340218	988.97485	895.38873	1000.0	1000.0	1855999	99.23855	4.435731	106.83877	59.060036	-99.262985	0.19712637	36117.882085323334
465	900.5751	64.52749	974.7848	798.187	944.4782	16.955353	981.9144	911.12726	1000.0	1000.0	1859999	99.19416	4.4753423	104.73338	58.404644	-99.21726	0.20407608	36196.40541744232
466	950.59174	7.0437536	962.6222	944.66974	958.24036	25.994768	989.1298	908.8608	1000.0	1000.0	1863999	99.18977	4.414901	102.14786	58.371773	-99.215805	0.18995357	36275.10595011711
467	945.166	22.415825	975.81055	912.7338	898.2096	43.142307	965.2514	825.999	1000.0	1000.0	1867999	99.22523	4.4419026	103.16943	57.64141	-99.24804	0.17694409	36355.146664857864
468	948.05383	25.899662	978.3907	912.80505	963.1416	19.902365	986.2175	914.7589	1000.0	1000.0	1871999	99.15246	4.6326437	102.420334	57.385494	-99.17616	0.20993729	36436.3959236145
469	939.313	26.060755	955.97314	894.2626	944.66534	39.023598	990.48615	838.96356	1000.0	1000.0	1875999	99.21747	4.463774	106.131165	56.542847	-99.243614	0.20117389	36514.70418357849
470	960.4283	13.831421	983.20917	946.1781	961.31036	21.864994	989.94653	922.66345	1000.0	1000.0	1879999	99.26785	4.435406	105.361664	59.02251	-99.2977	0.2053962	36593.27350234985
471	888.3694	126.66502	970.40906	669.55383	956.7902	28.490437	988.92	890.14484	1000.0	1000.0	1883999	99.33444	4.4119663	102.35418	59.0657	-99.35954	0.205125	36671.89310789108
472	980.9509	10.628578	990.5377	963.0629	953.2611	22.556076	984.3806	925.1324	1000.0	1000.0	1887999	99.31239	4.3934636	107.26099	59.86577	-99.33793	0.20634265	36750.08446455002
473	955.3947	5.3641653	959.82056	946.37946	953.32434	21.471224	986.8663	905.35254	1000.0	1000.0	1891999	99.2706	4.4076624	103.132774	59.86057	-99.295395	0.20029263	36829.25955438614
474	968.128	17.802086	985.2554	938.4629	972.4084	17.960354	993.864	930.1223	1000.0	1000.0	1895999	99.25925	4.3584166	104.516754	59.510044	-99.28421	0.21462794	36906.28267931938
475	967.3614	22.374159	988.26776	929.63934	917.0477	31.920557	975.1138	870.29675	1000.0	1000.0	1899999	99.29895	4.269432	102.42228	59.16839	-99.325745	0.18730377	36983.44717645645
476	945.823	25.207314	968.5805	903.1087	962.1078	25.858189	990.3817	910.35645	1000.0	1000.0	1903999	99.25026	4.3833795	103.18534	60.349308	-99.27165	0.18437958	37062.24778699875
477	971.333	14.782872	990.10596	948.83295	957.5114	21.212376	985.6011	917.6242	1000.0	1000.0	1907999	99.16312	4.5415792	104.19715	58.026646	-99.18513	0.19145145	37142.421837329865
478	938.7604	19.887838	963.27234	914.4639	964.5189	19.149485	992.3761	928.75946	1000.0	1000.0	1911999	99.15577	4.5138845	102.75601	59.50639	-99.18014	0.20203766	37224.679045677185
479	960.8408	13.95828	977.76575	944.8155	951.49084	29.924969	983.66077	876.0748	1000.0	1000.0	1915999	99.12384	4.4724965	103.15999	59.539753	-99.14941	0.20301647	37306.876803159714
480	960.41876	9.409564	968.89545	944.581	964.7822	13.48101	982.97424	944.2085	1000.0	1000.0	1919999	99.16326	4.312002	104.06459	59.677624	-99.19029	0.20260604	37385.42663502693
481	942.34216	34.337414	971.8947	883.8761	953.87244	37.80378	985.8463	846.81445	1000.0	1000.0	1923999	99.13299	4.3962893	103.368835	59.50639	-99.15652	0.19359899	37463.71188855171
482	957.2223	24.609509	988.23114	919.47986	966.1077	13.689516	986.2717	937.5089	1000.0	1000.0	1927999	99.11834	4.3465576	102.16762	60.385746	-99.14267	0.19368228	37542.25776600838
483	971.85114	17.88539	988.93494	941.8006	953.5618	26.589037	984.66626	899.62335	1000.0	1000.0	1931999	99.099	4.4563465	102.060326	57.020664	-99.12413	0.207491	37624.566435813904
484	947.20667	22.097895	965.2653	909.6088	957.31445	23.228348	987.60126	912.6139	1000.0	1000.0	1935999	99.09423	4.4658194	103.02653	52.179222	-99.118614	0.21500903	37705.02613925934
485	976.75366	12.827151	988.73535	956.313	956.95703	25.971498	988.478	906.87714	1000.0	1000.0	1939999	99.10412	4.4220824	102.681885	58.911232	-99.127014	0.20129706	37783.90735077858
486	972.4514	13.247854	983.2565	950.10876	955.52167	32.346188	988.35156	886.7022	1000.0	1000.0	1943999	99.05936	4.5512743	102.99027	49.42708	-99.08345	0.20959257	37864.868304252625
487	969.8184	19.236761	989.0844	938.63074	969.06775	9.284951	985.8295	955.4257	1000.0	1000.0	1947999	99.06256	4.5524135	107.03192	58.230934	-99.086716	0.21592864	37943.24818301201
488	963.4763	23.206501	988.71185	926.5944	962.13934	20.861904	988.62384	922.2218	1000.0	1000.0	1951999	99.09244	4.5127482	105.60997	57.563328	-99.11713	0.21616784	38022.505910634995
489	910.9892	66.55614	977.0226	818.2803	975.4935	16.250229	989.72327	938.6378	1000.0	1000.0	1955999	99.13384	4.5374126	107.70233	56.240963	-99.16394	0.21890408	38099.56590008736
490	956.0085	13.91596	974.1169	935.826	924.5122	52.836624	970.4381	794.87805	1000.0	1000.0	1959999	99.20823	4.4925795	106.67167	53.324417	-99.234634	0.20323434	38180.49353694916
491	964.0705	13.669492	984.35785	946.0052	905.40967	70.80786	992.7171	783.72363	1000.0	1000.0	1963999	99.21226	4.4007936	102.24387	57.92274	-99.23876	0.21022916	38261.30686068535
492	974.0163	15.704842	988.1625	949.76575	966.6102	15.037868	986.30194	937.99274	1000.0	1000.0	1967999	99.22509	4.3945603	106.06085	57.44516	-99.24762	0.20093143	38341.10318851471
493	949.42224	10.540482	966.0056	937.44696	971.61554	11.611371	988.32574	956.54205	1000.0	1000.0	1971999	99.23564	4.3578563	102.06314	54.658253	-99.25966	0.21556829	38420.78136944771
494	964.41394	18.192654	983.9732	935.9746	959.4525	18.211899	981.12634	910.3673	1000.0	1000.0	1975999	99.26707	4.326049	101.76676	51.191547	-99.29137	0.188909	38505.58048725128
495	968.7427	10.196341	977.53485	951.38794	957.4393	9.981618	978.513	941.79877	1000.0	1000.0	1979999	99.31738	4.321424	102.49785	54.828697	-99.34167	0.2094582	38584.46681547165
496	919.80817	52.722744	966.186	832.0901	941.8236	31.747238	967.97076	853.6571	1000.0	1000.0	1983999	99.3815	4.207471	104.91852	54.07816	-99.40764	0.21742292	38665.44857287407
497	973.7117	5.329095	982.6896	969.2909	968.2731	14.813311	991.4678	938.7017	1000.0	1000.0	1987999	99.42478	4.10996	102.51972	54.91423	-99.44898	0.21340775	38744.03815150261
498	968.49536	13.551803	986.1772	948.06854	955.729	14.892536	979.6388	937.80786	1000.0	1000.0	1991999	99.3956	4.1815906	102.71136	57.017464	-99.41769	0.22843054	38827.072159290314
499	963.91925	17.19943	981.42474	942.69336	954.78796	23.676596	985.20087	899.3653	1000.0	1000.0	1995999	99.40602	4.0188556	102.937035	57.976925	-99.43149	0.21529236	38905.91674518585
500	938.99414	26.342583	976.00964	901.5074	955.45984	19.892742	985.74963	916.40045	1000.0	1000.0	1999999	99.40366	3.883479	102.443214	55.977036	-99.42781	0.19107163	38984.79133892059
