Epoch	AverageEpRet	StdEpRet	MaxEpRet	MinEpRet	AverageTestEpRet	StdTestEpRet	MaxTestEpRet	MinTestEpRet	EpLen	TestEpLen	TotalEnvInteracts	AverageQVals	StdQVals	MaxQVals	MinQVals	LossPi	LossQ	Time
1	3.0250044	1.5737348	4.62022	1.3697661	0.41143823	0.056293394	0.53952223	0.30871367	1000.0	1000.0	3999	0.56525177	0.20892328	1.0540156	-0.69812083	-0.6215617	0.000559374	45.189985036849976
2	3.7942524	1.0798535	5.415233	2.5482285	0.6302045	0.16912632	0.87647915	0.4130182	1000.0	1000.0	7999	0.4579341	0.19093576	1.0343192	0.0066836253	-0.42578253	0.00019897135	102.5321090221405
3	2.243394	0.43626124	2.8740957	1.8251704	0.71210015	0.15223593	0.9509212	0.5311055	1000.0	1000.0	11999	0.70539236	0.42257372	2.0953677	-0.03250322	-0.76374793	0.00036760286	161.04580760002136
4	1.7290481	0.3374544	2.2735007	1.3793705	0.30034345	0.07752367	0.44497564	0.19272405	1000.0	1000.0	15999	1.3522402	0.18870872	2.454648	0.5948113	-1.3711727	0.0002606024	220.54184365272522
5	1.494368	0.15371613	1.6925707	1.3151451	0.266478	0.09436721	0.44693828	0.18536396	1000.0	1000.0	19999	1.237573	0.114841975	2.264684	0.95421576	-1.2386731	0.00012987762	280.31037640571594
6	1.4896624	0.26087013	1.7740037	1.0638815	0.24166858	0.044648267	0.30439743	0.17355952	1000.0	1000.0	23999	1.0532115	0.109532	2.0643804	0.7470069	-1.0525928	9.132216e-05	340.03023886680603
7	1.5317885	0.110318355	1.6575012	1.3641696	0.29420522	0.056439728	0.36517772	0.18302406	1000.0	1000.0	27999	0.8735615	0.09651708	1.7620058	0.5756827	-0.8724108	6.8556925e-05	399.7161514759064
8	1.4053049	0.1691342	1.548845	1.1193502	0.2734917	0.062691115	0.39924127	0.19389777	1000.0	1000.0	31999	0.72140163	0.083621204	1.5763266	0.47018492	-0.72094876	6.449062e-05	459.7011878490448
9	1.4618088	0.11057465	1.6330965	1.3622152	0.3037526	0.10766336	0.48106763	0.188946	1000.0	1000.0	35999	0.60796225	0.08348627	1.584583	0.37883493	-0.6073668	6.349881e-05	520.7686040401459
10	1.5052743	0.12274631	1.6784755	1.3314798	0.2520236	0.0495001	0.36490732	0.19790527	1000.0	1000.0	39999	0.51258564	0.07886679	1.464165	0.25493008	-0.51194185	5.1316907e-05	583.2014803886414
11	1.3920231	0.17957443	1.6304928	1.1697482	0.26223636	0.06532497	0.40404215	0.18387341	1000.0	1000.0	43999	0.43771476	0.0721721	1.5165572	0.26186824	-0.43724126	3.8425005e-05	645.6904757022858
12	1.4021326	0.18352166	1.6331095	1.1841098	0.25304735	0.056806292	0.37751234	0.19350384	1000.0	1000.0	47999	0.3764836	0.06971325	1.4339767	0.22863758	-0.37571722	3.741137e-05	708.1909337043762
13	1.1983981	0.10839368	1.3542396	1.0758858	0.22530882	0.032731477	0.29198268	0.18806246	1000.0	1000.0	51999	0.32417798	0.06806951	1.2996892	0.19758701	-0.3238442	3.349576e-05	770.5474512577057
14	1.5947111	0.21225773	1.8551673	1.2780651	0.24504094	0.056293316	0.3543194	0.18238287	1000.0	1000.0	55999	0.28187093	0.06266374	1.2850529	0.15640041	-0.28087112	3.376669e-05	833.2754647731781
15	1.3493835	0.18072638	1.5404354	1.0665653	0.27462447	0.06690155	0.40970367	0.20661142	1000.0	1000.0	59999	0.24459253	0.058738895	1.4140762	0.08983249	-0.24402888	3.777714e-05	896.6567101478577
16	1.4343266	0.08514067	1.528507	1.310334	0.2389921	0.03678466	0.30577335	0.18301466	1000.0	1000.0	63999	0.21613503	0.05864915	1.3221554	0.0035323948	-0.21545222	4.0031377e-05	960.605530500412
17	1.4165223	0.09934624	1.5601586	1.3083441	0.29648653	0.098338924	0.48851544	0.187329	1000.0	1000.0	67999	0.19524688	0.06317089	1.5263689	0.012794957	-0.19493374	5.2487212e-05	1030.7853288650513
18	1.4627802	0.16212438	1.7361503	1.312947	0.22723663	0.053210128	0.33331406	0.14169289	1000.0	1000.0	71999	0.17791799	0.066075996	1.6877898	-4.917383e-06	-0.17714816	4.942914e-05	1106.0618391036987
19	1.459075	0.1806591	1.7689247	1.3178015	0.24763504	0.070539564	0.38949472	0.18038754	1000.0	1000.0	75999	0.16071457	0.05955326	1.2731798	0.007243216	-0.16012973	3.375935e-05	1184.096003293991
20	1.420625	0.15055795	1.5868541	1.2561694	0.24801087	0.048629124	0.36220753	0.2059834	1000.0	1000.0	79999	0.15021503	0.06538512	1.3712567	0.019427918	-0.1500393	4.1829786e-05	1263.4126880168915
21	1.4090594	0.19082119	1.632564	1.1315825	0.23354721	0.06440716	0.42074484	0.19207181	1000.0	1000.0	83999	0.14561541	0.06131662	1.2906933	0.06381104	-0.14500442	4.2784664e-05	1343.5147585868835
22	1.5595043	0.15174477	1.771542	1.3589011	0.26265627	0.051658776	0.3608242	0.1814385	1000.0	1000.0	87999	0.13216627	0.05508759	1.311189	0.010861337	-0.13150418	3.1023326e-05	1423.6780624389648
23	1.353779	0.23156849	1.728225	1.1324612	0.24015927	0.062814586	0.37830532	0.16534679	1000.0	1000.0	91999	0.12708087	0.058267757	1.3714111	-0.022272512	-0.12683442	3.459086e-05	1504.1546919345856
24	1.3779103	0.16315728	1.5339835	1.1074779	0.25463167	0.054460272	0.36228523	0.18143173	1000.0	1000.0	95999	0.12375378	0.058675323	1.3400822	-0.04306078	-0.12315797	3.6233876e-05	1584.430947303772
25	1.337229	0.14371271	1.494768	1.1566652	0.268634	0.07980764	0.4779156	0.18447082	1000.0	1000.0	99999	0.11462651	0.054370355	1.2078388	0.0151482895	-0.114036195	3.0142566e-05	1664.9402661323547
26	1.4867862	0.23492113	1.7128617	1.0952556	0.2914161	0.049239058	0.34414953	0.19939552	1000.0	1000.0	103999	0.111411355	0.05700468	1.3426307	0.009549387	-0.11108428	3.2061165e-05	1745.5273714065552
27	1.4584688	0.13172454	1.6368138	1.3269478	0.23715195	0.06304481	0.37202048	0.16296667	1000.0	1000.0	107999	0.10993268	0.061149545	1.406962	0.029845089	-0.1093333	4.403773e-05	1826.1628646850586
28	1.385389	0.13663147	1.5205545	1.1899985	0.242518	0.08668109	0.49126574	0.17746176	1000.0	1000.0	111999	0.104412444	0.052663684	1.1686776	-0.007196434	-0.10383763	3.1526833e-05	1906.7655165195465
29	1.3957003	0.13571315	1.5416576	1.18652	0.24870975	0.0645631	0.3565219	0.16963826	1000.0	1000.0	115999	0.1029789	0.050693933	1.1724383	0.030411705	-0.10259038	3.1717376e-05	1987.470666885376
30	1.5013947	0.19754244	1.6601758	1.1627345	0.25367185	0.079273805	0.42530423	0.17128266	1000.0	1000.0	119999	0.10612855	0.053516645	1.3087462	0.022974953	-0.1058051	3.565868e-05	2068.3006036281586
31	1.2947983	0.061124172	1.360155	1.2077371	0.2463357	0.049023945	0.31945527	0.19506137	1000.0	1000.0	123999	0.10585347	0.05460606	1.2691709	0.036655456	-0.1054888	3.3901397e-05	2149.296241760254
32	1.6750451	0.079425335	1.7537091	1.5804443	0.2425446	0.052215554	0.37493962	0.1768562	1000.0	1000.0	127999	0.10380623	0.053859867	1.3176862	0.035986803	-0.103154294	3.7989572e-05	2230.216117143631
33	1.320829	0.053127352	1.4098136	1.2793599	0.27514887	0.03227545	0.3317199	0.22019632	1000.0	1000.0	131999	0.10087981	0.046635408	0.99833953	0.014697269	-0.10027175	2.9228398e-05	2311.2589626312256
34	1.3529367	0.10065979	1.5181264	1.2487485	0.27555737	0.06308189	0.4161737	0.1993015	1000.0	1000.0	135999	0.09848655	0.044562336	1.0202401	-0.08648353	-0.09791878	2.5618232e-05	2392.1062083244324
35	1.4771388	0.10251229	1.6458374	1.3776344	0.26748747	0.078331165	0.4849528	0.19389424	1000.0	1000.0	139999	0.097508356	0.04640266	1.2061777	-0.054085925	-0.09702174	3.0584895e-05	2473.217911720276
36	1.5512966	0.08988788	1.6549894	1.4396667	0.2269843	0.042983547	0.318014	0.17455013	1000.0	1000.0	143999	0.09391884	0.048839577	1.2185094	0.005186774	-0.09311486	2.9080682e-05	2554.303771495819
37	1.3772812	0.11985005	1.5225629	1.1971527	0.26818353	0.08019494	0.4492227	0.19764796	1000.0	1000.0	147999	0.08955156	0.04832687	1.2679546	0.0034012944	-0.08894522	3.3497563e-05	2635.353899240494
38	1.4100759	0.09553819	1.5045782	1.2506337	0.31764224	0.10422299	0.48531845	0.18836105	1000.0	1000.0	151999	0.08723235	0.05811306	1.5771005	-0.11296728	-0.08643634	4.336274e-05	2716.416204929352
39	1.4865041	0.1278555	1.6333591	1.2925327	0.2528445	0.062265098	0.40144446	0.18426915	1000.0	1000.0	155999	0.0790474	0.055215653	1.400172	-0.033162847	-0.078103974	3.554978e-05	2797.623882293701
40	1.3056474	0.079273015	1.3942834	1.1772668	0.2592993	0.06018402	0.38454673	0.19409469	1000.0	1000.0	159999	0.0749808	0.05399783	1.470261	-0.04663162	-0.07426136	3.38096e-05	2878.949404478073
41	5.0352983	1.4826938	7.118305	3.2822716	2.239534	0.21606402	2.7125905	1.9323223	1000.0	1000.0	163999	0.7687355	0.583967	3.7584019	0.010413587	-0.8521464	0.0005669413	2956.5471200942993
42	22.677546	6.8045506	31.989021	12.8792	7.8862243	0.24851327	8.288949	7.507697	1000.0	1000.0	167999	3.4237468	1.2961761	10.649867	0.49119633	-3.6463134	0.0021074468	3032.503821849823
43	2.3878455	1.4621462	4.9158096	1.4232745	0.4206511	0.06376755	0.53924704	0.31156355	1000.0	1000.0	171999	5.3502326	0.30767554	10.300621	1.9286543	-5.3978167	0.0020846797	3108.6474952697754
44	6.2026396	1.7216195	8.81324	4.3893876	12.601007	1.8740146	16.993471	9.1558485	1000.0	1000.0	175999	6.1485662	0.7160862	8.716358	4.0042577	-6.2635264	0.00161168	3184.717906475067
45	56.13365	33.118935	98.09319	9.200737	29.181284	15.889357	57.927883	10.809668	1000.0	1000.0	179999	6.36691	0.25560266	15.9232645	4.6631207	-6.4334936	0.0017401983	3260.741677761078
46	79.323105	24.93309	119.90333	52.071323	17.474617	2.0124943	21.756481	14.711655	1000.0	1000.0	183999	6.5139694	0.4783118	17.170439	5.2286468	-6.592832	0.0039533423	3337.1291105747223
47	40.869507	17.543295	59.187756	13.610766	68.75975	21.494234	97.58467	39.945007	1000.0	1000.0	187999	7.2012177	0.7788997	36.849777	5.240267	-7.320395	0.005905124	3413.3307337760925
48	179.38828	30.53085	227.25305	151.59802	212.55347	26.030617	252.67316	168.55347	1000.0	1000.0	191999	8.506147	1.1753588	36.65492	5.229723	-8.638473	0.013363396	3489.7194402217865
49	158.09134	71.09689	221.98427	49.78924	179.38103	35.79866	219.48003	82.10033	1000.0	1000.0	195999	9.592456	1.442606	31.911137	4.8392477	-9.728338	0.01834949	3566.2064759731293
50	174.95686	20.48777	198.78354	142.53764	95.59468	41.08277	157.86922	44.39756	1000.0	1000.0	199999	10.354965	1.7950015	26.842052	3.3574688	-10.468975	0.025997767	3642.79213142395
51	72.083374	30.28786	111.084816	31.072054	77.25301	21.408316	105.73938	47.3451	1000.0	1000.0	203999	11.7862625	2.1701496	31.859932	4.0394044	-12.017686	0.043221638	3719.3177790641785
52	81.34156	17.290176	104.081154	62.013535	79.11696	40.426414	181.11401	36.57276	1000.0	1000.0	207999	14.198961	2.2836573	32.02343	4.633917	-14.433428	0.046231605	3795.883397102356
53	92.122574	43.123764	137.6703	42.11128	103.982254	44.057373	211.05814	65.82496	1000.0	1000.0	211999	15.840277	2.1955965	31.895954	5.729284	-16.029875	0.04268348	3872.639219522476
54	55.65972	10.8944845	71.8659	45.46503	71.56752	19.656023	110.73448	50.2443	1000.0	1000.0	215999	17.000622	2.3185227	31.65353	5.312661	-17.214128	0.046495013	3949.486495733261
55	116.168526	69.6784	236.79918	74.165985	112.54326	33.458492	195.26329	84.260345	1000.0	1000.0	219999	17.954445	2.5107946	32.560596	5.3046002	-18.166876	0.043659702	4026.426429748535
56	128.31236	44.64233	179.99828	60.51792	74.68099	34.206738	157.95163	43.526443	1000.0	1000.0	223999	19.07305	2.8809466	33.588	5.812185	-19.291847	0.04724266	4103.596957683563
57	88.217636	43.185482	140.57826	45.224007	93.10325	25.59701	133.04158	54.922573	1000.0	1000.0	227999	19.758099	3.286284	34.489185	6.2811394	-19.9555	0.051893022	4181.067036390305
58	100.425995	32.347168	133.63168	54.234818	161.97069	76.33584	290.48758	73.18371	1000.0	1000.0	231999	20.65264	3.8647656	36.06772	6.504554	-20.903484	0.06082802	4258.701421499252
59	124.213974	68.424324	200.8	47.615475	134.42503	59.800995	285.0011	71.84863	1000.0	1000.0	235999	21.296764	4.4105787	39.453213	6.232495	-21.500324	0.062649526	4336.113022565842
60	155.0127	58.362144	212.66382	57.9805	93.49397	45.704025	164.21844	43.69167	1000.0	1000.0	239999	21.711124	4.9033895	41.92441	5.756123	-21.952425	0.070041426	4413.587351799011
61	77.76459	24.50612	102.45081	39.285976	119.84342	60.54365	223.48181	54.674496	1000.0	1000.0	243999	22.42316	5.4906974	43.094624	5.6730633	-22.635063	0.07284427	4491.024933099747
62	91.15215	29.623003	116.806694	40.709137	151.24533	72.38963	301.09427	65.73048	1000.0	1000.0	247999	22.382547	5.8956833	43.995815	5.340646	-22.575628	0.085864365	4568.574427843094
63	114.05946	106.40639	296.6878	32.765884	108.76278	52.86838	211.62862	48.641575	1000.0	1000.0	251999	22.52677	6.317216	44.782524	5.0923405	-22.764769	0.08561259	4646.103890657425
64	125.805725	51.490654	196.11348	51.992916	110.66066	56.96069	257.55417	45.880157	1000.0	1000.0	255999	22.98948	6.82043	45.02263	5.061746	-23.195217	0.086822554	4723.708844661713
65	66.54706	32.711052	116.73162	35.19249	207.31265	106.216515	368.88312	67.299934	1000.0	1000.0	259999	23.060215	7.228594	45.69959	4.650021	-23.285799	0.0921853	4801.106983184814
66	86.9274	24.311817	121.28776	57.169	193.10172	92.54887	306.34232	75.27	1000.0	1000.0	263999	23.42659	7.6847095	44.970684	2.460595	-23.649078	0.10042377	4878.557849645615
67	163.97067	71.29636	267.90195	90.32769	143.73376	64.94757	271.34277	43.050358	1000.0	1000.0	267999	23.3916	7.941709	44.902668	1.9494239	-23.591385	0.105484076	4955.984477996826
68	107.37625	66.88458	207.25986	46.144455	97.21239	42.959023	168.21703	47.081223	1000.0	1000.0	271999	23.258305	8.123059	44.894115	1.9765867	-23.448326	0.10728413	5033.456791877747
69	237.3503	58.924095	317.14005	151.68483	197.77686	86.294945	287.37628	63.94818	1000.0	1000.0	275999	23.582905	8.432077	45.60957	1.9966547	-23.8253	0.11526516	5110.83299946785
70	153.19977	64.26083	229.83922	75.57324	68.90452	30.11711	148.09148	43.02255	1000.0	1000.0	279999	23.717525	8.610664	46.08808	2.2373679	-23.916124	0.115795255	5188.243946790695
71	178.63113	107.87011	352.2615	61.4615	183.8028	82.2292	341.66257	76.41295	1000.0	1000.0	283999	24.199434	9.027439	46.971897	2.5150597	-24.453594	0.12269477	5265.569708585739
72	163.60083	58.85166	230.71686	70.28985	235.40279	85.27775	379.5603	96.088394	1000.0	1000.0	287999	25.011074	9.482375	47.516026	2.4047518	-25.237396	0.12753567	5342.792892456055
73	183.09601	73.6089	266.7042	65.92072	212.51811	112.46789	384.39062	61.99103	1000.0	1000.0	291999	25.152468	9.768445	48.0228	2.535682	-25.369509	0.12235581	5420.406808376312
74	259.7109	47.75043	334.68637	211.83403	194.64987	119.302444	404.4836	47.3748	1000.0	1000.0	295999	25.552456	10.034631	48.666866	2.2485104	-25.791256	0.13085105	5497.992228031158
75	195.33917	88.73089	307.36578	58.80515	145.59708	87.365944	326.13556	61.553738	1000.0	1000.0	299999	25.762823	10.372748	49.13652	2.2064228	-25.976273	0.1405215	5575.560122013092
76	276.97592	133.43768	385.27014	48.841278	179.02133	82.9447	333.56888	66.18622	1000.0	1000.0	303999	25.832195	10.531743	49.235855	2.2293255	-26.026632	0.14186844	5653.061192989349
77	147.5797	30.156496	174.21515	100.81336	205.89182	89.73924	351.1822	70.782486	1000.0	1000.0	307999	25.63734	10.571474	50.28644	1.5990844	-25.860422	0.13978602	5730.639980554581
78	281.2857	35.42805	341.4865	250.54105	163.5326	88.051865	281.37628	36.56006	1000.0	1000.0	311999	26.177195	10.915297	51.435925	2.2740169	-26.40541	0.14708433	5807.99370765686
79	188.10754	106.480736	349.11472	60.17888	225.58113	106.0956	396.3152	59.739555	1000.0	1000.0	315999	26.36678	11.043793	51.33845	2.3021584	-26.574732	0.15229873	5885.382918357849
80	241.64563	59.333744	298.32965	147.42874	222.6617	65.72848	333.30072	109.67497	1000.0	1000.0	319999	26.015352	11.094815	50.868225	2.3246667	-26.196375	0.15767623	5962.933538675308
81	233.37502	78.193054	342.36053	153.71446	223.38013	94.56996	359.35205	79.614365	1000.0	1000.0	323999	25.842806	11.101192	51.172493	2.3452704	-26.026749	0.15852603	6040.373694419861
82	184.81601	100.60722	325.0737	45.698112	213.60535	66.45795	302.4163	114.95706	1000.0	1000.0	327999	25.481686	11.088633	50.17621	2.0796716	-25.675846	0.15678503	6117.712957382202
83	162.488	40.376724	214.32898	101.47388	152.0542	103.492195	337.88538	66.29706	1000.0	1000.0	331999	25.381493	11.199658	50.586838	2.0296588	-25.546072	0.14969066	6194.940686941147
84	197.94244	64.80958	269.98538	92.80646	213.48184	110.97743	360.7207	72.22266	1000.0	1000.0	335999	25.04806	11.137607	50.58099	2.0961885	-25.260078	0.15975378	6272.395316123962
85	199.14502	67.33263	301.12317	117.39028	108.947426	39.67926	180.72906	54.240288	1000.0	1000.0	339999	26.173115	10.107414	52.721344	3.163303	-26.44552	0.18327032	6349.879903554916
86	178.66849	29.624283	220.09604	140.7555	146.67949	59.33153	240.18564	59.243877	1000.0	1000.0	343999	28.039762	9.387475	57.30534	3.8309298	-28.360102	0.24473904	6427.343154668808
87	268.24176	63.197826	330.1458	165.91246	236.53513	99.32485	380.00522	71.87921	1000.0	1000.0	347999	29.594616	9.637145	59.807606	4.178603	-29.888548	0.29613465	6504.6742560863495
88	254.7291	77.46994	312.6938	121.67499	284.36823	77.96368	377.3807	140.99615	1000.0	1000.0	351999	31.775028	10.308921	98.19303	4.1909595	-32.148163	0.45971492	6582.159842252731
89	246.25987	38.018223	286.38962	190.5082	124.54509	88.058525	317.52124	38.625816	1000.0	1000.0	355999	33.55217	10.795524	105.948265	4.4492984	-33.861515	0.61729825	6659.754115581512
90	180.0387	85.162766	295.73575	58.868298	111.41225	63.079666	191.19714	28.648125	1000.0	1000.0	359999	34.24069	10.120998	98.596634	4.770434	-34.546516	0.38607147	6737.359369516373
91	128.74321	112.20518	292.66928	3.1567285	1.5235192	0.34771976	2.3478265	1.0331572	1000.0	1000.0	363999	34.29321	9.69628	85.79421	5.408767	-34.483814	0.33198655	6814.769837379456
92	3.4507675	1.445325	5.260416	2.020514	209.23071	73.980865	307.80835	81.9219	1000.0	1000.0	367999	34.347515	9.644817	73.608315	6.1485643	-34.67426	0.28552526	6892.195923805237
93	52.861633	19.421738	81.47764	33.888405	45.999756	15.701372	91.78381	35.410362	1000.0	1000.0	371999	34.985115	9.79563	66.95273	5.739485	-35.306053	0.2656106	6969.610899925232
94	40.68815	2.1954303	43.412083	37.691193	69.76961	25.078983	103.27612	28.557169	1000.0	1000.0	375999	35.73121	10.43342	62.65425	6.140012	-36.015984	0.23681372	7047.127697944641
95	48.98954	34.878574	100.2502	1.9586145	76.73191	67.65263	261.57397	30.840492	1000.0	1000.0	379999	35.1627	10.765668	62.90655	5.886195	-35.374996	0.23109253	7124.817930221558
96	141.32031	74.38876	229.55032	52.505985	53.02709	57.616394	225.32155	26.057518	1000.0	1000.0	383999	33.360058	10.546259	61.646748	5.8726845	-33.52249	0.22711954	7202.27593588829
97	248.33052	72.24355	318.48883	130.92545	168.64725	74.46919	334.61856	86.37731	1000.0	1000.0	387999	31.96369	10.548072	61.96438	5.84296	-32.17517	0.25060037	7279.622040987015
98	190.66473	82.37819	305.3777	89.60638	176.49039	60.85716	272.08508	70.55271	1000.0	1000.0	391999	32.201984	11.04671	60.74142	5.7341475	-32.469337	0.2592636	7356.849501132965
99	245.54497	70.50047	322.58337	132.69608	157.65642	69.64124	312.14813	93.30517	1000.0	1000.0	395999	32.279877	11.47573	60.44531	6.2415714	-32.522873	0.2764925	7433.879664897919
100	182.22882	77.877785	306.26877	112.96	209.8092	96.298294	313.5289	55.469215	1000.0	1000.0	399999	32.2502	11.350191	60.614326	5.9652605	-32.517006	0.26177827	7511.26259803772
101	216.35287	92.625626	321.35623	111.74107	247.08081	96.091866	350.95996	33.646183	1000.0	1000.0	403999	32.72681	10.569838	60.384907	6.2604494	-32.97586	0.23280674	7588.778381824493
102	218.30904	61.830975	271.3597	118.78053	220.08548	85.42083	353.32294	119.14507	1000.0	1000.0	407999	32.657562	10.392063	59.46593	7.0177345	-32.901352	0.23389418	7666.528940677643
103	353.24405	18.212166	374.4196	324.50504	301.62592	67.415184	372.7603	156.75279	1000.0	1000.0	411999	32.458416	10.577154	60.40003	6.844902	-32.683666	0.21814993	7743.855428934097
104	303.61676	92.06382	410.86642	157.54086	268.53622	67.33122	354.43268	157.73206	1000.0	1000.0	415999	32.194805	10.908885	59.870594	6.5957756	-32.411915	0.22728759	7820.977151632309
105	206.38272	110.780846	390.44064	109.80009	175.20337	96.852585	432.22626	85.63335	1000.0	1000.0	419999	31.861444	11.255747	59.748222	6.113288	-32.072254	0.22662176	7898.448229312897
106	272.00067	91.36744	357.5618	119.35125	301.63275	59.461037	362.12613	177.42885	1000.0	1000.0	423999	31.69351	11.566408	57.783203	5.773137	-31.921003	0.20783085	7976.211769104004
107	312.07904	112.38115	410.19714	123.05842	241.75388	81.51472	330.419	89.231804	1000.0	1000.0	427999	31.64086	11.894116	58.416725	5.199914	-31.857027	0.20677978	8053.658116340637
108	261.74942	103.72259	346.9659	88.80748	322.85272	96.19204	396.88876	64.75788	1000.0	1000.0	431999	31.401344	12.06615	59.045647	5.385925	-31.608347	0.21408617	8130.8322920799255
109	252.62881	95.06974	335.84222	97.13796	279.6266	105.39183	433.97046	52.244255	1000.0	1000.0	435999	31.02828	12.180042	56.76497	5.0784826	-31.226036	0.20675848	8207.980459213257
110	290.30774	47.26943	367.00446	239.6745	310.57727	77.11158	419.7734	147.7229	1000.0	1000.0	439999	30.58891	12.028637	56.7753	5.1669207	-30.776848	0.21204644	8285.384673118591
111	208.96265	74.2817	331.83774	148.88823	312.4344	60.48239	394.61392	203.57773	1000.0	1000.0	443999	30.700302	11.745453	56.12047	4.7262993	-30.930313	0.22112411	8362.909468889236
112	368.45932	16.497679	384.52295	342.3701	336.79974	42.177654	427.84167	269.65912	1000.0	1000.0	447999	31.05083	11.47148	55.998787	4.5009995	-31.277369	0.22635117	8440.265129327774
113	291.09265	105.107834	378.99304	115.284225	350.22968	93.08143	425.3119	85.414566	1000.0	1000.0	451999	31.354136	11.27218	56.590065	4.681635	-31.578672	0.2285798	8517.883019924164
114	220.76996	131.16248	371.2048	81.20182	132.59703	49.14813	211.15424	73.20182	1000.0	1000.0	455999	31.473553	11.245019	55.600357	4.5586786	-31.674793	0.21091773	8595.350091695786
115	276.80365	126.1976	418.99216	103.876015	356.50983	79.7216	432.4386	152.10248	1000.0	1000.0	459999	31.239944	11.3407135	57.813873	4.2286305	-31.449219	0.2291979	8672.952787160873
116	262.61633	56.4145	340.6436	185.4049	346.4487	58.43271	411.01712	197.7927	1000.0	1000.0	463999	31.308258	11.319868	58.328228	3.8290482	-31.508543	0.2271446	8750.759635210037
117	283.58917	48.09812	331.71722	204.01756	331.53052	84.337845	443.2956	121.9214	1000.0	1000.0	467999	31.06381	11.311768	58.312214	3.5713177	-31.259163	0.23191403	8828.33209490776
118	351.6859	93.90415	429.9436	193.06117	399.4807	28.070053	450.41705	361.78857	1000.0	1000.0	471999	31.14656	11.242602	56.765556	3.6534889	-31.35948	0.2496376	8905.803045272827
119	326.20453	116.0374	435.40784	132.16136	442.9183	52.69134	535.3002	371.28326	1000.0	1000.0	475999	31.460348	11.025042	58.638294	3.6997962	-31.680325	0.268305	8983.24676823616
120	399.81287	29.795689	447.7242	366.9546	375.52426	38.702293	430.26443	272.69037	1000.0	1000.0	479999	32.11335	10.663657	59.02802	3.7202034	-32.34856	0.26493868	9060.694973945618
121	374.04047	46.585396	432.92453	302.90323	322.90985	91.658844	430.86508	132.23401	1000.0	1000.0	483999	32.7309	10.115814	57.95612	4.527004	-32.969395	0.2365661	9138.250595331192
122	407.76892	31.581316	447.89645	375.50928	395.72235	40.009254	462.96048	302.45706	1000.0	1000.0	487999	33.15462	9.945734	57.871483	7.6590695	-33.361385	0.2243884	9215.648866653442
123	347.74564	96.04328	423.69302	184.52434	305.73077	92.64661	407.34598	150.00528	1000.0	1000.0	491999	33.261745	9.664921	58.98358	6.641692	-33.495186	0.2210833	9293.050067186356
124	282.5656	123.44941	421.57257	89.679695	339.94955	118.01709	436.05984	59.46806	1000.0	1000.0	495999	33.889618	9.294589	59.38539	7.621458	-34.109436	0.22440752	9370.727185726166
125	327.58295	106.08122	466.04782	171.545	408.9937	27.27287	451.8943	374.54797	1000.0	1000.0	499999	33.8907	9.538515	58.663963	10.435345	-34.10937	0.22921713	9448.174852132797
126	368.0776	35.497875	414.14468	314.82974	319.05634	112.528336	440.0333	107.10198	1000.0	1000.0	503999	34.26343	9.6229725	58.827797	11.493951	-34.49317	0.21641986	9525.58862233162
127	366.62482	36.59127	429.492	341.07837	351.95306	23.95856	395.5674	317.04974	1000.0	1000.0	507999	34.63733	9.536235	60.878536	10.56453	-34.867847	0.22762579	9602.959401607513
128	344.60007	64.23904	414.50067	242.7352	182.1707	91.78421	374.32227	81.76101	1000.0	1000.0	511999	34.74988	9.454943	60.937527	12.079887	-34.951862	0.23052508	9680.477761745453
129	310.70267	94.05088	412.2978	193.73544	381.29575	33.81075	446.1196	314.17154	1000.0	1000.0	515999	34.69222	9.463813	61.822334	14.258117	-34.90553	0.22032352	9758.091973543167
130	315.3205	136.34354	420.5552	84.75792	336.24066	91.6887	436.09595	93.50737	1000.0	1000.0	519999	34.57291	9.616603	61.604244	15.957018	-34.76939	0.20676571	9835.732096672058
131	381.296	38.30522	432.34644	325.5775	339.46173	100.97221	434.929	69.84129	1000.0	1000.0	523999	34.50271	9.797782	61.651344	15.874994	-34.710377	0.2139812	9913.334658145905
132	359.17767	34.49886	416.85638	332.39972	395.39526	29.101774	437.55798	351.82214	1000.0	1000.0	527999	34.419827	9.997847	61.507572	13.166965	-34.614548	0.21138644	9990.918408870697
133	340.82227	113.012566	452.17938	152.15477	373.73026	29.11658	412.95508	327.77478	1000.0	1000.0	531999	34.428024	10.258806	61.133827	13.339643	-34.63888	0.19994183	10068.625183582306
134	340.2413	75.849434	393.50537	210.03258	418.1914	26.680548	459.6683	367.14047	1000.0	1000.0	535999	34.805458	10.366998	61.59867	10.988995	-35.023743	0.21362029	10146.365086078644
135	396.04858	32.13431	425.32425	341.80533	335.24002	39.68284	399.7845	279.24536	1000.0	1000.0	539999	34.88378	10.561989	62.24618	9.909682	-35.08823	0.20375998	10223.857685804367
136	378.82718	47.3628	444.1234	320.8844	387.34393	106.508835	471.73975	90.78733	1000.0	1000.0	543999	34.729824	10.929889	61.599808	7.8184657	-34.921764	0.21530063	10301.401108264923
137	347.14008	109.02332	448.21805	165.21065	393.73938	83.38441	510.65964	196.66406	1000.0	1000.0	547999	34.894024	11.036352	61.699177	6.6437616	-35.110165	0.21663311	10378.887370347977
138	323.91086	120.51624	423.9615	118.02309	411.46405	63.09196	473.41132	234.26312	1000.0	1000.0	551999	35.08734	11.192419	62.66589	5.413187	-35.297806	0.21678227	10456.403225898743
139	396.32248	26.89808	435.74094	360.9083	378.86533	91.940636	463.07303	148.93842	1000.0	1000.0	555999	35.235416	11.403838	62.63179	4.2752366	-35.424095	0.2194065	10533.877916812897
140	304.7708	102.52484	396.44342	131.76857	393.48383	95.12287	471.96243	125.85141	1000.0	1000.0	559999	35.084213	11.721133	62.52384	2.1692994	-35.291397	0.22519638	10611.51934337616
141	441.53497	43.525944	485.25043	370.4227	383.34268	66.48513	470.5398	270.9284	1000.0	1000.0	563999	35.15803	12.067949	63.789917	0.19791079	-35.353516	0.22711523	10689.137614965439
142	288.13986	153.29912	452.87323	99.186165	398.13828	122.986206	504.87448	160.80722	1000.0	1000.0	567999	35.232414	12.488585	64.65202	0.21103334	-35.438732	0.23545542	10766.931292772293
143	374.75458	139.79538	477.35062	135.93933	418.98868	66.94261	470.2004	243.58022	1000.0	1000.0	571999	35.414364	12.729845	64.75219	-0.14371681	-35.62105	0.2422169	10844.820736646652
144	367.2577	47.45352	404.98578	286.64908	418.43295	79.49239	524.3523	224.90463	1000.0	1000.0	575999	35.565136	12.995479	64.29998	-0.054061413	-35.756912	0.24232185	10922.394776582718
145	417.9132	10.269583	434.3043	408.6277	428.2337	37.28004	475.5854	340.71152	1000.0	1000.0	579999	35.45848	13.1656275	64.138176	2.4550111	-35.64886	0.2619921	11000.311505794525
146	304.9444	159.8179	482.90472	70.15019	389.26376	126.15176	533.1196	130.84845	1000.0	1000.0	583999	35.46824	13.365344	66.18248	4.14242	-35.666653	0.25837988	11078.06366109848
147	250.12003	121.02197	458.24756	163.9606	468.6521	22.7282	497.34503	428.53	1000.0	1000.0	587999	35.617966	13.551455	67.75469	4.602806	-35.825798	0.27924818	11155.772108316422
148	339.09946	112.10745	476.85028	164.16411	320.02963	141.89725	556.00214	88.78461	1000.0	1000.0	591999	35.75471	13.806392	67.498215	5.671915	-35.954216	0.27214918	11233.416909217834
149	474.76395	26.737823	509.51343	434.7946	515.66565	21.23684	549.1841	488.28625	1000.0	1000.0	595999	35.96162	14.026507	67.45696	5.473171	-36.164856	0.27586418	11311.169557571411
150	479.39987	21.442102	510.16415	451.1338	452.402	25.293371	505.98	415.69635	1000.0	1000.0	599999	36.071693	14.296624	67.83237	4.9149733	-36.267296	0.28807032	11389.222125530243
151	464.91116	28.135897	513.23083	443.37396	485.5751	28.019817	526.3383	431.95407	1000.0	1000.0	603999	36.19511	14.513379	68.267815	0.97127247	-36.38695	0.29022577	11466.949966192245
152	459.0109	51.901493	533.0603	387.46628	359.1893	22.895895	400.9738	329.31494	1000.0	1000.0	607999	36.27168	14.655352	68.60232	4.203537	-36.47368	0.29797316	11544.652601242065
153	475.7342	54.469654	544.2678	392.45447	470.83887	23.795382	512.8731	431.0953	1000.0	1000.0	611999	36.632977	14.751044	69.31925	3.8723104	-36.83882	0.28419092	11622.012429237366
154	474.51154	40.985943	511.93427	405.37506	501.79248	51.259266	571.1825	393.47888	1000.0	1000.0	615999	36.868584	14.960463	69.039566	4.7054367	-37.070213	0.29697838	11699.393059968948
155	481.85025	33.367565	512.8289	427.7158	441.80038	19.017237	483.05823	413.70975	1000.0	1000.0	619999	37.03068	15.226103	68.97229	4.863065	-37.22321	0.30894777	11776.750069856644
156	405.24097	153.74821	533.2298	142.40988	417.0583	111.08352	505.3934	96.613945	1000.0	1000.0	623999	37.031513	15.525433	68.64302	3.6407697	-37.225548	0.30348963	11854.32458615303
157	461.6628	9.573567	473.1575	446.65857	270.70306	157.964	496.19785	44.743217	1000.0	1000.0	627999	37.26035	15.787593	69.60221	1.2630186	-37.469986	0.2980523	11932.01028585434
158	391.44672	143.3922	524.21313	149.2981	444.97372	82.39059	505.7283	211.01271	1000.0	1000.0	631999	37.68093	15.871582	69.63855	-4.226096	-37.900784	0.32605517	12009.861125946045
159	466.3598	20.061337	490.50735	435.37823	498.85938	46.22166	558.76	398.62457	1000.0	1000.0	635999	38.275085	15.775766	69.78294	-3.2785544	-38.494064	0.33967474	12087.72151517868
160	489.0036	48.048454	554.3733	432.41998	478.77228	121.757454	571.23206	127.2925	1000.0	1000.0	639999	38.56083	15.697408	69.17821	1.6032436	-38.757298	0.3510216	12165.658755540848
161	500.5447	30.605892	526.20135	448.2795	382.21912	150.70361	527.42773	109.02282	1000.0	1000.0	643999	38.678726	15.71112	71.37032	0.87939095	-38.885868	0.33137617	12243.281625270844
162	439.17148	73.59873	498.42368	313.0774	477.57782	72.056435	562.1322	368.03934	1000.0	1000.0	647999	38.76997	15.826877	72.274445	1.2636485	-38.976078	0.3240848	12320.948771238327
163	429.2407	11.053533	445.15512	414.8898	481.5814	27.177286	528.195	440.16006	1000.0	1000.0	651999	39.010464	15.996158	71.86105	0.2890625	-39.21762	0.3180741	12398.870619773865
164	461.5003	20.254482	483.43332	434.4421	551.3241	27.653154	596.36206	516.3269	1000.0	1000.0	655999	39.093002	16.062416	71.90388	0.86442184	-39.293	0.32336268	12476.708309173584
165	439.02475	62.55663	541.4193	377.09012	545.11554	25.265444	578.5949	506.96347	1000.0	1000.0	659999	39.197372	16.16444	72.22315	1.9150171	-39.395687	0.34907073	12554.44448876381
166	323.33423	159.94092	495.28854	138.93987	559.704	39.406315	602.85956	479.60907	1000.0	1000.0	663999	39.365124	16.236599	72.60226	1.6503611	-39.572853	0.33986914	12632.108885288239
167	481.70746	45.03943	546.2654	418.9174	554.57214	39.539467	615.0326	485.6417	1000.0	1000.0	667999	39.462196	16.316137	72.56348	1.9757543	-39.659657	0.33721408	12709.634783029556
168	544.02155	7.683789	555.82733	535.69073	546.315	33.232967	606.0011	504.27713	1000.0	1000.0	671999	39.60624	16.363865	72.20497	2.0632777	-39.808125	0.33258137	12787.0916056633
169	518.4954	34.092815	559.7069	480.82242	548.121	35.449417	598.88	491.71317	1000.0	1000.0	675999	39.757618	16.472542	73.30382	1.5500319	-39.954014	0.32851356	12864.820420742035
170	509.63242	20.485506	539.1058	482.4919	514.0414	25.353235	555.48846	466.7249	1000.0	1000.0	679999	39.830006	16.773561	73.0223	0.990587	-40.037266	0.3335215	12942.693186044693
171	517.44135	36.366646	575.3819	476.4758	469.45233	147.69406	607.2731	66.5173	1000.0	1000.0	683999	40.11704	16.94442	73.71503	0.7080102	-40.309883	0.34013954	13020.44969034195
172	483.94275	126.421814	584.65857	267.16153	515.54333	118.539696	570.20966	161.17398	1000.0	1000.0	687999	40.30037	17.1785	73.137726	1.164928	-40.512596	0.34404543	13098.184350252151
173	500.16177	31.529501	530.84503	447.34262	540.0488	20.5793	572.17053	499.12457	1000.0	1000.0	691999	40.443054	17.303495	73.04809	1.8722775	-40.633923	0.34446338	13175.887083053589
174	522.612	5.225075	529.12115	515.89557	473.83267	35.07172	516.6155	413.66135	1000.0	1000.0	695999	40.47834	17.317677	73.85244	1.9910553	-40.676163	0.34797227	13253.95580649376
175	505.17242	45.64583	550.56116	429.99316	546.5054	18.183554	577.93243	521.57477	1000.0	1000.0	699999	40.64807	17.338663	73.47496	2.1250536	-40.84884	0.33442658	13331.744238376617
176	547.74365	30.040031	571.95575	497.7342	517.80383	34.479454	573.4372	442.37952	1000.0	1000.0	703999	40.90647	17.430151	73.81005	2.3949044	-41.10902	0.35186768	13409.225487232208
177	561.1426	24.595146	591.6326	526.88684	467.77255	98.83626	538.47327	194.08037	1000.0	1000.0	707999	41.099937	17.393301	73.99702	2.3197572	-41.29771	0.35759303	13486.8681807518
178	539.6323	5.360429	547.2151	532.4147	540.3688	41.91065	597.2216	466.97116	1000.0	1000.0	711999	41.174934	17.332205	73.96197	2.5871928	-41.37129	0.36227006	13564.618434429169
179	536.38666	8.020315	544.3279	524.1352	558.3136	18.341555	590.4314	530.1602	1000.0	1000.0	715999	41.305897	17.31092	73.70136	2.2101724	-41.50322	0.3312979	13642.207485675812
180	534.39734	10.259055	544.5538	517.91693	491.29526	71.67698	577.5036	321.16586	1000.0	1000.0	719999	41.36765	17.385406	74.24509	2.1018734	-41.554447	0.35109758	13719.823215961456
181	369.23407	181.3596	547.41754	73.15249	476.76114	137.5549	628.0216	158.53496	1000.0	1000.0	723999	41.28374	17.400635	73.50253	2.028877	-41.473373	0.3327102	13797.592532157898
182	446.68634	139.34764	533.315	205.64886	513.7784	128.06027	651.17377	160.33249	1000.0	1000.0	727999	41.411003	17.354109	73.47476	1.7250357	-41.598743	0.34656736	13875.467127799988
183	526.71313	19.344275	546.67834	495.5243	565.9081	25.221851	630.08417	539.2383	1000.0	1000.0	731999	41.552376	17.411509	73.945404	1.933857	-41.75456	0.33371514	13953.011984825134
184	503.13187	55.060703	565.92816	430.25406	488.7325	130.34604	574.2791	107.814026	1000.0	1000.0	735999	41.64796	17.48558	73.72991	1.5753431	-41.838993	0.35029122	14030.595669031143
185	518.4614	18.207724	547.05115	500.0562	311.52716	196.52992	586.739	69.469025	1000.0	1000.0	739999	41.857937	17.523125	74.21975	1.5611305	-42.050095	0.32554725	14108.226995706558
186	547.7504	44.884285	622.6882	509.31216	343.40326	180.91966	567.61383	63.117832	1000.0	1000.0	743999	41.939953	17.669083	73.85043	2.9106035	-42.136368	0.31107026	14185.825665950775
187	445.5006	153.13434	565.60944	183.22086	511.4367	130.41158	610.53015	205.55899	1000.0	1000.0	747999	42.18025	17.810856	75.56459	3.0486884	-42.374187	0.3273673	14263.667215108871
188	492.40686	55.380863	545.1878	403.8596	472.52716	200.95601	637.58374	95.56897	1000.0	1000.0	751999	42.27712	17.905352	75.491875	3.372401	-42.47053	0.3295012	14341.535192251205
189	525.8243	14.347522	547.9361	507.8064	514.33484	41.00485	570.3801	429.21503	1000.0	1000.0	755999	42.573864	18.041119	75.64162	3.4100595	-42.77516	0.3529784	14419.544744729996
190	443.92346	107.91205	557.71356	300.2269	582.1117	11.787434	601.4925	564.6394	1000.0	1000.0	759999	42.797745	18.13113	75.84544	3.944084	-42.99704	0.34639725	14497.635703086853
191	474.90613	162.18924	582.75586	195.52348	594.9411	24.184679	635.3805	559.193	1000.0	1000.0	763999	42.906284	18.285406	75.81226	3.9620383	-43.09633	0.35515735	14575.908159971237
192	551.4421	30.513506	582.61804	509.34024	595.54504	65.99599	646.9884	436.66333	1000.0	1000.0	767999	43.021206	18.42542	76.620255	0.7559948	-43.212738	0.37764472	14653.950944185257
193	577.6134	8.740553	591.80164	567.97504	543.35724	139.12549	646.8432	255.63771	1000.0	1000.0	771999	43.23426	18.534239	77.2822	3.673115	-43.43788	0.35694182	14731.603214502335
194	530.10254	100.877556	602.22363	356.038	602.495	29.692644	664.48047	564.4225	1000.0	1000.0	775999	43.47183	18.625792	76.480225	3.699251	-43.668713	0.33229998	14809.142065048218
195	414.3708	184.53299	600.5595	228.93074	548.6069	110.45557	664.7332	353.17926	1000.0	1000.0	779999	43.668205	18.656294	76.57518	3.669171	-43.87324	0.3429354	14886.800029993057
196	577.9416	30.004923	612.783	546.0639	538.9851	66.6662	612.09235	396.63995	1000.0	1000.0	783999	43.87424	18.568207	75.79163	2.439426	-44.070072	0.3389534	14964.394564628601
197	581.72485	17.914978	606.66595	556.1916	582.72797	32.176994	615.7464	503.28207	1000.0	1000.0	787999	44.04633	18.583258	76.63916	3.762496	-44.248917	0.31751725	15042.213534593582
198	492.6788	130.28381	594.9635	269.08795	577.3861	33.548874	621.928	512.06586	1000.0	1000.0	791999	44.30281	18.5836	76.18862	3.5751252	-44.50239	0.33028728	15119.918133497238
199	502.26935	128.19533	598.0325	281.8602	458.12177	113.6667	557.36884	211.38068	1000.0	1000.0	795999	44.437424	18.712288	76.68255	3.7104425	-44.638035	0.35415184	15197.65857720375
200	481.82986	110.61869	572.2418	296.43347	622.2015	24.905447	661.0212	573.30133	1000.0	1000.0	799999	44.52492	18.79172	76.878525	3.8945842	-44.713665	0.3335443	15275.391211748123
201	483.55057	136.30547	616.9864	258.41614	577.7516	103.00089	674.62286	316.44952	1000.0	1000.0	803999	44.38145	18.863066	76.56602	1.0083618	-44.56531	0.34856805	15353.09555029869
202	418.44348	152.65936	522.4388	154.90565	500.00824	144.1972	625.0543	177.24353	1000.0	1000.0	807999	44.341404	18.967987	76.08807	3.620174	-44.537834	0.33949226	15430.884025335312
203	551.59143	19.713749	583.9166	532.13324	616.32385	12.80213	632.1466	596.27734	1000.0	1000.0	811999	44.40835	19.049892	76.061935	2.949319	-44.587704	0.3559292	15508.554844141006
204	474.88562	166.27585	598.06116	188.5143	483.42294	85.13777	575.6184	244.98558	1000.0	1000.0	815999	44.49031	19.195107	76.3798	2.8032784	-44.685978	0.33923966	15586.277581453323
205	453.9272	138.40723	573.36786	227.50757	576.6671	81.42499	649.5455	348.27948	1000.0	1000.0	819999	44.571064	19.22857	76.61787	3.2554457	-44.76364	0.3659275	15663.879178285599
206	555.04944	30.959377	604.65845	523.20245	529.2714	104.91467	635.8431	293.85193	1000.0	1000.0	823999	44.55354	19.297014	76.33913	0.7846346	-44.735737	0.35376516	15741.387721061707
207	440.19507	125.16356	546.4264	229.9634	499.51678	99.405495	594.8213	239.2217	1000.0	1000.0	827999	44.618324	19.320036	76.22201	-0.33556128	-44.807133	0.38720906	15819.133672475815
208	461.98438	68.583405	560.5333	371.51443	553.89703	79.37519	616.18384	326.82843	1000.0	1000.0	831999	44.73781	19.27923	75.88212	2.22651	-44.925087	0.37355164	15896.72630572319
209	585.66565	22.92672	609.1923	558.5001	572.7423	36.46237	627.34283	484.1068	1000.0	1000.0	835999	44.91434	19.189445	76.37477	2.5779731	-45.110195	0.35664874	15974.571995258331
210	471.63934	132.09993	616.5826	280.2794	471.01886	174.02583	662.0545	250.9114	1000.0	1000.0	839999	45.037556	19.173512	77.265076	1.9127822	-45.22173	0.35882884	16052.399567842484
211	480.19543	104.604836	555.05945	301.26913	596.6738	43.8377	666.0819	510.7756	1000.0	1000.0	843999	44.94576	19.277706	76.984375	2.7616777	-45.12536	0.37494484	16130.056348085403
212	544.41125	68.20781	585.3699	426.30377	606.32043	67.09712	658.10126	413.7669	1000.0	1000.0	847999	44.941593	19.242558	76.81285	2.3582916	-45.123383	0.35962915	16207.485141277313
213	562.052	40.95335	620.3719	506.92712	515.5328	95.97258	601.2762	291.91367	1000.0	1000.0	851999	45.00072	19.123688	76.88716	2.5397205	-45.182266	0.3754527	16285.161260604858
214	540.2405	31.276194	592.7735	511.4919	457.7399	131.82623	585.3273	155.55342	1000.0	1000.0	855999	44.99444	19.103943	76.47233	2.5888414	-45.174446	0.360642	16362.764194726944
215	517.8054	20.174553	538.9611	492.93875	517.8466	145.76118	651.47	220.08365	1000.0	1000.0	859999	45.14112	19.07274	76.49552	2.029566	-45.323196	0.3558266	16440.556930303574
216	587.29517	3.5780916	592.61017	583.0906	597.8939	32.912685	642.1663	552.2613	1000.0	1000.0	863999	45.211617	19.107014	76.62543	2.792253	-45.39276	0.36272436	16518.181507110596
217	502.6398	140.82762	594.96014	259.07376	601.94055	22.900715	628.82605	563.231	1000.0	1000.0	867999	45.262634	19.246128	76.737595	2.6677642	-45.440235	0.3775173	16595.910333156586
218	511.9239	181.67598	625.4549	197.40633	383.90854	197.73346	588.6387	61.434162	1000.0	1000.0	871999	45.361	19.213545	76.23278	2.539948	-45.543514	0.35994813	16673.952664852142
219	568.7445	13.706858	584.9643	547.96564	596.1035	28.272217	647.7532	557.4244	1000.0	1000.0	875999	45.37965	19.188404	76.26726	2.5332694	-45.559704	0.379565	16751.885170936584
220	568.0801	22.61083	598.50104	542.8419	537.9489	36.353268	588.3127	472.61337	1000.0	1000.0	879999	45.42554	19.273754	75.90857	3.0664797	-45.60551	0.37240285	16829.649333953857
221	554.2134	23.965515	573.09937	514.1388	454.47028	161.80814	623.25977	186.0169	1000.0	1000.0	883999	45.578735	19.363867	76.20047	2.2718997	-45.763546	0.37833044	16907.64343714714
222	569.6225	37.658527	628.5988	523.84937	441.02725	153.61719	647.4125	203.35773	1000.0	1000.0	887999	45.7805	19.33843	77.27503	1.2391696	-45.964096	0.38596568	16985.474663972855
223	585.2915	20.71343	614.0149	555.4531	469.80112	155.7538	592.4473	27.540798	1000.0	1000.0	891999	46.07633	19.251385	77.18306	0.5293131	-46.264915	0.38286114	17063.33075785637
224	555.7022	39.249172	593.0031	494.21298	621.7582	42.688343	675.73096	547.51154	1000.0	1000.0	895999	46.220074	19.129967	77.33465	2.609501	-46.403316	0.35574287	17141.208860635757
225	600.04565	36.44945	647.85034	545.3704	627.8198	31.82827	672.6503	574.84595	1000.0	1000.0	899999	46.244305	19.036154	77.48332	2.2675374	-46.42236	0.33465332	17219.06154346466
226	580.9882	41.072388	636.8247	523.29865	569.06854	33.586735	614.5377	515.0798	1000.0	1000.0	903999	46.32692	18.9915	77.068924	3.0044963	-46.50671	0.3487676	17296.792955636978
227	567.6394	20.379366	593.3246	547.2054	562.00323	46.8123	621.63727	472.04056	1000.0	1000.0	907999	46.332996	18.909628	77.18214	2.6499476	-46.502876	0.32590544	17374.890397310257
228	560.9223	34.162304	597.1015	506.08597	396.02582	153.35834	538.4813	167.95848	1000.0	1000.0	911999	46.17218	18.894482	77.310715	2.1863942	-46.341446	0.35130164	17452.673516750336
229	433.5248	210.03893	649.1564	183.26855	574.3319	90.68949	684.2056	395.74384	1000.0	1000.0	915999	46.254154	18.796057	77.35854	1.2998769	-46.4355	0.35504532	17530.481647968292
230	547.1637	111.37615	615.3222	354.33008	461.52448	91.29839	578.7756	265.3498	1000.0	1000.0	919999	46.338234	18.77019	77.009674	-0.40090322	-46.51037	0.36472312	17608.033373832703
231	538.3668	84.57997	654.3573	415.61874	618.3247	41.625168	669.02246	550.3245	1000.0	1000.0	923999	46.248783	18.803417	77.3997	1.908854	-46.411976	0.36736244	17685.77279305458
232	540.56116	70.86385	600.4104	419.7804	621.65295	29.609339	675.2938	570.0255	1000.0	1000.0	927999	46.257607	18.836617	76.74709	2.7095716	-46.423588	0.36464208	17763.372010231018
233	510.63943	57.40432	578.0427	452.2187	609.70844	18.494953	630.7316	570.70306	1000.0	1000.0	931999	46.403954	18.872728	76.99804	1.5854058	-46.57972	0.37259254	17841.208932876587
234	562.7034	26.928198	603.86725	528.3924	581.1792	36.42687	642.5138	522.9612	1000.0	1000.0	935999	46.284885	18.964985	77.08906	0.6875832	-46.433712	0.35386136	17918.90912413597
235	563.78	22.509586	596.9962	534.93066	590.4934	34.602234	642.9977	543.8664	1000.0	1000.0	939999	46.130585	18.986362	76.66011	1.592793	-46.290047	0.36671174	17996.675241947174
236	520.4879	61.944622	608.76184	456.47528	621.0455	38.22078	661.4825	531.2153	1000.0	1000.0	943999	46.057243	19.040518	77.50974	2.5047512	-46.21737	0.372779	18074.58327460289
237	494.70053	214.12898	643.7139	128.01912	609.269	49.607853	709.46985	540.3249	1000.0	1000.0	947999	46.252316	19.149199	77.37605	1.7741067	-46.426006	0.38444144	18152.4882106781
238	458.04144	167.87143	608.2916	173.41583	514.24646	46.545483	601.72626	426.90436	1000.0	1000.0	951999	46.28233	19.168638	77.27047	2.6710572	-46.445995	0.36297622	18230.43643975258
239	512.1485	103.37599	591.9241	335.38522	451.27768	225.59926	677.1174	79.012184	1000.0	1000.0	955999	46.25782	19.139479	77.488556	1.7454352	-46.416016	0.35094035	18308.073974847794
240	528.63	23.457554	557.5776	501.73776	635.9994	39.226486	683.13873	569.8439	1000.0	1000.0	959999	46.24819	19.119648	77.91343	1.4804049	-46.408398	0.37617102	18385.876861333847
241	585.27026	50.47744	640.7186	507.30417	513.2512	155.83446	695.32513	248.84596	1000.0	1000.0	963999	46.45113	19.091846	77.34645	0.9376755	-46.62368	0.38233075	18463.72140097618
242	572.15375	52.55929	625.4923	518.2566	511.22055	175.96657	667.56854	126.19697	1000.0	1000.0	967999	46.696747	19.02219	78.10458	1.5397701	-46.864697	0.38088349	18541.5737991333
243	544.57587	56.219364	608.59015	473.1923	339.82538	150.43015	553.269	141.92252	1000.0	1000.0	971999	46.920277	19.036129	78.424644	2.0791247	-47.096077	0.371839	18619.613487005234
244	540.1323	82.192856	636.5309	416.01294	637.80237	27.205837	678.8461	584.3232	1000.0	1000.0	975999	46.94617	19.112055	79.317215	2.3072572	-47.10984	0.3917702	18697.455096244812
245	533.4862	101.045784	638.20575	371.7425	558.9808	83.2972	643.2753	324.93286	1000.0	1000.0	979999	47.10459	19.08379	79.1164	0.29460979	-47.276165	0.38533536	18775.33565926552
246	576.2773	24.5748	605.9305	541.78424	620.4846	42.703575	678.76855	545.6903	1000.0	1000.0	983999	47.299236	19.063347	78.637665	2.4949875	-47.46662	0.35617322	18853.000676631927
247	582.43945	56.159847	673.93976	524.83136	529.3283	64.57088	664.5358	421.6465	1000.0	1000.0	987999	47.297073	19.178461	79.00361	2.4244514	-47.463413	0.37613583	18930.718290567398
248	580.19415	44.82528	638.394	513.0064	596.6194	110.11921	666.16754	275.4237	1000.0	1000.0	991999	47.56816	19.10898	79.27304	1.8413911	-47.74645	0.39918634	19008.521287202835
249	565.1815	37.302658	608.754	505.70322	593.6565	52.613777	678.64874	506.63907	1000.0	1000.0	995999	47.767746	19.075605	79.3726	2.831469	-47.935696	0.38016924	19086.278418302536
250	582.97864	34.39873	610.6133	524.0081	574.4795	110.02632	666.77747	257.79367	1000.0	1000.0	999999	47.7459	19.179039	79.57226	2.898589	-47.905342	0.37944192	19163.90491294861
251	536.8593	62.328823	615.9808	453.58905	553.6363	52.07982	619.6671	434.93964	1000.0	1000.0	1003999	47.69619	19.322317	80.30496	3.766096	-47.861515	0.37889165	19241.548855781555
252	536.7523	72.418915	619.91833	436.5484	524.9871	110.02444	617.0636	211.99281	1000.0	1000.0	1007999	47.87388	19.370228	79.72754	3.4250584	-48.03958	0.39199862	19319.396651744843
253	464.07343	199.03748	608.8372	120.85912	603.9494	25.487316	647.804	545.9211	1000.0	1000.0	1011999	48.082394	19.422838	80.07547	3.7754898	-48.24768	0.40175137	19397.2429125309
254	529.3396	34.9585	580.89667	495.69577	570.3142	46.18981	633.41547	497.99304	1000.0	1000.0	1015999	48.22869	19.42926	79.89511	3.052864	-48.387413	0.43509743	19474.98066186905
255	564.9403	10.177834	575.66016	552.94476	630.86914	47.025055	683.9874	504.64185	1000.0	1000.0	1019999	48.258244	19.358036	80.10976	3.3316069	-48.417007	0.41497985	19552.722517728806
256	591.551	41.201054	620.4272	520.4623	616.52374	45.597885	680.77997	516.01904	1000.0	1000.0	1023999	48.361134	19.405123	79.62047	-0.039752483	-48.523945	0.40894753	19630.4687666893
257	564.00214	48.774822	625.1436	504.9968	535.6002	63.849346	654.935	429.3321	1000.0	1000.0	1027999	48.48935	19.450232	79.945076	2.6992106	-48.64542	0.43140265	19708.14607334137
258	430.22183	175.94011	604.26105	141.84648	616.9476	114.115036	715.95776	310.78882	1000.0	1000.0	1031999	48.47012	19.593006	79.71688	-0.17435503	-48.62351	0.42120585	19786.014478206635
259	610.6982	61.884975	668.04816	508.6352	611.89825	63.422745	710.9177	513.3796	1000.0	1000.0	1035999	48.63147	19.697634	80.01824	1.2422061	-48.791767	0.43744963	19863.931547641754
260	589.32135	29.680668	625.34186	547.93176	624.35986	22.554184	652.4707	575.4481	1000.0	1000.0	1039999	48.705	19.969776	80.31896	0.9972744	-48.858906	0.4263042	19941.779906988144
261	545.35925	25.516365	580.2953	515.06616	608.7748	60.518646	669.0759	468.37964	1000.0	1000.0	1043999	48.81957	20.043947	80.07208	-1.6335006	-48.9738	0.43529484	20019.653173923492
262	576.49133	22.790983	603.24243	543.12006	583.8224	30.14352	622.69183	533.35284	1000.0	1000.0	1047999	48.92987	20.167547	80.06094	-4.2977104	-49.078224	0.42909557	20097.71842813492
263	588.7558	42.21526	646.5323	531.5151	609.46277	28.221863	659.28937	556.89044	1000.0	1000.0	1051999	49.03997	20.181229	80.128334	-4.3914723	-49.18524	0.4235827	20175.730115890503
264	563.2881	38.368286	607.28723	513.02094	629.7398	45.21683	689.24194	547.8808	1000.0	1000.0	1055999	49.066154	20.303177	80.16305	-5.8192263	-49.214695	0.40655977	20253.296942710876
265	586.1711	37.68723	611.10236	521.2657	615.2212	23.649405	651.0364	563.32855	1000.0	1000.0	1059999	49.21585	20.27238	81.25043	-5.112504	-49.363537	0.39640498	20331.253442287445
266	572.38947	37.127693	615.2456	514.11743	599.1897	34.303486	677.1084	548.7088	1000.0	1000.0	1063999	49.41286	20.297226	80.18706	-3.7347388	-49.563126	0.41448548	20408.976268053055
267	597.7506	37.10051	652.91345	553.8858	563.15063	110.51346	697.22473	259.00946	1000.0	1000.0	1067999	49.52045	20.246002	80.57383	-4.4546304	-49.666576	0.41668946	20486.62132382393
268	473.74768	120.87343	593.46423	279.48526	535.31964	77.42993	677.0285	389.7599	1000.0	1000.0	1071999	49.52356	20.297798	80.49057	-4.833048	-49.66589	0.40300518	20564.26977109909
269	502.97336	136.12689	617.46497	271.63477	585.9005	37.72223	638.7382	513.51917	1000.0	1000.0	1075999	49.702084	20.259146	80.32012	-2.3536644	-49.84782	0.43285328	20642.04925441742
270	602.3503	16.201715	623.2684	577.74365	520.2328	124.4685	619.402	160.2572	1000.0	1000.0	1079999	49.86017	20.24456	80.53694	-1.230649	-50.000946	0.41532087	20720.088905096054
271	568.20825	37.954407	604.878	508.54413	473.66837	93.8228	574.8466	283.2532	1000.0	1000.0	1083999	49.937763	20.268421	80.671074	-6.614037	-50.07614	0.44179156	20798.0579829216
272	567.08527	44.391994	626.99097	517.6521	563.32605	71.32152	661.4016	406.07248	1000.0	1000.0	1087999	49.91656	20.327702	80.73339	-2.645804	-50.052402	0.41907528	20876.072654008865
273	561.4491	47.222565	594.5604	480.3807	530.45746	56.776535	592.44775	421.81238	1000.0	1000.0	1091999	50.01615	20.290024	80.61506	-0.02353239	-50.15378	0.4439414	20953.773723602295
274	522.25714	134.46756	609.7902	289.5998	538.1882	98.72592	618.6164	313.97934	1000.0	1000.0	1095999	50.137226	20.289465	80.324005	-4.240427	-50.2716	0.45664456	21031.524088859558
275	471.65198	90.92127	582.1304	329.02438	439.94135	141.16013	656.41064	215.73549	1000.0	1000.0	1099999	50.230804	20.259228	79.93058	0.77678204	-50.362736	0.4242719	21109.195605039597
276	597.1616	48.882423	655.5277	523.63574	552.2369	86.59827	667.6203	352.43448	1000.0	1000.0	1103999	50.32848	20.260628	80.403114	0.2223196	-50.458305	0.41316694	21187.247631311417
277	539.4613	20.267023	560.9656	506.82462	600.9902	114.13793	668.5927	266.65	1000.0	1000.0	1107999	50.471603	20.253986	80.174164	2.18601	-50.606403	0.4425842	21264.906136274338
278	574.7182	23.714796	613.2096	552.5104	526.8561	106.13306	617.12555	257.08115	1000.0	1000.0	1111999	50.612274	20.192242	80.32836	1.1370778	-50.74221	0.42350006	21342.815125226974
279	566.3783	34.401005	613.3611	518.02747	622.4285	60.25305	690.3394	471.42078	1000.0	1000.0	1115999	50.70332	20.26501	80.4896	3.6339436	-50.828175	0.41531327	21420.69461774826
280	475.8745	164.34369	602.40894	194.50134	395.12262	112.66498	561.43097	181.82738	1000.0	1000.0	1119999	50.75141	20.247072	79.95456	2.6954713	-50.88079	0.44779894	21498.82884478569
281	537.52875	110.53096	610.74884	346.3574	589.64667	71.38892	659.43933	391.19824	1000.0	1000.0	1123999	50.841595	20.192917	80.47824	3.0673623	-50.96603	0.44395307	21576.48859333992
282	535.1225	30.132084	579.34033	497.7441	496.53436	130.83615	645.36035	154.59325	1000.0	1000.0	1127999	51.017986	20.103193	80.24001	2.1404457	-51.143353	0.45464152	21653.822276830673
283	572.6356	45.256424	636.66327	516.26965	580.88794	22.932846	622.3479	539.0322	1000.0	1000.0	1131999	51.10198	20.088257	80.56084	4.0154476	-51.23199	0.45907763	21731.58486890793
284	590.241	50.779655	663.61884	522.0582	632.6743	35.354916	678.0361	556.9148	1000.0	1000.0	1135999	51.31277	19.928009	80.34556	4.3191595	-51.439743	0.42882925	21809.216327428818
285	557.5818	95.48317	645.4382	396.51126	572.28894	84.40841	647.9946	344.62292	1000.0	1000.0	1139999	51.525864	19.95841	80.451004	4.324845	-51.650467	0.4172315	21886.927861452103
286	622.1786	11.791796	635.1274	604.24866	524.6754	132.3443	685.10345	282.71954	1000.0	1000.0	1143999	51.655975	20.134289	81.06745	4.3388596	-51.781162	0.41560274	21964.72316646576
287	602.4134	30.40519	651.6009	569.94946	604.74457	44.21476	671.76733	514.95154	1000.0	1000.0	1147999	51.822845	20.213915	82.33039	4.367233	-51.94908	0.43748373	22042.615431785583
288	525.88995	52.04062	580.6199	452.0817	492.0048	135.12825	621.18384	134.42586	1000.0	1000.0	1151999	51.927883	20.194147	82.03029	4.3914676	-52.04914	0.4397863	22120.535670757294
289	512.56744	110.21489	595.76636	322.96286	312.45547	121.0221	559.04706	216.76881	1000.0	1000.0	1155999	52.07468	20.183252	81.92444	2.4665163	-52.20155	0.45116973	22198.481635332108
290	661.81854	11.306449	678.26294	646.50134	630.31775	75.41084	708.033	442.1588	1000.0	1000.0	1159999	52.3191	20.023449	81.88249	4.4149504	-52.4453	0.44732386	22276.643146038055
291	440.51868	169.79636	651.45447	182.42735	477.16797	154.33717	669.1154	272.72556	1000.0	1000.0	1163999	52.40007	20.005238	81.62555	4.422206	-52.51951	0.42168763	22354.537558078766
292	632.5371	27.99206	674.138	596.00714	623.75525	155.92598	705.3679	164.96803	1000.0	1000.0	1167999	52.44594	20.074337	81.57626	3.0854888	-52.55874	0.44209912	22432.51531100273
293	519.2189	12.094314	531.3003	499.24744	500.41635	61.667522	612.7903	357.09805	1000.0	1000.0	1171999	52.561344	20.232056	81.883606	4.4349566	-52.67436	0.415424	22510.38103723526
294	427.87936	168.07115	631.33624	163.88327	594.66174	92.699165	681.8516	353.01233	1000.0	1000.0	1175999	52.585594	20.384094	82.31588	4.4420824	-52.695366	0.42976776	22587.96737241745
295	621.3989	17.869516	647.2578	601.1695	618.20074	78.45266	697.3326	426.5917	1000.0	1000.0	1179999	52.67238	20.381443	82.24845	-0.8532381	-52.783627	0.48142225	22665.684616327286
296	494.88977	145.50864	653.4101	273.07065	671.1378	36.878906	736.561	622.25385	1000.0	1000.0	1183999	52.704563	20.515558	82.04008	1.9980173	-52.81743	0.50550824	22743.454268693924
297	626.25244	33.144608	660.38446	573.16455	603.2416	129.65492	711.4485	247.10844	1000.0	1000.0	1187999	52.90622	20.488434	82.43576	-0.512177	-53.01531	0.4831245	22821.42094516754
298	534.7548	94.58599	632.91876	386.09067	646.6398	20.586283	678.70715	610.8007	1000.0	1000.0	1191999	53.024075	20.651287	82.92565	2.0688348	-53.129303	0.4752609	22899.23537993431
299	593.20844	27.494478	627.7236	555.8935	544.0351	122.563736	657.5828	319.36188	1000.0	1000.0	1195999	53.02155	20.850805	82.62433	4.485524	-53.12706	0.4736516	22976.997531414032
300	577.4288	61.882355	651.6654	480.0647	608.3147	26.34657	659.20374	570.433	1000.0	1000.0	1199999	53.140453	20.952745	82.483574	2.4119635	-53.246147	0.49235004	23054.797003030777
301	605.0909	20.562881	638.4522	587.06055	609.14526	25.080917	646.4858	580.3339	1000.0	1000.0	1203999	53.31413	21.024492	83.172386	2.3551073	-53.417717	0.47715354	23133.05854678154
302	565.81604	72.53366	629.8201	443.35632	598.5792	75.35199	658.437	382.87695	1000.0	1000.0	1207999	53.39903	21.179256	83.419395	3.1848865	-53.502724	0.48526374	23210.988251447678
303	630.0234	38.98162	667.8939	564.9211	613.36096	32.781685	654.1443	542.95404	1000.0	1000.0	1211999	53.615894	21.205124	83.46447	4.5101185	-53.721264	0.5034124	23288.984269857407
304	489.36255	146.01707	655.67194	306.74164	591.05664	101.35564	701.1024	414.3851	1000.0	1000.0	1215999	53.794315	21.144718	83.28647	3.5250776	-53.898933	0.46590152	23367.128504037857
305	590.7005	12.645709	606.4311	577.41797	630.88074	28.766651	670.23425	584.15955	1000.0	1000.0	1219999	54.065006	21.083084	83.39652	3.049519	-54.169086	0.48271564	23445.245453119278
306	590.25024	83.46316	677.4988	459.3543	570.84644	136.03368	708.68427	216.93373	1000.0	1000.0	1223999	54.145264	21.122686	83.355034	-5.526415	-54.2495	0.49833655	23523.42887854576
307	592.02136	36.888718	633.7887	536.5691	629.9523	18.126608	668.5893	605.07947	1000.0	1000.0	1227999	54.422615	21.018238	83.29443	4.5360203	-54.53241	0.47755566	23601.234920978546
308	629.75183	18.510443	654.45935	611.0151	494.51767	141.77856	616.38336	152.97578	1000.0	1000.0	1231999	54.77594	20.912895	83.47946	-1.9735417	-54.886097	0.50126463	23679.332487344742
309	612.57263	27.252966	657.4784	583.8964	515.37463	142.02896	644.3179	194.27884	1000.0	1000.0	1235999	55.00461	20.797619	83.325294	4.298432	-55.113865	0.5016495	23757.16995382309
310	607.98254	15.535555	622.5609	583.7848	544.3586	183.76239	706.51117	184.35954	1000.0	1000.0	1239999	55.26069	20.626328	83.38442	4.5473847	-55.368298	0.48541644	23835.121879577637
311	481.16974	138.3839	630.75574	274.24542	418.97934	122.106316	638.07056	195.16591	1000.0	1000.0	1243999	55.472183	20.440092	83.533005	3.2502408	-55.578064	0.46709514	23913.213805675507
312	569.1157	107.06992	655.2167	391.84128	600.6007	110.10922	689.6028	287.75293	1000.0	1000.0	1247999	55.585175	20.377707	83.393875	4.5396132	-55.692642	0.46788293	23991.005093812943
313	593.02045	28.713806	628.0949	548.4458	614.7998	48.59577	703.64886	536.1445	1000.0	1000.0	1251999	55.87695	20.301695	83.983734	2.5175648	-55.98597	0.47947484	24069.137497663498
314	616.63916	18.882586	639.51495	588.8532	549.64197	133.6326	654.29596	163.49677	1000.0	1000.0	1255999	56.13107	20.146116	83.58081	4.141727	-56.23603	0.49095973	24147.29762196541
315	632.59796	17.320936	660.23975	614.168	689.90955	28.472301	719.45996	628.9782	1000.0	1000.0	1259999	56.31712	20.013876	83.599884	0.83683205	-56.41776	0.49153697	24225.42553949356
316	623.26495	64.38625	675.1302	512.9737	680.671	30.727543	713.47253	612.51605	1000.0	1000.0	1263999	56.462067	19.969204	84.20051	3.9928951	-56.562607	0.48094538	24303.28927922249
317	561.23254	70.486664	616.2678	440.20914	659.4337	30.786827	701.41425	602.05493	1000.0	1000.0	1267999	56.551193	19.920837	84.09072	3.334374	-56.651363	0.4932064	24381.179176330566
318	642.51416	21.085108	657.8429	606.1844	468.49228	179.72455	699.1226	134.8654	1000.0	1000.0	1271999	56.658634	19.818863	84.426285	3.1268964	-56.760513	0.52730715	24459.09336256981
319	630.22076	52.55427	692.0496	561.94183	578.95245	169.95908	747.1447	211.7808	1000.0	1000.0	1275999	56.92781	19.634912	84.65849	4.4789643	-57.033024	0.49055135	24536.95471382141
320	514.3323	224.54291	667.1067	126.280266	607.41296	172.94167	714.1584	106.69412	1000.0	1000.0	1279999	57.035004	19.58054	83.89196	4.4741316	-57.137882	0.4860577	24614.66694998741
321	587.73987	85.66577	684.7772	473.05917	633.4315	57.895817	697.97034	479.23734	1000.0	1000.0	1283999	57.219116	19.37871	83.649994	0.71230125	-57.323914	0.47712666	24692.319878578186
322	597.437	62.47677	660.5622	493.99023	676.55145	19.78925	699.4692	635.0473	1000.0	1000.0	1287999	57.456314	19.136389	84.22991	-6.0266557	-57.55992	0.49656948	24770.266824245453
323	576.37177	100.39446	673.37274	414.87863	665.0309	56.75484	743.8531	561.8898	1000.0	1000.0	1291999	57.60591	19.032585	83.70731	4.507928	-57.710125	0.496013	24848.14132118225
324	634.6085	33.78059	689.92975	598.24274	701.1899	28.316402	744.5097	650.481	1000.0	1000.0	1295999	57.77647	18.929464	84.13677	1.6101484	-57.87755	0.48700136	24926.1319937706
325	601.0501	42.282898	672.3351	565.5862	674.5314	38.754505	731.01117	595.77496	1000.0	1000.0	1299999	57.95315	18.819447	83.78997	4.5364704	-58.059277	0.4930074	25003.902098178864
326	651.90845	31.064154	704.4349	628.5581	698.68585	32.53442	736.7143	626.801	1000.0	1000.0	1303999	58.07095	18.82856	83.89237	3.3880906	-58.177933	0.46876198	25081.87307858467
327	579.1316	107.40759	667.46124	397.21713	558.34973	168.57362	717.4096	188.401	1000.0	1000.0	1307999	58.39046	18.661858	86.05415	2.4030821	-58.50117	0.48588094	25159.895716667175
328	439.1623	166.11177	607.7968	182.04564	637.49506	29.989399	687.13214	580.94574	1000.0	1000.0	1311999	58.5699	18.567225	85.61065	2.1820126	-58.67645	0.46793675	25237.800785064697
329	564.47675	134.62326	694.5982	361.52795	666.6065	32.93642	716.2545	589.3597	1000.0	1000.0	1315999	58.65462	18.562397	85.3092	3.707952	-58.76277	0.48903883	25315.954105377197
330	668.5033	15.5083885	687.4327	644.2263	568.63025	140.22043	701.7056	204.8898	1000.0	1000.0	1319999	58.833706	18.468267	85.39194	4.624584	-58.9418	0.45967203	25393.771701812744
331	389.3692	161.98152	534.342	131.42021	668.87744	42.27164	722.6878	602.71027	1000.0	1000.0	1323999	58.88783	18.475132	85.780914	4.519577	-58.988235	0.50222576	25471.687487125397
332	611.777	16.939661	629.03485	584.41345	614.68365	87.43243	687.40955	396.01648	1000.0	1000.0	1327999	59.011726	18.334457	85.38293	2.9182162	-59.118973	0.5081725	25549.333313941956
333	595.1199	22.248465	620.13306	570.4538	643.9067	53.612568	737.62384	555.1547	1000.0	1000.0	1331999	59.260834	18.0595	85.152504	3.758235	-59.36801	0.5043947	25626.820148706436
334	602.4277	53.716366	665.4495	525.7872	636.2526	36.44886	702.85754	599.05426	1000.0	1000.0	1335999	59.253475	17.996946	85.62064	2.3975568	-59.352085	0.48346666	25704.14553809166
335	595.6868	62.952103	690.1782	526.15466	643.2484	55.887226	714.5473	523.7728	1000.0	1000.0	1339999	59.399776	17.767593	85.32207	0.91586065	-59.49802	0.49650505	25781.78216099739
336	628.81055	26.235638	658.5202	589.26685	656.30304	38.03922	705.409	579.5318	1000.0	1000.0	1343999	59.493504	17.645844	85.1178	2.1080933	-59.592	0.4667885	25859.35551595688
337	598.5647	37.264515	651.26263	545.87036	530.2125	107.87016	675.6882	279.18405	1000.0	1000.0	1347999	59.558525	17.635687	85.19245	3.12228	-59.65153	0.46192822	25937.291622161865
338	502.45602	124.49056	638.07263	337.14526	619.0645	150.63992	691.1218	170.29951	1000.0	1000.0	1351999	59.55801	17.595737	85.08728	3.236937	-59.654907	0.47822902	26015.35862135887
339	620.84076	19.114279	651.3946	603.3686	590.25507	105.72125	703.2497	317.01767	1000.0	1000.0	1355999	59.59004	17.519989	85.305405	4.8832707	-59.68337	0.48157957	26093.37519288063
340	568.6634	135.49544	690.98645	343.99744	583.5721	160.73053	710.2036	229.31087	1000.0	1000.0	1359999	59.659184	17.501125	84.909874	4.8953114	-59.75639	0.46370193	26171.430933475494
341	451.75323	229.25975	672.2733	102.17338	442.05167	178.96735	679.60834	125.00537	1000.0	1000.0	1363999	59.807083	17.503077	85.53976	4.9075384	-59.905247	0.49295598	26249.261320590973
342	524.3015	174.20642	671.7713	231.74565	476.68207	122.49626	664.81525	293.09097	1000.0	1000.0	1367999	59.882553	17.59331	85.290825	1.8720481	-59.975266	0.48138884	26327.476660728455
343	490.64197	126.754105	665.2678	325.61548	598.04034	145.90887	679.4541	171.59851	1000.0	1000.0	1371999	59.999756	17.534948	85.245346	4.9327946	-60.09976	0.4869203	26404.98601269722
344	605.3606	38.77971	659.1771	557.07666	617.0877	70.59669	692.8242	422.5696	1000.0	1000.0	1375999	60.21199	17.476097	84.28059	1.3533242	-60.305897	0.48707885	26483.139838457108
345	521.89124	181.53502	679.1228	214.56421	655.6823	69.36676	692.9656	451.53867	1000.0	1000.0	1379999	60.25367	17.588295	84.718185	2.0330758	-60.34472	0.4693014	26561.097769975662
346	609.5841	50.58088	657.6178	532.9433	649.7687	20.703665	671.9779	618.82336	1000.0	1000.0	1383999	60.367214	17.577457	85.28735	4.6834273	-60.46194	0.48397568	26638.7035343647
347	477.65097	198.0841	629.9362	141.16171	638.23694	26.481594	689.6764	589.2413	1000.0	1000.0	1387999	60.48822	17.638947	86.595314	2.7396169	-60.584	0.47601807	26716.83797478676
348	626.843	13.041883	639.3225	605.2368	599.9079	144.16403	678.6317	190.407	1000.0	1000.0	1391999	60.84985	17.509161	86.98374	3.590032	-60.94911	0.49847132	26794.668498039246
349	603.6613	50.64073	651.5873	531.6477	355.60626	173.1455	641.4608	147.1446	1000.0	1000.0	1395999	61.026417	17.415226	86.24731	3.3843012	-61.121727	0.53767735	26872.467965126038
350	636.07446	36.336575	693.73645	603.4622	656.4429	27.34167	708.7973	603.0342	1000.0	1000.0	1399999	61.175014	17.251143	87.34275	4.6699195	-61.270157	0.5030088	26950.55119252205
351	511.1739	161.52701	636.39984	234.70746	685.34766	12.7911415	704.6829	668.7578	1000.0	1000.0	1403999	61.24766	17.143267	86.78134	3.7532885	-61.341156	0.46742243	27028.700755357742
352	608.74976	28.574598	648.16864	567.44775	544.4891	130.01457	689.01373	291.47073	1000.0	1000.0	1407999	61.386093	17.122375	87.25421	1.7724738	-61.480354	0.4865486	27106.69803905487
353	460.0679	178.53018	613.3262	175.52286	640.1008	78.20976	698.05566	411.93948	1000.0	1000.0	1411999	61.44844	17.105219	86.133156	1.6842	-61.536556	0.48742035	27184.9517056942
354	546.29297	130.81728	662.75433	331.2043	629.5707	80.374825	699.2136	406.76428	1000.0	1000.0	1415999	61.522034	17.180595	86.0867	2.8929513	-61.616768	0.46703944	27262.87254858017
355	517.8794	145.67346	616.03314	266.77258	669.77155	40.620815	747.6086	598.1548	1000.0	1000.0	1419999	61.645855	17.08711	86.10697	3.4211493	-61.735172	0.49165094	27340.688859701157
356	571.25323	124.628624	703.2278	367.2231	541.1737	176.1067	702.15515	144.99062	1000.0	1000.0	1423999	61.727886	17.022697	86.271805	1.3241396	-61.81633	0.46715066	27418.72401046753
357	468.64957	187.71342	609.54443	151.79861	564.9382	156.58138	718.4634	155.1797	1000.0	1000.0	1427999	61.700195	17.033213	86.717354	1.3957615	-61.786037	0.49264672	27496.775403499603
358	494.81693	163.40718	626.06775	214.75885	685.47394	17.064743	708.7866	659.39825	1000.0	1000.0	1431999	61.600925	17.062996	86.82079	1.5340347	-61.68834	0.49680564	27574.974529504776
359	604.56177	39.110767	640.2125	542.29816	649.777	48.113472	725.9207	582.4622	1000.0	1000.0	1435999	61.74489	16.911093	85.86017	5.1243205	-61.83437	0.48227766	27652.975333929062
360	634.5609	67.17476	698.38916	531.56415	492.50766	128.66978	601.88043	205.2356	1000.0	1000.0	1439999	61.886326	16.880796	87.18207	4.2900157	-61.97774	0.46340594	27731.05110692978
361	392.5113	195.86282	616.5865	133.68092	589.4013	61.720043	715.49384	506.93625	1000.0	1000.0	1443999	61.959415	16.942986	86.01645	1.4747663	-62.046288	0.47959468	27808.865852594376
362	538.89197	58.39333	639.4657	495.97983	625.1616	34.596397	679.6643	572.42834	1000.0	1000.0	1447999	62.0384	16.973808	86.3861	2.0564795	-62.124805	0.48416275	27886.824110746384
363	520.94855	146.10905	669.11346	279.77203	657.0786	22.590912	702.64276	615.17145	1000.0	1000.0	1451999	62.032253	17.070904	85.46056	3.24344	-62.113895	0.4686473	27964.695019483566
364	485.40802	144.56596	589.46765	238.67032	583.2431	74.820564	680.22217	435.21747	1000.0	1000.0	1455999	62.104565	17.050657	85.69522	4.8558726	-62.19257	0.47705448	28042.67226624489
365	515.7189	111.10206	606.84814	326.79636	640.2621	76.80803	733.659	439.6135	1000.0	1000.0	1459999	62.244316	16.95805	85.85642	-3.86173	-62.327503	0.49531788	28120.960806131363
366	543.20074	66.12839	633.90985	447.16794	624.08136	36.992195	668.32733	547.8499	1000.0	1000.0	1463999	62.29936	17.000835	85.98448	0.13313913	-62.389484	0.47807208	28198.855697155
367	516.603	118.31572	607.46674	314.93878	652.8822	21.986444	700.8946	621.15924	1000.0	1000.0	1467999	62.388016	17.027962	86.20149	2.9947028	-62.472256	0.554853	28276.640545606613
368	595.59393	35.52038	622.8433	534.50836	628.2606	16.998957	663.3685	595.4109	1000.0	1000.0	1471999	62.44135	16.990301	86.4058	3.2163749	-62.525047	0.5402906	28354.451763153076
369	626.1909	23.886763	649.0813	586.3844	464.52164	165.20741	618.95056	183.99966	1000.0	1000.0	1475999	62.590996	16.896284	85.59322	5.2220545	-62.676006	0.5038788	28432.304979085922
370	641.22	15.023223	663.1777	620.88666	616.1764	70.61851	722.87146	448.18604	1000.0	1000.0	1479999	62.58995	16.991505	85.719025	3.1958094	-62.676296	0.5257284	28510.351594924927
371	518.03876	132.26717	619.41266	290.55328	446.79102	127.50774	642.78516	258.3264	1000.0	1000.0	1483999	62.72598	17.01644	86.031364	3.9639108	-62.814022	0.49949136	28588.494491815567
372	616.1195	39.893215	662.5239	570.24255	588.6272	104.37519	695.30084	320.8156	1000.0	1000.0	1487999	62.845806	16.983475	85.99269	2.004797	-62.930237	0.46582574	28666.446662425995
373	621.5095	30.764063	657.5972	572.54224	672.119	20.71252	702.8338	637.85187	1000.0	1000.0	1491999	62.83786	17.054834	86.28889	1.7381129	-62.920242	0.5172788	28744.525837421417
374	668.1695	34.05413	709.0925	614.531	622.0929	108.007576	728.95764	353.3917	1000.0	1000.0	1495999	62.97068	16.992922	85.77993	1.9806464	-63.05953	0.49204358	28822.0888941288
375	611.4142	29.68828	648.23456	573.2159	650.0822	45.22364	710.42725	566.85095	1000.0	1000.0	1499999	63.14824	16.90594	86.25823	1.217514	-63.22951	0.4633034	28899.96349453926
376	640.173	17.520252	661.7068	616.6354	603.30786	71.68821	689.5545	499.693	1000.0	1000.0	1503999	63.184715	16.9075	86.39547	1.5503104	-63.26521	0.4631168	28977.837559223175
377	615.5935	17.541725	637.5493	597.4602	606.7915	55.116898	691.8944	530.30774	1000.0	1000.0	1507999	63.176105	16.904844	85.64077	4.4230075	-63.25313	0.47260922	29055.900544643402
378	601.1545	100.26553	663.2036	427.56448	627.8163	32.15064	674.4606	567.6963	1000.0	1000.0	1511999	63.1952	16.881332	85.445915	2.1310463	-63.27143	0.43817914	29134.152597665787
379	631.08	51.616863	697.8063	558.54297	562.5061	154.01541	688.43854	252.80714	1000.0	1000.0	1515999	63.165615	16.879194	86.02752	4.5399995	-63.240734	0.45106253	29212.107199192047
380	582.65784	62.63575	642.75934	484.20074	652.6605	53.32693	721.60406	532.29706	1000.0	1000.0	1519999	63.19064	16.883293	85.6519	3.241754	-63.264076	0.45308056	29290.246589660645
381	622.1145	27.415905	649.23236	578.9082	637.86993	28.290737	669.47845	577.1434	1000.0	1000.0	1523999	63.221214	16.880463	85.89021	3.5864165	-63.300686	0.48321068	29368.46253633499
382	640.4492	24.40216	680.8671	615.9481	465.19244	186.35095	674.8215	77.999535	1000.0	1000.0	1527999	63.30496	16.87195	85.4727	2.0129054	-63.38202	0.4471822	29446.624657154083
383	600.4661	59.49806	681.3499	513.7861	680.21124	28.948925	709.27075	599.39374	1000.0	1000.0	1531999	63.360085	16.873503	85.95152	2.5809553	-63.437656	0.4625544	29524.544644117355
384	588.63025	31.700047	622.0787	536.5167	651.885	47.783268	725.644	552.4881	1000.0	1000.0	1535999	63.47068	16.9101	85.89121	3.0504203	-63.549408	0.458262	29602.141319274902
385	557.63306	71.10175	609.30347	436.08633	622.13074	128.39613	706.8141	267.34113	1000.0	1000.0	1539999	63.600815	16.89667	86.888824	-3.4345746	-63.674225	0.4770512	29679.824258327484
386	589.1588	9.179072	603.8451	578.9587	654.29785	46.089134	693.3114	522.6184	1000.0	1000.0	1543999	63.55694	16.935589	86.54274	-4.2619686	-63.633884	0.4658083	29758.394262075424
387	650.9258	93.87502	729.3715	494.3257	592.71075	84.68418	681.697	378.4919	1000.0	1000.0	1547999	63.67775	16.864529	86.75084	0.57049656	-63.752274	0.44604987	29836.80214047432
388	595.06384	81.087456	708.9176	479.65225	552.1647	162.07114	705.1532	182.29744	1000.0	1000.0	1551999	63.74892	16.818348	86.190636	0.86441946	-63.824028	0.46998537	29914.856877565384
389	660.69324	17.735538	677.887	633.3822	561.82947	119.54082	664.547	281.05637	1000.0	1000.0	1555999	63.888275	16.897844	86.62447	-2.6972642	-63.96749	0.47184694	29992.632209300995
390	436.01617	149.52046	580.5883	206.08237	578.52136	193.13654	760.13416	115.41699	1000.0	1000.0	1559999	64.01026	16.988476	87.36713	-4.3209186	-64.0901	0.48283088	30070.830199480057
391	505.1596	227.64279	656.3617	111.60884	544.9114	151.14015	675.52936	110.56234	1000.0	1000.0	1563999	64.11696	17.115763	87.306206	1.8076048	-64.19457	0.47759166	30149.182708978653
392	468.47025	187.6397	633.70044	172.05115	668.2314	30.699535	696.7822	592.04126	1000.0	1000.0	1567999	64.23399	17.103546	86.76822	-10.130293	-64.31573	0.48678514	30227.211937904358
393	552.76526	91.831635	627.8739	400.155	505.56073	146.7745	667.2365	195.73933	1000.0	1000.0	1571999	64.34428	17.151567	87.41079	-1.9731588	-64.42158	0.4768725	30304.875071287155
394	500.43826	171.59488	635.26807	207.72012	622.78754	43.541714	682.4952	551.9378	1000.0	1000.0	1575999	64.377304	17.180805	87.979965	-5.0333705	-64.45551	0.520823	30382.74516391754
395	555.97406	58.42912	656.60736	513.80096	563.8113	123.5718	700.2331	279.33124	1000.0	1000.0	1579999	64.47861	17.09333	87.02452	-2.1418085	-64.55069	0.48482782	30460.55771756172
396	646.5011	47.580032	707.98425	575.166	530.81006	72.76963	616.7656	354.4155	1000.0	1000.0	1583999	64.51971	17.024242	87.094864	1.8710153	-64.60006	0.4913467	30538.761825799942
397	417.47995	200.00092	615.8725	85.66577	566.3979	50.531906	666.15857	489.82202	1000.0	1000.0	1587999	64.607796	16.96948	87.27474	4.7564397	-64.68151	0.45095447	30617.108858823776
398	519.94385	18.687366	544.7374	492.0623	527.42163	41.47161	601.5716	471.88342	1000.0	1000.0	1591999	64.6132	16.809998	87.42029	-4.016506	-64.6852	0.4945691	30695.2952208519
399	587.57764	61.426105	666.51294	520.308	486.94647	173.02264	660.5087	218.3161	1000.0	1000.0	1595999	64.65385	16.732895	86.74761	0.6238384	-64.73295	0.45981374	30773.622781038284
400	445.52042	92.53654	541.9824	301.3965	525.26135	116.69418	667.22375	312.44058	1000.0	1000.0	1599999	64.71577	16.698103	87.81702	-1.481329	-64.789894	0.42985925	30851.799486398697
401	634.37585	54.882164	695.0692	575.88995	545.5543	121.704056	642.0087	216.96318	1000.0	1000.0	1603999	64.76732	16.607065	87.15475	-4.344337	-64.85083	0.4618731	30930.086844205856
402	455.83148	157.66476	644.7541	209.00548	589.2301	89.53223	674.4928	376.25787	1000.0	1000.0	1607999	64.86616	16.584002	87.097984	-4.864118	-64.94685	0.444115	31008.376230955124
403	446.66986	108.98691	549.95233	268.36462	641.2682	37.75801	681.9744	549.1102	1000.0	1000.0	1611999	64.77242	16.697699	87.39256	-2.4796557	-64.84537	0.45789075	31086.827597618103
404	600.52954	39.72014	659.2039	547.7301	557.9506	167.79184	712.5396	161.4242	1000.0	1000.0	1615999	64.80363	16.676418	87.86863	-6.9206862	-64.8795	0.48387417	31165.36100912094
405	475.9517	189.5821	684.2088	167.68982	515.5766	149.7922	667.4683	120.54632	1000.0	1000.0	1619999	64.821	16.762522	87.36483	-8.858129	-64.89943	0.46965882	31243.565980911255
406	508.11646	106.4385	650.03253	400.1385	652.7877	23.7372	686.1367	607.743	1000.0	1000.0	1623999	64.841545	16.814547	88.69662	2.1751132	-64.919014	0.49652553	31321.791446447372
407	615.47375	43.51894	673.684	552.68823	663.3011	49.52475	714.0025	539.09064	1000.0	1000.0	1627999	64.87133	16.866625	88.10428	-10.383318	-64.9471	0.4951993	31399.72692847252
408	608.9747	24.255901	650.3576	588.7872	665.3048	77.04214	749.8726	498.59125	1000.0	1000.0	1631999	64.995636	16.808403	87.99504	-14.35794	-65.07264	0.47596473	31478.151539325714
409	473.58527	177.3119	606.62646	171.22523	504.72894	251.25705	718.9293	102.85181	1000.0	1000.0	1635999	65.06759	16.872253	88.01132	-14.5593815	-65.148445	0.46949077	31556.37823653221
410	425.98767	196.41925	653.27625	194.42093	534.9118	177.2726	688.0118	210.07253	1000.0	1000.0	1639999	65.14486	16.976015	87.72745	-8.1299095	-65.22479	0.4872199	31634.456956863403
411	460.95404	179.12292	696.9615	197.73988	648.8646	69.33434	747.1375	550.1533	1000.0	1000.0	1643999	65.05183	17.223087	88.21004	-16.605373	-65.127945	0.50370896	31712.472341775894
412	481.2146	66.91675	549.7313	411.64108	605.94415	96.34962	705.6391	358.79987	1000.0	1000.0	1647999	65.02852	17.311762	87.79213	-14.336692	-65.10285	0.48759753	31790.363638162613
413	576.8628	143.88612	695.3168	339.3042	382.9678	126.87071	587.4532	193.97824	1000.0	1000.0	1651999	64.99673	17.430851	87.76412	-5.172479	-65.074646	0.48782933	31868.27710533142
414	369.55975	173.05832	568.1538	183.03989	449.67978	99.82694	551.90967	205.44388	1000.0	1000.0	1655999	64.987015	17.567825	87.875694	-11.065414	-65.0619	0.5301242	31946.225905418396
415	601.99347	47.0555	634.6637	520.8294	463.59503	136.60162	572.03644	157.15608	1000.0	1000.0	1659999	65.00591	17.499079	87.32787	-12.064287	-65.083755	0.53743786	32024.44568681717
416	554.0026	56.862183	651.5057	510.49222	616.46936	74.72907	749.3514	445.95154	1000.0	1000.0	1663999	65.03713	17.393394	87.8199	-11.365133	-65.108505	0.4914959	32102.506912231445
417	557.5077	59.59187	657.8664	509.90518	602.11774	79.28929	708.10187	457.1593	1000.0	1000.0	1667999	65.00572	17.486923	87.4238	-9.9555	-65.08038	0.47554103	32180.589636564255
418	523.7305	131.93317	653.20703	325.1909	465.86835	142.56355	662.4419	200.1605	1000.0	1000.0	1671999	64.96731	17.486368	87.32127	-7.253498	-65.03893	0.5108679	32258.71101808548
419	595.1383	28.363684	629.73376	550.75073	414.653	148.29716	569.20087	115.184456	1000.0	1000.0	1675999	64.96377	17.409916	86.95609	-9.979687	-65.0359	0.5279124	32336.78544664383
420	584.69165	69.93768	665.862	474.21295	573.51355	85.665276	707.72296	456.7611	1000.0	1000.0	1679999	64.97588	17.409704	87.23128	-8.655405	-65.04997	0.5085173	32414.589396953583
421	543.52295	165.53902	669.2063	259.52957	609.91016	77.69862	715.20416	489.8853	1000.0	1000.0	1683999	64.9492	17.368732	87.35483	-6.6735053	-65.01759	0.49563432	32492.348194360733
422	560.9238	109.57987	650.63556	377.61093	648.3373	73.9852	748.3351	514.66504	1000.0	1000.0	1687999	64.84825	17.332813	87.109825	-5.07205	-64.91609	0.5186784	32570.465308904648
423	649.38684	45.413727	700.17267	582.2972	452.95865	224.81866	693.2861	28.457321	1000.0	1000.0	1691999	64.85069	17.354946	87.23002	-4.2679358	-64.92419	0.50251406	32648.585879087448
424	415.74936	196.398	628.44226	214.01343	468.3517	192.50641	709.0136	181.00902	1000.0	1000.0	1695999	64.8992	17.432976	87.66132	-3.0881867	-64.97366	0.48996675	32726.675953626633
425	404.57886	190.26419	599.8789	139.08273	614.13544	115.005615	689.05597	275.1569	1000.0	1000.0	1699999	64.86144	17.555841	87.34293	-3.4857154	-64.93605	0.49305642	32805.02209162712
426	637.9795	54.714703	704.0155	582.07446	656.2738	39.431786	715.93933	595.3286	1000.0	1000.0	1703999	64.91102	17.56115	87.492805	-3.4852743	-64.983795	0.49625686	32883.14052581787
427	637.0951	41.143795	665.14075	566.3495	660.40186	50.390076	703.8133	530.73755	1000.0	1000.0	1707999	64.94142	17.54906	87.261734	-3.7946544	-65.01568	0.5161869	32961.401163101196
428	456.51703	185.30743	640.08044	174.10078	495.58676	209.69292	714.15375	119.39082	1000.0	1000.0	1711999	64.99357	17.502108	86.73383	-4.3215156	-65.06385	0.5004336	33039.66444516182
429	427.12427	219.02872	687.60864	157.22139	300.56433	162.97482	625.83716	56.37058	1000.0	1000.0	1715999	64.86205	17.718893	87.08294	-7.4680552	-64.93426	0.48465112	33117.8227250576
430	510.03616	103.497536	594.11774	332.80478	561.7898	167.19102	704.39777	158.2535	1000.0	1000.0	1719999	64.81452	17.798105	87.68814	-6.33066	-64.88687	0.46583682	33196.474827528
431	657.07	35.780758	713.26666	614.17316	620.72516	86.525055	696.69775	395.3234	1000.0	1000.0	1723999	64.85603	17.91771	88.0271	-6.781946	-64.93173	0.5285577	33274.81434440613
432	580.20294	62.384895	635.735	478.70172	625.90027	41.638496	675.58203	524.14966	1000.0	1000.0	1727999	64.95412	17.917673	87.53941	-5.0536256	-65.02835	0.52023387	33353.56429409981
433	492.30658	120.934425	624.6696	299.90704	336.04196	160.8783	562.8239	107.98986	1000.0	1000.0	1731999	64.97756	17.874256	87.8065	-6.558601	-65.04902	0.4981601	33432.17820739746
434	498.05997	181.9166	622.7623	185.58897	676.46936	35.812016	746.484	611.1185	1000.0	1000.0	1735999	64.9914	17.928185	88.02867	-5.3091426	-65.06492	0.48228472	33511.0227189064
435	570.28406	18.742226	589.37134	539.72076	500.3686	171.18306	691.4191	210.07431	1000.0	1000.0	1739999	65.01891	17.88841	88.202576	-8.47319	-65.08672	0.50329566	33589.989901304245
436	526.2463	79.0842	627.2619	410.3615	654.6453	22.792673	704.2756	622.6215	1000.0	1000.0	1743999	64.928276	17.972754	87.270935	-9.757591	-65.001724	0.48609772	33668.56826066971
437	374.0797	239.38419	660.6355	66.10721	529.34326	81.936325	644.60065	354.8119	1000.0	1000.0	1747999	64.87544	18.17834	87.57077	-8.347036	-64.94792	0.48731464	33746.82284283638
438	575.42175	16.940853	599.65466	557.9607	571.4032	114.11045	695.3984	367.92828	1000.0	1000.0	1751999	64.90859	18.225554	87.75786	-4.923739	-64.98136	0.47093493	33825.31745386124
439	477.86252	143.78651	624.5539	239.85123	554.06	150.6072	706.62305	262.63007	1000.0	1000.0	1755999	64.853905	18.267778	87.81514	-5.4035554	-64.92389	0.5197739	33903.757274627686
440	615.1162	29.847185	657.5896	585.97546	617.6415	166.97565	737.6657	131.94536	1000.0	1000.0	1759999	64.82092	18.266607	88.249695	-5.995524	-64.88814	0.5205726	33982.05239510536
441	619.4078	44.14129	695.83453	592.88635	501.86377	117.77729	613.3067	179.714	1000.0	1000.0	1763999	64.82285	18.193531	88.28581	-7.7141814	-64.89029	0.51426303	34060.36119914055
442	534.87537	91.47048	654.54083	398.1524	287.39423	131.63893	522.36774	113.530624	1000.0	1000.0	1767999	64.77753	18.22546	87.15567	-5.9018474	-64.84655	0.49916053	34138.96554303169
443	578.3945	56.216957	650.57684	493.5088	434.10605	145.67236	665.23254	200.31604	1000.0	1000.0	1771999	64.75989	18.25272	87.23313	-8.943096	-64.82843	0.4966897	34217.9222240448
444	530.1354	109.46759	641.9724	355.83582	573.2843	135.45981	733.4502	217.51761	1000.0	1000.0	1775999	64.69872	18.317629	87.56702	-6.7334986	-64.765526	0.5195234	34296.805913448334
445	622.09625	25.205133	657.53436	587.7181	616.6641	117.99827	733.4774	300.536	1000.0	1000.0	1779999	64.73424	18.217764	87.216125	-8.209286	-64.80262	0.48429608	34375.2884991169
446	545.6799	152.76166	697.2709	291.33057	297.10632	154.29535	633.03815	57.2775	1000.0	1000.0	1783999	64.71042	18.1881	87.3564	-8.148561	-64.77673	0.5055246	34453.46979475021
447	525.8142	164.5473	636.4307	241.69398	501.00775	152.04965	702.1854	154.48729	1000.0	1000.0	1787999	64.56155	18.348907	87.316246	-10.089556	-64.62678	0.5671658	34531.54629611969
448	524.0466	144.87642	649.9602	291.45285	242.07541	113.68326	461.82114	93.35579	1000.0	1000.0	1791999	64.57906	18.286049	87.02373	-8.335672	-64.6425	0.53085625	34609.84121179581
449	601.06067	26.928919	631.2964	571.87115	340.23016	212.41493	690.7377	70.69344	1000.0	1000.0	1795999	64.48504	18.252604	87.28329	-8.930929	-64.55074	0.5193438	34688.35465145111
450	440.66092	247.01404	701.54083	71.93781	550.7555	124.07797	643.18866	220.26465	1000.0	1000.0	1799999	64.417534	18.32472	87.36282	-6.3562098	-64.47733	0.51221067	34767.113975048065
451	488.3244	91.4694	580.13556	337.0854	394.19925	175.3435	588.993	130.38266	1000.0	1000.0	1803999	64.268036	18.31062	86.96151	-6.572037	-64.32527	0.55395323	34845.78854012489
452	452.4245	183.78522	634.6463	168.76408	539.47186	139.9203	666.3497	223.05855	1000.0	1000.0	1807999	64.24162	18.349188	85.80063	-7.521392	-64.307846	0.50295556	34924.52119779587
453	591.3615	41.6531	622.682	519.6607	456.73486	163.37044	735.571	205.67961	1000.0	1000.0	1811999	64.20361	18.382675	86.682785	-7.337431	-64.26761	0.53848636	35002.84595870972
454	628.64703	16.147789	654.7942	612.4352	609.6166	91.5974	693.2637	344.55292	1000.0	1000.0	1815999	64.28465	18.391787	87.60602	-7.5289736	-64.350815	0.55272156	35081.283697128296
455	558.42474	211.24199	707.9392	196.77968	641.6637	35.633137	690.71936	556.7335	1000.0	1000.0	1819999	64.37764	18.33506	86.27367	-5.300535	-64.44121	0.5670963	35159.70846414566
456	586.12634	12.7427225	603.28674	569.4208	639.78284	79.08068	692.19794	420.08084	1000.0	1000.0	1823999	64.43414	18.354776	87.45202	-4.8164225	-64.50355	0.5483546	35238.19364690781
457	616.496	63.346123	690.6295	543.2374	505.93808	172.8957	696.85724	215.05429	1000.0	1000.0	1827999	64.47843	18.312992	86.764275	-4.8259478	-64.54471	0.56414396	35316.863944768906
458	532.381	85.848625	670.0448	436.28366	557.0147	151.21616	709.2235	139.5126	1000.0	1000.0	1831999	64.64379	18.289087	86.639984	-4.908341	-64.71396	0.5849169	35395.58777832985
459	583.74036	38.27234	631.67236	545.0241	538.53613	60.736908	610.67505	374.94736	1000.0	1000.0	1835999	64.69008	18.308199	88.2316	-3.8088558	-64.75699	0.61562526	35473.80691218376
460	499.41125	142.93358	615.1155	256.2455	556.32086	74.78074	645.6252	357.4654	1000.0	1000.0	1839999	64.70982	18.161179	87.67985	-11.962664	-64.77667	0.59117067	35551.82362651825
461	571.7022	11.291345	581.0243	552.7069	623.9593	43.286823	681.14886	562.93787	1000.0	1000.0	1843999	64.76917	18.146196	87.45155	-5.912944	-64.83869	0.5924459	35630.317870140076
462	574.79565	38.296844	632.5413	534.7451	458.9576	135.5498	612.676	202.2503	1000.0	1000.0	1847999	64.75349	18.22487	87.81832	-5.582617	-64.82246	0.5646891	35708.95633792877
463	492.44403	62.712543	566.1161	392.6632	437.85977	132.62349	595.95465	187.58727	1000.0	1000.0	1851999	64.814	18.187227	87.24685	-8.779343	-64.88175	0.57174754	35787.29088592529
464	435.91516	194.00182	588.2904	104.47692	396.40314	167.32646	616.53217	148.3833	1000.0	1000.0	1855999	64.67301	18.311256	87.76303	-3.1749945	-64.73863	0.54419243	35865.53931951523
465	546.87915	46.383255	603.3192	495.81464	543.0366	174.88864	657.0637	30.694817	1000.0	1000.0	1859999	64.673355	18.263828	87.20374	-2.986724	-64.737495	0.58364576	35943.75954914093
466	528.55383	72.42529	587.8989	406.38907	457.63116	172.43501	679.0032	166.3222	1000.0	1000.0	1863999	64.52951	18.346708	87.89351	-3.618899	-64.594284	0.567804	36022.30240345001
467	495.00842	152.05219	600.682	232.35121	536.97437	110.8835	648.1842	251.49417	1000.0	1000.0	1867999	64.46905	18.369963	87.22244	-3.900019	-64.5338	0.5382919	36100.45514392853
468	566.85645	70.020096	673.8549	479.0577	426.72052	181.4112	659.4354	61.87561	1000.0	1000.0	1871999	64.47633	18.220388	87.19365	-5.0858917	-64.53912	0.5517367	36178.75946307182
469	611.21985	15.184835	636.5389	596.4164	568.9224	35.087055	617.2023	505.96088	1000.0	1000.0	1875999	64.480774	18.20975	87.17876	-5.3461614	-64.54657	0.5749539	36257.30192446709
470	573.16125	32.34682	620.33246	530.2937	609.3707	66.84918	684.63983	437.47067	1000.0	1000.0	1879999	64.48869	18.264431	86.63227	-6.327284	-64.54962	0.5055374	36336.1961479187
471	572.54565	21.350986	599.31177	539.7326	598.00415	60.416065	689.75165	475.06897	1000.0	1000.0	1883999	64.42029	18.325554	87.40023	-2.7555635	-64.47816	0.52534896	36414.753403902054
472	625.3692	15.264557	646.3077	605.86884	638.61365	30.415546	681.9331	589.373	1000.0	1000.0	1887999	64.42066	18.315748	87.42567	-4.3132133	-64.48338	0.5705266	36493.17509531975
473	664.42584	21.60918	700.5031	644.8748	660.7444	34.421524	708.1025	593.6917	1000.0	1000.0	1891999	64.503944	18.301561	87.24408	-4.3225617	-64.56702	0.561999	36571.44417357445
474	537.0752	144.45386	632.05725	287.4291	529.516	103.86849	641.26324	353.75748	1000.0	1000.0	1895999	64.54156	18.327522	86.90285	-2.6264231	-64.60605	0.541989	36649.86718726158
475	550.20886	179.88994	678.6173	239.75659	663.2178	39.87619	728.7797	611.1404	1000.0	1000.0	1899999	64.51704	18.440985	87.63107	-2.146155	-64.58105	0.56827	36728.31221246719
476	582.2435	28.066944	623.37244	550.2625	402.3537	191.80592	652.8923	143.08711	1000.0	1000.0	1903999	64.48651	18.558014	87.68283	-1.58723	-64.54813	0.5587498	36806.63168001175
477	683.3887	7.660143	689.5374	670.38007	667.81177	19.248024	699.9265	633.09863	1000.0	1000.0	1907999	64.469154	18.650536	88.395874	-4.4687777	-64.5311	0.5933904	36884.69383382797
478	622.7806	13.42141	638.1166	609.1553	612.13354	25.274511	640.17126	563.224	1000.0	1000.0	1911999	64.520134	18.731522	87.9194	-12.972397	-64.58758	0.5880958	36963.34741592407
479	569.29236	50.940105	623.6287	511.96408	569.1569	62.9322	634.02374	431.19464	1000.0	1000.0	1915999	64.73302	18.626696	87.84859	-3.3708591	-64.79946	0.5951112	37041.97788190842
480	504.5172	172.74944	636.3989	207.68137	275.58633	113.4443	510.90155	86.01228	1000.0	1000.0	1919999	64.83799	18.649504	88.01089	-9.712225	-64.911835	0.62236494	37120.26418185234
481	482.14203	140.57011	616.21875	259.7074	295.5107	193.7586	596.39996	51.86294	1000.0	1000.0	1923999	64.93086	18.786865	87.48219	-3.9327998	-64.995705	0.6092324	37199.0821788311
482	511.11374	79.92723	577.2186	374.70993	559.50824	92.01617	674.2227	376.6542	1000.0	1000.0	1927999	64.82718	18.832573	88.711525	-2.8630004	-64.88777	0.5827263	37277.691131830215
483	536.5217	126.5894	628.6205	319.81998	573.5719	89.00341	627.24097	311.2227	1000.0	1000.0	1931999	64.91547	18.797186	88.05312	-0.9205184	-64.98665	0.6127635	37355.99800801277
484	368.97168	159.25623	549.09344	160.05208	465.37726	182.84465	680.88135	153.7699	1000.0	1000.0	1935999	64.8733	18.915178	88.68965	-7.2203794	-64.937256	0.67485625	37434.42549443245
485	469.3663	134.7369	572.14496	237.5729	611.9614	37.286816	649.1583	526.9035	1000.0	1000.0	1939999	64.73177	18.93931	88.43647	-18.425642	-64.791855	0.6863863	37512.695464134216
486	616.1891	54.607788	676.3068	537.518	541.2553	167.8021	735.637	203.12256	1000.0	1000.0	1943999	64.6265	18.985987	88.19942	-14.166445	-64.69105	0.6423421	37591.231367111206
487	632.99945	55.996574	715.11676	581.1838	493.50946	113.391945	609.3795	213.24767	1000.0	1000.0	1947999	64.75338	19.004408	87.751274	-9.267454	-64.82479	0.56934154	37669.70693445206
488	557.42786	79.12272	649.9135	434.29605	618.60266	66.88206	710.74854	461.75867	1000.0	1000.0	1951999	64.88656	18.915829	87.864174	-6.418482	-64.954575	0.5993593	37748.76362037659
489	447.23297	180.03647	631.59186	166.57256	459.58676	177.15494	694.3468	214.86238	1000.0	1000.0	1955999	64.82595	19.047644	88.2574	-9.221785	-64.8919	0.6225273	37827.667087078094
490	466.70755	156.65337	631.27734	298.96082	566.44916	99.45687	652.4387	289.45685	1000.0	1000.0	1959999	64.78888	19.194736	88.060165	-1.8174298	-64.85559	0.59948987	37906.13430762291
491	560.2767	119.745316	674.5366	359.37393	247.45248	202.64494	526.0521	43.49977	1000.0	1000.0	1963999	64.90019	19.203457	88.08343	-4.977377	-64.97242	0.62219274	37984.95412349701
492	490.41455	139.09555	637.5119	261.8235	499.52237	128.41995	618.3591	131.49654	1000.0	1000.0	1967999	64.98829	19.170824	88.16055	-9.8279705	-65.05536	0.637736	38063.7626554966
493	527.56415	25.34739	553.3619	499.36905	394.4612	195.83435	668.0791	108.401184	1000.0	1000.0	1971999	64.9073	19.304523	88.43777	-15.547262	-64.974945	0.6971757	38142.265582084656
494	536.97534	174.26338	661.46423	237.19676	532.1005	126.01685	690.9145	274.57855	1000.0	1000.0	1975999	64.95431	19.219456	88.338936	-6.4068575	-65.022316	0.6404945	38220.85880303383
495	437.93335	183.47293	576.1126	123.065414	582.9587	77.94957	686.46716	412.0337	1000.0	1000.0	1979999	64.81242	19.346144	88.06746	-4.7734423	-64.87616	0.65774024	38299.54214596748
496	584.1582	60.939945	667.34125	515.3792	656.98804	47.757095	750.94073	579.02704	1000.0	1000.0	1983999	64.76024	19.358202	88.13943	-2.1979582	-64.825485	0.6220829	38378.388135671616
497	489.17932	210.5652	622.25275	124.90872	641.08545	32.123985	701.6099	593.69855	1000.0	1000.0	1987999	64.82697	19.256575	88.01302	-2.9649296	-64.898186	0.6221342	38456.904687166214
498	588.39276	38.868816	635.3896	527.29926	455.16797	133.96223	581.855	208.29305	1000.0	1000.0	1991999	64.798584	19.283293	87.78181	-7.2085943	-64.86134	0.59352136	38535.86881399155
499	623.0898	41.628998	694.2635	589.4337	604.03436	48.633152	714.99695	546.1042	1000.0	1000.0	1995999	64.78262	19.366219	88.173164	-5.678526	-64.85353	0.6099732	38614.576357364655
500	626.2948	49.135696	702.1589	577.50183	576.39105	107.31957	745.59985	422.21188	1000.0	1000.0	1999999	64.90598	19.298069	87.74218	-4.2506285	-64.97651	0.63459873	38693.134850502014
