Epoch	AverageEpRet	StdEpRet	MaxEpRet	MinEpRet	AverageTestEpRet	StdTestEpRet	MaxTestEpRet	MinTestEpRet	EpLen	TestEpLen	TotalEnvInteracts	AverageQVals	StdQVals	MaxQVals	MinQVals	LossPi	LossQ	Time
1	32.797516	2.3695037	35.670982	30.160088	42.03112	12.572701	48.144024	4.4666905	1000.0	1000.0	3999	0.42134658	0.33504608	2.5264637	-2.0716054	-0.47349122	0.004116252	56.67883849143982
2	29.713457	1.1716001	31.072886	27.956268	34.435783	19.88082	48.926723	3.619369	1000.0	1000.0	7999	2.8083446	1.7242631	12.300498	0.33844846	-3.097076	0.013925041	126.11801195144653
3	39.613613	7.491689	48.55627	31.846375	18.293837	21.543644	59.64724	3.8399823	1000.0	1000.0	11999	11.661334	4.542633	25.174608	-0.003210783	-12.332919	0.06966495	199.48186874389648
4	42.534172	5.694672	49.63169	35.629646	27.93757	4.748274	41.442715	24.73358	1000.0	1000.0	15999	17.218994	2.1935298	24.733702	7.6517096	-17.409391	0.065453224	271.51860427856445
5	28.847897	3.948054	35.441566	24.953533	28.182346	2.6321847	34.786366	24.953026	1000.0	1000.0	19999	15.0562725	2.5058696	24.15637	7.951981	-15.0186	0.044715285	357.11484146118164
6	26.944857	1.6933541	28.593603	24.714073	26.90388	1.6576301	29.709108	25.204348	1000.0	1000.0	23999	11.868182	1.8782398	19.099943	7.259527	-11.852446	0.015918676	430.95311069488525
7	28.99193	1.4443994	31.236252	27.53746	27.265163	1.9048193	29.308683	24.595142	1000.0	1000.0	27999	9.73898	1.446315	15.70994	6.344029	-9.728672	0.008148199	504.2534592151642
8	28.412085	3.3453777	34.010475	25.14048	26.67658	5.2715554	33.337616	13.209452	1000.0	1000.0	31999	8.209216	1.1647455	13.548897	5.558855	-8.204598	0.0046266722	578.3710486888885
9	29.962534	6.417431	40.896824	25.327454	27.09821	1.9681654	31.461185	24.827566	1000.0	1000.0	35999	7.0684257	0.87474424	13.481032	5.140299	-7.0631843	0.0033751428	654.0499527454376
10	26.466413	1.9260374	29.638988	24.809492	27.827866	2.9980366	35.609425	24.872429	1000.0	1000.0	39999	6.1923046	0.7003058	17.638279	4.77313	-6.189231	0.0037968406	745.5250997543335
11	28.099495	1.0290431	28.950636	26.390614	26.210993	1.4346327	28.391088	24.445509	1000.0	1000.0	43999	5.502854	0.5703733	17.113401	4.3816967	-5.5009346	0.003498308	825.606894493103
12	28.850672	3.8102994	34.800644	24.929203	27.040852	2.0266154	30.779243	24.829576	1000.0	1000.0	47999	5.006016	0.5059877	15.000916	4.033114	-5.0095005	0.0035611906	901.3587546348572
13	27.031708	1.5934207	29.253403	25.477419	26.374767	1.6556519	29.79738	24.606028	1000.0	1000.0	51999	4.5843043	0.48881546	20.518997	3.8296568	-4.5806894	0.0029164632	978.7720017433167
14	27.187279	1.1013807	28.226124	25.345173	28.370764	3.4469802	37.124084	25.46008	1000.0	1000.0	55999	4.237415	0.40720192	15.416657	3.4730694	-4.2389097	0.0023148982	1065.790655374527
15	26.444357	1.8956697	29.72744	25.314886	29.988546	9.143974	57.172	25.053663	1000.0	1000.0	59999	3.9473515	0.37588176	15.347271	3.0886827	-3.9454052	0.0028833481	1142.268391609192
16	27.656792	1.3739562	29.096462	25.461214	30.170126	4.4741793	40.423077	24.905504	1000.0	1000.0	63999	3.6790864	0.35142183	14.858818	2.982204	-3.6780465	0.0026642075	1233.364620923996
17	26.28822	1.954544	29.651588	24.804857	26.408878	1.4685518	29.132326	24.903536	1000.0	1000.0	67999	3.4712985	0.33077994	15.510538	2.8524117	-3.4722176	0.0026678012	1317.9988627433777
18	28.186197	1.3008068	29.44975	26.040154	26.525845	1.3174096	29.040752	25.003857	1000.0	1000.0	71999	3.3517072	0.34579214	17.417105	2.7046704	-3.3510811	0.0018863921	1397.7441301345825
19	28.998997	3.6994073	33.3353	24.99541	30.801916	5.7835793	40.30918	24.777725	1000.0	1000.0	75999	3.2247279	0.3414582	19.282635	2.6791468	-3.2239785	0.0023124942	1478.7674269676208
20	29.391632	3.7067003	35.25433	25.062243	29.803457	5.5870457	42.765884	24.85359	1000.0	1000.0	79999	3.0978708	0.3147252	18.434689	2.5535183	-3.0997515	0.0022091416	1561.013572692871
21	27.568958	0.9283833	28.818913	26.19864	27.483511	3.61005	37.915867	25.41338	1000.0	1000.0	83999	3.032664	0.33199137	21.552002	2.3985596	-3.0320315	0.0022415982	1644.0186026096344
22	25.896126	1.358779	28.215855	24.916105	26.326532	1.1409158	27.999907	24.740582	1000.0	1000.0	87999	2.9636815	0.32619134	22.178764	2.3821003	-2.9628649	0.0022574344	1729.0302319526672
23	27.202312	3.0292194	32.399055	24.928295	27.307636	1.5787224	29.324541	24.941502	1000.0	1000.0	91999	2.8768396	0.29564562	12.890907	2.2882965	-2.8782003	0.0015457337	1815.0658473968506
24	30.090832	4.3377957	37.42338	26.15891	26.459051	2.3899605	32.99119	24.572678	1000.0	1000.0	95999	2.8234885	0.30960178	16.170553	2.1813545	-2.8241198	0.0023023996	1901.7180461883545
25	27.562002	1.3735955	28.941303	25.340784	27.204254	2.0747237	31.628057	24.854267	1000.0	1000.0	99999	2.777424	0.30561405	14.255099	2.1589994	-2.776858	0.002396636	1988.7295038700104
26	26.872478	1.4286667	28.601353	25.418346	26.973389	2.2542512	32.081867	25.053318	1000.0	1000.0	103999	2.727898	0.28196126	13.632246	2.2167282	-2.7276216	0.0015469947	2075.6486246585846
27	26.36025	1.3552057	28.403791	25.013315	29.308023	4.509849	41.602486	25.296158	1000.0	1000.0	107999	2.6865375	0.3015232	13.797265	2.0288174	-2.6863415	0.0020088607	2185.3054518699646
28	25.991947	1.9205687	29.276253	24.520617	26.738688	1.280157	28.801662	25.197754	1000.0	1000.0	111999	2.6341221	0.2941933	12.010241	2.0399806	-2.6332343	0.0017314503	2272.432652950287
29	27.086138	2.382478	30.878405	24.933905	26.696957	1.9863156	30.055996	24.283627	1000.0	1000.0	115999	2.602374	0.2899474	13.495744	1.9716685	-2.6013627	0.0017231846	2359.7119982242584
30	27.104115	1.3837154	29.09739	25.398327	26.71897	2.965669	34.882732	24.942808	1000.0	1000.0	119999	2.552482	0.2744276	12.531049	1.9805341	-2.5514832	0.0015078369	2447.4530532360077
31	22.616383	5.280327	26.070488	13.494759	27.34672	1.6365006	29.950968	25.106611	1000.0	1000.0	123999	2.5325556	0.28716338	13.00899	1.9963006	-2.531873	0.0016457982	2535.423270225525
32	25.701416	1.8423022	28.701044	23.807356	28.101599	4.4671392	40.35642	24.375528	1000.0	1000.0	127999	2.5160265	0.28919	13.937889	2.0313773	-2.5156958	0.0014924373	2623.0735278129578
33	29.4403	1.863621	32.359917	27.454958	30.99529	6.55012	49.73252	25.356989	1000.0	1000.0	131999	2.5118427	0.28850976	13.401989	2.0331295	-2.5108423	0.0014518781	2723.339413881302
34	29.709389	4.248128	36.92832	25.964983	29.839453	6.736946	44.057808	24.71706	1000.0	1000.0	135999	2.5014167	0.29552817	13.282162	1.9505072	-2.500663	0.0017891717	2810.0117480754852
35	26.020649	0.94265133	27.544493	24.991877	26.578022	1.2633823	28.497692	25.055624	1000.0	1000.0	139999	2.4895034	0.27786824	13.281476	1.8728503	-2.4892087	0.0016540556	2896.4522454738617
36	27.394995	1.2517016	28.381811	25.268847	26.041784	1.2785527	28.897753	24.874146	1000.0	1000.0	143999	2.4848046	0.28379172	13.482459	1.8525019	-2.4840028	0.0019566298	2998.4952948093414
37	26.414091	0.9921524	27.742968	25.072	27.312363	2.8180096	32.792778	24.961739	1000.0	1000.0	147999	2.4753337	0.2693236	13.248377	1.9034684	-2.4751596	0.0012224356	3085.815821170807
38	34.316788	12.378454	55.664097	25.323473	26.211813	1.6019666	29.196894	24.769772	1000.0	1000.0	151999	2.4750009	0.33416706	15.780674	1.8564982	-2.4742227	0.0018449426	3173.7934114933014
39	30.061415	1.5513719	32.466248	28.136795	27.544235	4.410492	40.16876	24.67673	1000.0	1000.0	155999	2.478274	0.37780526	18.121382	1.8525252	-2.4778857	0.0023275486	3262.1142904758453
40	32.19931	6.121956	40.53442	24.775951	26.963385	1.4601933	29.405361	25.073547	1000.0	1000.0	159999	2.4790123	0.36088654	17.227688	1.6346307	-2.4782324	0.0018233396	3350.7417001724243
41	26.79295	1.4797639	29.054794	24.930449	27.102596	1.4520701	30.357672	25.19303	1000.0	1000.0	163999	2.482139	0.3920282	20.653797	1.5236923	-2.481526	0.0026898389	3439.2857196331024
42	26.08891	1.4057765	28.503288	25.087551	27.221436	1.8502095	29.746143	24.808428	1000.0	1000.0	167999	2.4482284	0.42151815	21.415455	1.4019041	-2.44659	0.0029195277	3527.7585532665253
43	26.61893	1.0426092	27.729517	24.948107	28.366547	6.4612994	47.44694	25.28982	1000.0	1000.0	171999	2.430852	0.40300512	22.102396	1.1032101	-2.429574	0.003258328	3627.3962585926056
44	25.776241	0.9421684	27.368105	24.951338	31.189945	5.393956	39.92167	24.957947	1000.0	1000.0	175999	2.4199939	0.38172662	18.858112	1.6453779	-2.419189	0.0023458388	3715.878347158432
45	26.735718	1.40605	28.66692	25.059883	27.999691	1.662356	30.598183	25.358366	1000.0	1000.0	179999	2.3800685	0.40027115	19.649363	1.6584902	-2.3789496	0.0026370294	3804.323883533478
46	30.79707	6.105578	41.0024	25.333616	27.298178	1.3488811	28.78981	24.992546	1000.0	1000.0	183999	2.3621626	0.3722569	16.027636	1.6315472	-2.360885	0.0020266438	3891.402666091919
47	30.142231	3.9490967	36.840786	26.695229	26.331455	2.9334898	30.620089	19.53218	1000.0	1000.0	187999	2.354394	0.3901477	15.94222	1.6016219	-2.353408	0.0023157592	3977.889455795288
48	32.75309	7.7332416	42.382603	24.881216	27.927399	1.7305977	32.07796	25.640621	1000.0	1000.0	191999	2.3617623	0.41339934	17.01563	1.5070549	-2.3600733	0.0029892558	4064.897416830063
49	29.160105	3.6882026	35.28875	26.020815	28.12937	4.6674256	41.35944	24.830742	1000.0	1000.0	195999	2.3576052	0.44013044	19.319218	1.4825109	-2.357171	0.002448648	4152.783527851105
50	22.671663	5.8651357	27.318226	12.626043	26.80133	2.1964428	31.726595	25.09124	1000.0	1000.0	199999	2.3660278	0.4375212	19.00408	1.488644	-2.3650858	0.0021372684	4241.315874099731
51	31.855677	9.916538	49.00313	25.657333	28.427084	2.6383002	34.99203	24.99344	1000.0	1000.0	203999	2.375845	0.45909747	18.281963	1.4856203	-2.3754132	0.0029668584	4330.075659990311
52	26.226608	0.9954208	27.905575	25.299738	27.962275	4.21014	39.958214	25.097563	1000.0	1000.0	207999	2.3778818	0.48651552	18.384026	1.1753938	-2.3776226	0.003857762	4419.150167226791
53	23.768291	4.3745513	27.96122	16.421484	25.025515	4.709605	31.276127	11.995203	1000.0	1000.0	211999	2.366452	0.4499465	17.973568	1.490873	-2.3653286	0.0035068113	4512.742378234863
54	26.305912	0.9861735	27.494665	24.780996	25.538706	4.5075016	32.30963	13.586781	1000.0	1000.0	215999	2.3551352	0.43730715	17.421343	1.5015119	-2.3538527	0.0023439403	4601.389412403107
55	26.867828	1.3022388	28.333786	24.890087	28.83905	2.773602	33.283432	24.938303	1000.0	1000.0	219999	2.3487306	0.45510203	17.387796	1.5054042	-2.3478658	0.0024870976	4692.390793085098
56	26.81556	1.5874593	28.502256	25.055683	29.224243	4.758518	42.069817	25.36591	1000.0	1000.0	223999	2.3636804	0.4662598	18.17934	1.5062541	-2.363119	0.0029519596	4789.323924303055
57	27.588718	1.7467365	29.396013	25.13581	26.294733	4.7404585	30.283894	12.800517	1000.0	1000.0	227999	2.3808515	0.47150522	19.714422	1.4463794	-2.3800282	0.0029800483	4886.814764738083
58	27.004505	1.2646569	27.867807	24.83125	27.359604	2.0768182	31.306965	24.629826	1000.0	1000.0	231999	2.372759	0.45096734	18.160807	1.5100198	-2.3724623	0.0032818122	4979.925050973892
59	26.042608	1.0425369	27.788279	25.137907	28.346949	2.819941	35.894066	25.494015	1000.0	1000.0	235999	2.3898635	0.46390045	18.32309	1.5232239	-2.3893096	0.0027861737	5097.973507165909
60	27.040825	3.4983027	33.087612	24.670654	27.666681	2.0414484	30.899153	25.0916	1000.0	1000.0	239999	2.4019268	0.47958285	17.915905	1.5287412	-2.4013045	0.0030456858	5199.333290338516
61	26.106388	1.2480663	28.256063	25.240732	29.365894	4.0496864	38.025665	24.921701	1000.0	1000.0	243999	2.4041038	0.49401823	18.533627	1.5382426	-2.4029603	0.0025525037	5317.214247941971
62	27.336348	1.6948264	29.484667	24.845726	25.099321	4.4269676	29.549866	12.6650715	1000.0	1000.0	247999	2.4218616	0.48174378	17.115425	1.4611026	-2.4221327	0.0032638323	5408.681125879288
63	27.44936	2.9810016	32.330906	24.9456	27.552023	1.2451862	29.428173	25.342285	1000.0	1000.0	251999	2.4525392	0.4939198	18.282763	1.5357846	-2.4526615	0.0028262185	5509.745902776718
64	27.842358	2.5881886	31.733042	25.117483	27.391958	4.315276	39.856983	25.06306	1000.0	1000.0	255999	2.4641078	0.4858879	17.014225	1.5478106	-2.4636014	0.002802146	5615.247280836105
65	26.997276	1.6921977	29.637774	25.278553	26.4168	1.6284055	29.737072	25.075476	1000.0	1000.0	259999	2.468086	0.4845627	17.425913	1.53898	-2.4673607	0.0026242528	5702.1141974925995
66	32.35854	6.337502	42.642807	25.394728	27.473104	2.5772648	31.919159	24.712969	1000.0	1000.0	263999	2.475201	0.4803893	19.423328	1.5420288	-2.4752357	0.0021488117	5789.144565105438
67	27.841301	2.5683463	31.312933	25.28119	26.365726	1.5381649	29.778679	24.812422	1000.0	1000.0	267999	2.482622	0.48754263	18.057335	1.5430009	-2.4829776	0.0026825767	5877.137159585953
68	28.190239	0.38012582	28.654104	27.598194	28.052668	3.3627014	36.607044	24.871576	1000.0	1000.0	271999	2.4885352	0.50065255	19.158384	1.543884	-2.4888353	0.0027996015	5965.976688146591
69	26.642754	0.83074236	27.634794	25.34758	25.879848	5.81541	38.29302	12.782681	1000.0	1000.0	275999	2.5042162	0.4930284	18.463839	1.5430907	-2.504643	0.0025443921	6067.574864387512
70	26.04601	1.6056114	28.700817	24.424885	26.790533	1.682619	29.33771	24.75716	1000.0	1000.0	279999	2.5042436	0.49610448	18.689035	1.5304148	-2.50415	0.002562047	6156.5137667655945
71	27.397284	2.3727183	29.858837	24.328243	26.613846	5.896504	37.75741	12.183583	1000.0	1000.0	283999	2.4996593	0.50511634	17.315887	1.5145159	-2.5003788	0.0023664604	6245.496627569199
72	26.460863	1.8265522	29.544117	25.056185	27.900646	7.284826	39.839348	11.421817	1000.0	1000.0	287999	2.487299	0.50710577	16.455862	1.5084167	-2.4873672	0.0026338156	6334.253706455231
73	25.770931	0.9423832	27.384926	25.003582	25.927326	4.1058464	29.39838	14.536	1000.0	1000.0	291999	2.4563644	0.4936137	17.152773	1.5059682	-2.4565997	0.0031801853	6423.24950504303
74	26.160131	1.634097	28.974844	25.072554	27.694195	2.001754	31.061611	24.740547	1000.0	1000.0	295999	2.451645	0.48538518	18.23328	1.5005909	-2.451773	0.0020896257	6518.460482120514
75	28.226414	4.141144	35.27523	25.067228	28.61639	3.6643682	34.845528	24.677113	1000.0	1000.0	299999	2.4724708	0.50673014	17.373919	1.4968841	-2.4727764	0.002703127	6607.918031454086
76	26.823206	1.545537	28.592966	25.218481	30.890783	5.377531	41.133457	24.470432	1000.0	1000.0	303999	2.4985785	0.47970858	16.405546	1.4979223	-2.499131	0.0022999116	6695.569743156433
77	27.596844	1.7893758	29.939737	25.443089	27.617285	1.9175335	32.722557	25.53977	1000.0	1000.0	307999	2.514263	0.4715839	16.686113	1.5001832	-2.5141735	0.0027350683	6782.442095041275
78	30.70508	3.6637368	36.80375	27.245665	28.650156	2.5467572	34.618748	25.138725	1000.0	1000.0	311999	2.5282753	0.4824307	18.49623	1.5037194	-2.528988	0.0030194698	6869.288715362549
79	26.154844	0.8399701	27.111593	25.055914	29.896732	5.438169	42.6745	24.869146	1000.0	1000.0	315999	2.5570734	0.50106126	17.65337	1.5226867	-2.5576215	0.002483458	6957.41045999527
80	26.283077	1.7417623	28.922758	24.301516	26.421036	1.3939929	29.002012	24.489819	1000.0	1000.0	319999	2.5650485	0.49261242	18.73985	1.5335667	-2.5653393	0.0020895437	7045.653800010681
81	28.249826	0.57353455	29.202276	27.703363	27.96571	2.9187934	33.605812	24.954073	1000.0	1000.0	323999	2.5610802	0.4867481	18.50342	1.5292823	-2.5606759	0.0026328752	7153.887414455414
82	29.563955	2.6445742	32.097664	25.843653	27.933502	4.5880146	39.60661	24.416445	1000.0	1000.0	327999	2.5496516	0.4792486	17.772062	1.5296209	-2.5498033	0.00245714	7242.711769580841
83	35.469353	9.001325	48.044888	24.865885	27.89743	3.9186976	38.753117	24.326706	1000.0	1000.0	331999	2.532067	0.48307905	17.435513	1.5294968	-2.5322957	0.0019752684	7331.677920818329
84	28.200583	3.0074608	31.7473	25.078203	28.738565	4.5001206	38.97997	25.187572	1000.0	1000.0	335999	2.53456	0.50266874	18.20302	1.5329671	-2.534677	0.0031208508	7423.157687425613
85	28.949516	6.7581973	40.649223	24.710861	26.605581	1.36602	28.697132	24.729973	1000.0	1000.0	339999	2.5068016	0.4700936	18.305153	1.5387762	-2.5060816	0.0026126518	7511.867631912231
86	26.737406	0.9512582	27.752848	25.612951	27.121038	1.5197319	29.76009	24.816635	1000.0	1000.0	343999	2.483891	0.474535	18.526857	1.5355382	-2.483677	0.0025622314	7600.528434276581
87	25.51965	0.4587271	26.257982	24.997501	31.00274	7.62519	46.07432	24.223759	1000.0	1000.0	347999	2.4587212	0.4505447	20.416948	-3.1730742	-2.458436	0.0030656848	7689.343163490295
88	27.518913	1.2854319	28.447105	25.306915	31.034237	5.2280583	41.010212	25.198395	1000.0	1000.0	351999	2.4642003	0.43068722	17.636467	1.515064	-2.4645724	0.0023265162	7778.186518192291
89	26.3703	1.6360568	29.1008	24.961601	28.506662	3.1959105	35.37611	24.945293	1000.0	1000.0	355999	2.4811492	0.42140996	17.36769	1.3309916	-2.481319	0.0028880956	7865.6399483680725
90	25.685497	0.40175384	26.007343	25.005476	27.561737	6.8445587	36.88138	10.601768	1000.0	1000.0	359999	2.4692705	0.4260706	18.35963	1.525614	-2.469656	0.0028312425	7952.033744335175
91	28.527832	2.7201526	32.62918	24.976194	28.1353	2.5440812	34.922726	25.665602	1000.0	1000.0	363999	2.4590042	0.42677283	16.916718	1.5241951	-2.458811	0.0022846647	8039.049263000488
92	27.398365	2.5763347	31.81945	25.388136	28.644064	5.496755	44.9198	24.954859	1000.0	1000.0	367999	2.4508305	0.4229619	17.522411	0.69726175	-2.451265	0.0026716604	8126.480687618256
93	26.015877	1.5482619	28.693438	25.029844	31.372608	4.5321217	40.18207	25.631233	1000.0	1000.0	371999	2.4612184	0.42057794	16.586428	0.55185795	-2.4615088	0.0021636279	8214.839396715164
94	26.075167	1.6915541	28.985048	24.857521	28.821753	4.454838	41.5922	25.150852	1000.0	1000.0	375999	2.4681714	0.42117667	16.925167	1.498177	-2.4683242	0.002222835	8303.664137125015
95	25.786884	1.1739744	27.802067	24.874077	30.102978	5.9424825	42.56068	24.96216	1000.0	1000.0	379999	2.4303079	0.40673074	16.9455	1.478633	-2.4294233	0.002712552	8392.23937344551
96	25.425838	0.583645	26.293869	24.698816	28.141613	2.5120797	32.114105	24.968624	1000.0	1000.0	383999	2.4068832	0.39693108	16.867315	1.4743891	-2.406627	0.0019949584	8488.606973171234
97	27.242672	1.3524793	28.824516	25.388498	26.240673	1.4822445	28.963242	25.126045	1000.0	1000.0	387999	2.4044743	0.40275013	15.90457	0.8818527	-2.4043486	0.0022638808	8577.359097480774
98	29.548523	6.3062053	40.34507	25.019926	28.855968	4.792831	39.488583	24.862366	1000.0	1000.0	391999	2.4040468	0.40881082	16.721851	1.1127443	-2.4037414	0.002449607	8666.36230134964
99	27.790733	1.2812551	29.423258	25.832169	29.394947	4.3028336	38.299442	25.055403	1000.0	1000.0	395999	2.401935	0.38447082	15.539045	0.3937621	-2.4010718	0.0020256217	8758.50704574585
100	26.541632	1.3037567	28.083181	25.16184	26.459253	1.3184067	28.316547	24.900879	1000.0	1000.0	399999	2.4033747	0.3877815	16.55014	1.4943906	-2.403397	0.0022137973	8870.778396129608
101	28.272877	1.415073	30.678051	27.20977	30.121609	5.7128105	44.1244	25.043386	1000.0	1000.0	403999	2.4011853	0.39408746	15.352506	1.4963902	-2.4015214	0.0024339675	8985.60229754448
102	24.008408	4.6699677	27.35001	16.008045	27.90455	2.7466972	34.164513	24.577597	1000.0	1000.0	407999	2.4089487	0.38706437	16.1017	1.4863806	-2.4090142	0.0021699867	9089.860851287842
103	26.61692	1.2711421	28.104107	25.27276	27.60567	5.01808	42.325172	24.71721	1000.0	1000.0	411999	2.4166288	0.39849287	16.034376	1.4973007	-2.4166243	0.0020061063	9207.829152107239
104	26.813515	1.4820604	29.046135	25.366581	27.607962	3.470211	37.156013	25.036394	1000.0	1000.0	415999	2.4257565	0.38254955	16.371826	0.39745677	-2.4261289	0.0022218106	9322.054702758789
105	27.361855	2.3125632	29.949287	25.034103	26.426657	6.102852	39.1445	12.795075	1000.0	1000.0	419999	2.4228435	0.38203296	15.7902565	1.5048474	-2.4226415	0.002272589	9435.02061510086
106	26.287966	1.302217	28.449137	25.091173	28.290527	6.2441626	46.75856	25.19283	1000.0	1000.0	423999	2.4207463	0.40747064	18.428802	1.5045933	-2.4203286	0.0022893862	9546.12734746933
107	31.771439	10.011838	49.10116	25.469975	27.681524	2.554048	32.215286	25.131578	1000.0	1000.0	427999	2.4055762	0.42261788	20.826042	1.4898386	-2.4051585	0.0026802875	9647.108622550964
108	27.811258	1.5411136	29.101614	25.19439	29.018848	4.4905915	38.85106	25.108269	1000.0	1000.0	431999	2.397428	0.42373002	19.073019	1.4870516	-2.3971534	0.0021762159	9733.765366315842
109	34.207687	5.9630246	40.89894	27.937113	27.038086	2.2717876	32.9346	24.970688	1000.0	1000.0	435999	2.3999906	0.41975445	17.589321	1.4822836	-2.399995	0.0019612364	9820.61006307602
110	29.14643	4.2439804	35.453026	24.918882	29.284204	3.5950572	36.925125	25.28124	1000.0	1000.0	439999	2.4028614	0.43891767	18.290806	1.4828321	-2.402786	0.002199864	9907.907685756683
111	27.114895	1.3749604	28.519663	25.315264	26.142849	1.2627742	28.910524	24.489883	1000.0	1000.0	443999	2.4160004	0.4438275	19.043278	1.4842892	-2.4159741	0.0024228287	9996.002062797546
112	28.594494	2.009729	30.797436	25.529036	28.438059	4.478649	37.914997	25.097105	1000.0	1000.0	447999	2.4207115	0.4317195	16.824532	1.4812098	-2.4200613	0.0023662595	10111.761401891708
113	27.513779	1.3958223	29.189028	25.311996	27.275446	1.9473275	29.738926	24.708216	1000.0	1000.0	451999	2.425786	0.4407592	17.831282	1.4801586	-2.4252772	0.0024894977	10200.142776966095
114	28.420227	0.35166612	28.757578	27.846138	28.6069	3.5499973	37.62255	24.934317	1000.0	1000.0	455999	2.4219038	0.442426	18.360388	1.4811082	-2.421374	0.0025629178	10288.601387023926
115	26.45921	1.048085	27.493618	25.085148	27.211985	1.6985221	29.997066	25.09632	1000.0	1000.0	459999	2.4157484	0.42985043	19.374474	1.4877987	-2.4152217	0.002779398	10377.114707231522
116	28.216835	2.0963092	30.731342	24.98432	28.113194	3.5413709	36.282814	25.225641	1000.0	1000.0	463999	2.4227889	0.4225541	17.743662	1.4853275	-2.4229407	0.0030477056	10465.747059345245
117	29.66888	7.528184	42.693974	24.772173	27.299992	1.6049607	29.347355	24.590647	1000.0	1000.0	467999	2.4327068	0.40507996	18.048641	0.06529307	-2.4332793	0.002747356	10553.8278901577
118	28.911963	2.4763005	32.368202	25.365335	28.645346	4.4311776	39.301327	24.887825	1000.0	1000.0	471999	2.433778	0.4306144	19.564686	1.2450522	-2.4338393	0.0034944753	10641.98595547676
119	28.013704	0.72870815	28.830448	27.068092	27.848629	2.713315	32.74697	24.851164	1000.0	1000.0	475999	2.4375756	0.4560193	19.54692	1.4942359	-2.4375348	0.0033965337	10730.215462446213
120	26.41971	0.7449106	27.670227	25.710335	31.62373	5.829323	44.3234	25.761454	1000.0	1000.0	479999	2.442601	0.41819194	20.280695	1.5051153	-2.441874	0.0028155788	10830.90795636177
121	30.138636	7.8828797	43.77546	25.194956	27.35083	2.7976391	34.93737	24.699787	1000.0	1000.0	483999	2.4310896	0.3936049	18.18287	1.492643	-2.430457	0.0022882978	10946.909933328629
122	27.606739	1.5273262	29.285444	25.128569	28.476004	3.8755107	38.681095	24.642853	1000.0	1000.0	487999	2.4401362	0.4089682	18.48982	1.4889716	-2.4405127	0.0026817503	11034.573111534119
123	23.426083	5.667741	28.734596	13.88335	28.80415	5.017582	43.05884	24.863077	1000.0	1000.0	491999	2.4534209	0.4151125	17.594976	1.4900149	-2.4539735	0.0026465983	11125.092355966568
124	26.550312	1.7641042	29.515247	25.082115	25.842072	0.9698327	28.168566	25.11139	1000.0	1000.0	495999	2.452639	0.45012832	18.497896	1.4845786	-2.4528146	0.0037068496	11211.442831993103
125	27.63907	2.592444	31.403885	25.07113	26.917257	2.2292578	31.930899	24.556534	1000.0	1000.0	499999	2.4580274	0.45324385	22.954311	1.488212	-2.4583879	0.003243989	11311.774641275406
126	27.416578	1.4642701	28.990566	25.148554	28.901484	4.4762497	40.29206	24.921955	1000.0	1000.0	503999	2.463451	0.41759422	18.32712	1.4893698	-2.463658	0.002451154	11399.626453638077
127	27.624	1.2782655	29.060015	25.556625	26.253994	1.6064526	29.861324	24.331566	1000.0	1000.0	507999	2.4672363	0.42700225	17.858622	1.498002	-2.4682822	0.002571662	11487.941493988037
128	32.600838	3.5223548	37.180458	28.92511	27.55782	1.9479647	32.215286	25.305098	1000.0	1000.0	511999	2.4768188	0.41229728	17.37215	1.5026913	-2.4775655	0.002350339	11576.965924739838
129	25.88881	0.86822814	27.117508	24.979889	28.692728	5.087874	43.01247	25.155355	1000.0	1000.0	515999	2.4852674	0.39747235	16.915249	1.5049181	-2.4855745	0.0023468346	11665.989365577698
130	26.605059	1.2649845	28.632591	25.34019	26.05748	1.5135566	29.536514	24.868141	1000.0	1000.0	519999	2.4977188	0.40092185	17.437222	1.5198463	-2.4980395	0.0021485507	11755.088505029678
131	25.90062	0.9792718	27.594341	25.26832	27.978592	2.065374	31.408167	24.953362	1000.0	1000.0	523999	2.5060687	0.4009763	19.642117	1.5232037	-2.5062022	0.0024612031	11844.120160341263
132	23.65774	7.1143847	31.799404	12.233257	30.227179	4.664903	40.30571	25.297468	1000.0	1000.0	527999	2.5151083	0.40858844	17.584934	1.5222545	-2.5157917	0.0022190902	11933.122309207916
133	26.37678	0.655875	26.959059	25.337267	30.17071	4.2098117	37.248264	25.311447	1000.0	1000.0	531999	2.49565	0.42295808	17.970652	1.520776	-2.4962037	0.002695466	12043.966911792755
134	28.098814	2.6688194	32.2578	24.956385	27.829395	4.4173193	40.239403	25.180075	1000.0	1000.0	535999	2.4892423	0.42443174	18.419352	1.5226235	-2.4903464	0.0025201913	12132.953390598297
135	26.430119	1.3503791	28.412998	24.867723	29.067429	5.828346	40.967743	24.970833	1000.0	1000.0	539999	2.5000148	0.39677483	17.009954	1.5202732	-2.5005229	0.0016567201	12222.146244764328
136	29.94669	1.9367342	32.423923	27.737385	27.602585	4.719388	40.92402	25.083519	1000.0	1000.0	543999	2.5115075	0.40238065	18.357925	1.528832	-2.5122318	0.0025943299	12310.174259185791
137	26.835075	2.2486088	30.629492	24.844515	28.050055	1.3922435	29.684885	25.189703	1000.0	1000.0	547999	2.508498	0.38789108	17.412796	1.5365773	-2.5088682	0.0022318913	12397.127915859222
138	30.907265	2.4689863	33.640522	28.134018	27.781551	3.7786965	38.24822	25.008335	1000.0	1000.0	551999	2.4852753	0.40990114	18.132462	1.5376296	-2.4850566	0.002230172	12493.744398355484
139	30.558596	6.9018865	42.40555	25.64311	29.093185	7.234936	48.955055	24.60932	1000.0	1000.0	555999	2.4737828	0.42327905	18.999811	1.5450369	-2.4736884	0.0024270986	12603.200870752335
140	23.712166	7.1060905	29.560356	11.684054	26.513798	1.102968	28.775284	25.17653	1000.0	1000.0	559999	2.4702346	0.41640803	19.897106	1.5437452	-2.4707856	0.002235267	12691.287346124649
141	28.790308	0.9566713	30.143831	27.614609	29.744297	4.7928667	41.80003	25.351597	1000.0	1000.0	563999	2.4588895	0.41594422	17.623835	1.5345914	-2.45915	0.0023449168	12780.118792533875
142	27.059353	1.5011301	29.091015	24.885439	28.592798	5.1449575	41.504944	24.832298	1000.0	1000.0	567999	2.4589834	0.4064013	17.689743	1.5280818	-2.4596322	0.0022125302	12869.073601722717
143	23.084658	6.271771	27.117239	12.232111	27.158209	1.6067743	30.46171	25.475157	1000.0	1000.0	571999	2.4502695	0.3965387	15.552417	1.5320157	-2.4507816	0.001965235	12958.058078289032
144	26.356651	1.2458931	27.639385	24.978397	27.076736	1.9065273	31.157354	24.658878	1000.0	1000.0	575999	2.4567704	0.39615178	16.982933	1.5118673	-2.4578176	0.0019784907	13049.577249765396
145	28.700296	2.2289815	30.883036	25.10509	28.8066	2.3990903	32.93338	25.072514	1000.0	1000.0	579999	2.4749587	0.39853403	16.177893	1.5151469	-2.4764857	0.00204242	13144.45393872261
146	29.05919	1.5514461	31.436089	27.565115	28.674942	4.491599	41.99737	25.512676	1000.0	1000.0	583999	2.474697	0.3974494	15.684298	1.5137835	-2.475492	0.0021473856	13233.197994470596
147	28.685808	4.373845	36.14833	25.509508	26.385263	5.5099187	35.236584	12.067823	1000.0	1000.0	587999	2.46199	0.3978281	16.73551	1.510497	-2.4622676	0.0019297991	13321.888695001602
148	26.655014	1.0701805	27.876816	25.296011	28.082855	3.8790994	37.438957	25.012806	1000.0	1000.0	591999	2.44862	0.39936116	17.108002	1.4982466	-2.4497168	0.0017686364	13412.36741399765
149	27.67508	2.6637557	30.720797	24.967546	27.78193	3.8087044	38.315075	25.074923	1000.0	1000.0	595999	2.4469423	0.3881583	16.667044	1.4894409	-2.4474535	0.0020084344	13518.801894903183
150	27.595015	1.9770341	30.003317	24.499653	27.37262	2.481626	33.417347	24.639917	1000.0	1000.0	599999	2.4211504	0.39130077	15.783403	1.4812714	-2.4217427	0.0022722005	13610.850458145142
151	30.777832	3.3511298	33.506893	25.250587	29.922913	4.59273	39.552418	25.387285	1000.0	1000.0	603999	2.4350924	0.40320283	18.495312	1.4835168	-2.4354107	0.0021102873	13699.504100084305
152	29.794325	4.750822	37.72875	25.298023	28.56615	4.7291174	42.084156	24.782053	1000.0	1000.0	607999	2.4528704	0.40445033	18.726702	1.4832742	-2.4534786	0.0020706668	13805.9994494915
153	26.480536	1.5561483	28.484673	24.853556	26.781841	6.2523947	36.06699	11.367529	1000.0	1000.0	611999	2.4625273	0.4064263	18.420612	1.4853038	-2.463126	0.0023725661	13893.29017829895
154	23.700462	6.227415	29.377584	13.238189	29.394268	7.0114794	49.64247	24.644043	1000.0	1000.0	615999	2.4732885	0.40042067	16.731516	1.4879107	-2.4738677	0.0019875763	13980.012136220932
155	25.845531	0.9882454	27.52709	25.122198	26.416128	1.5238681	29.055029	25.058523	1000.0	1000.0	619999	2.4797122	0.4044536	16.671484	1.4830768	-2.4798782	0.0019041471	14067.460670232773
156	26.827377	0.9626363	27.569645	25.211548	28.480495	1.9368408	32.549778	25.087923	1000.0	1000.0	623999	2.4891233	0.39853868	18.775234	1.4793303	-2.4892056	0.0019237807	14155.471408605576
157	28.379677	0.5085755	29.104542	27.744995	29.155033	3.660129	38.26266	25.099266	1000.0	1000.0	627999	2.496548	0.3893414	17.392317	1.4712248	-2.4969833	0.0022743517	14264.516137361526
158	26.39126	1.7236097	29.364935	25.194162	28.391552	5.0026608	42.880356	25.2227	1000.0	1000.0	631999	2.4973617	0.37980342	17.314022	1.4728441	-2.4980056	0.001813213	14353.447098255157
159	25.979696	0.98337185	27.560839	25.138523	27.766474	1.7661427	30.49238	24.848661	1000.0	1000.0	635999	2.4939132	0.3901685	17.893982	1.4643563	-2.4949267	0.0022487799	14441.877703666687
160	29.884388	6.3116055	40.52185	24.694483	26.172176	1.1153011	27.751713	24.66269	1000.0	1000.0	639999	2.4788635	0.38327396	16.532404	1.4559673	-2.4790914	0.0024525165	14530.453385591507
161	25.946907	1.2156993	28.042927	25.094923	27.045624	1.5400014	29.219906	25.267307	1000.0	1000.0	643999	2.4381192	0.37308422	16.154192	1.4500273	-2.438578	0.0017991556	14619.185695171356
162	26.049011	1.0734713	27.809658	25.013426	28.139256	2.858024	35.48184	25.313217	1000.0	1000.0	647999	2.44072	0.37621203	16.36735	1.4186425	-2.441209	0.0018479689	14707.543091058731
163	29.329247	1.6835378	31.967464	27.66182	28.074137	3.0292838	35.10043	24.183224	1000.0	1000.0	651999	2.4372835	0.3838558	17.32442	1.43392	-2.4374228	0.0020769439	14795.838586807251
164	27.242628	2.6858006	31.36305	24.835716	26.875208	1.4905034	29.205444	25.144535	1000.0	1000.0	655999	2.4373686	0.3931031	17.17681	1.4282562	-2.4380283	0.0020012215	14884.215586185455
165	26.412598	1.9440892	29.002802	24.235863	29.486612	7.162905	50.446423	24.29685	1000.0	1000.0	659999	2.4346917	0.3793415	17.087795	1.4217632	-2.4347157	0.001851817	14986.176585435867
166	26.403517	1.0840374	28.24857	25.496204	28.534077	3.2829232	37.5115	25.327759	1000.0	1000.0	663999	2.4176538	0.39917	17.74153	1.4131343	-2.4178035	0.0022428385	15080.080518484116
167	25.179186	0.27200654	25.57182	24.805302	27.157787	4.0723405	39.104774	24.942797	1000.0	1000.0	667999	2.396927	0.40358394	22.693476	1.4023725	-2.3972285	0.0036939858	15167.801608800888
168	30.532726	4.1385374	37.52304	27.412514	26.658405	1.3873584	29.462534	25.07878	1000.0	1000.0	671999	2.3933382	0.38905013	16.369677	1.4010594	-2.393596	0.0016631116	15254.491503477097
169	26.210915	1.4762652	28.136055	24.176863	29.09588	3.0980387	33.88367	24.848972	1000.0	1000.0	675999	2.383577	0.3972435	18.550245	1.3977146	-2.3837814	0.002385281	15340.87447476387
170	27.849092	2.319767	31.0263	25.381756	29.053387	3.529733	38.103935	25.41894	1000.0	1000.0	679999	2.4012048	0.40051672	23.10065	1.3881601	-2.4012	0.0018653208	15427.569702148438
171	23.077599	5.6304326	28.103231	13.550566	30.940517	7.247946	51.96751	25.394447	1000.0	1000.0	683999	2.411	0.3955986	17.949446	-0.61265886	-2.4109771	0.0022787098	15515.068151950836
172	26.00244	1.2584687	28.062485	24.659685	28.92861	4.0573215	36.118965	24.90654	1000.0	1000.0	687999	2.425439	0.38996828	19.242239	1.3904494	-2.4256246	0.0018914038	15605.578740358353
173	30.236124	4.451525	37.39587	25.154825	26.421741	1.5999584	29.551748	24.627531	1000.0	1000.0	691999	2.4362004	0.38492095	17.27195	1.3953555	-2.4363754	0.0019856417	15708.321942806244
174	26.710514	1.4524685	28.241474	24.856255	26.89975	4.674841	34.0884	14.555165	1000.0	1000.0	695999	2.4413543	0.37739003	16.73573	1.1951504	-2.4411738	0.0024381492	15796.655908107758
175	25.783497	0.9559455	27.396622	24.947483	27.194086	1.9009117	30.022392	24.879833	1000.0	1000.0	699999	2.4327018	0.38199466	17.054882	1.3948097	-2.432395	0.0016337717	15892.585679769516
176	30.015139	4.8971086	38.3897	26.005678	27.801752	2.8609984	35.004658	25.069685	1000.0	1000.0	703999	2.4294877	0.3833038	20.06504	1.3875153	-2.4298894	0.0016775365	16004.452384233475
177	26.363361	1.2233	27.857098	24.90372	28.470943	4.323089	39.06372	25.244236	1000.0	1000.0	707999	2.4416826	0.36772797	20.273893	1.3884654	-2.4423218	0.0018162794	16111.631451129913
178	27.07117	2.0029747	29.047827	23.885258	26.402996	5.3551197	34.31032	12.328738	1000.0	1000.0	711999	2.4179876	0.37561244	19.920439	1.3972538	-2.4175005	0.002350859	16200.027460336685
179	30.762863	5.568646	40.14584	25.978779	27.121643	1.517198	29.26985	25.090647	1000.0	1000.0	715999	2.401421	0.35693026	17.749403	0.9961963	-2.4020238	0.0019206482	16295.354079008102
180	26.453686	8.127157	35.40617	13.937212	25.655878	4.610614	29.486004	12.706692	1000.0	1000.0	719999	2.3940022	0.36872044	17.813324	1.4026022	-2.394165	0.0019637984	16409.232973575592
181	27.782028	1.5157536	29.363396	25.279099	29.87738	4.5350995	40.652775	25.100948	1000.0	1000.0	723999	2.3983917	0.3676937	19.220606	0.8839363	-2.39877	0.0019690164	16527.20193552971
182	26.382061	1.9070427	28.749676	24.051086	28.159958	4.2526627	37.75014	25.00929	1000.0	1000.0	727999	2.4054441	0.37583166	19.560257	1.2436421	-2.4054313	0.0023438241	16643.838096141815
183	28.065865	0.6953769	28.855095	27.027027	27.397324	3.4614067	36.821144	24.851278	1000.0	1000.0	731999	2.4123967	0.38458785	18.212688	1.4123414	-2.411766	0.0021296497	16732.21473455429
184	27.299541	1.9760832	29.579508	25.304974	27.418766	7.793271	45.100246	10.929243	1000.0	1000.0	735999	2.40986	0.3781865	16.896013	1.4127173	-2.409554	0.0022778844	16820.694501638412
185	27.339973	1.9320964	30.193611	24.882404	25.873102	4.681502	33.452087	13.705261	1000.0	1000.0	739999	2.4060576	0.37428313	17.07751	1.4087765	-2.4060376	0.0016091362	16923.732276678085
186	27.605484	3.000266	32.211422	24.67389	27.69247	1.2067407	29.43082	24.849318	1000.0	1000.0	743999	2.4252043	0.35613015	16.170618	1.4082654	-2.425242	0.0015708007	17012.06264281273
187	28.787365	3.1577632	33.943256	25.359333	26.652344	1.2981077	29.15162	25.199074	1000.0	1000.0	747999	2.428668	0.36429462	18.628319	1.403247	-2.4285312	0.0017968382	17099.766649007797
188	32.101482	4.087037	34.73036	25.037048	28.05869	1.8701214	31.536062	24.861824	1000.0	1000.0	751999	2.4509323	0.3651687	17.429424	1.4044774	-2.4521368	0.0014825063	17186.30836033821
189	26.954906	1.8356272	29.512774	25.12704	27.759375	3.1675472	35.42114	25.037409	1000.0	1000.0	755999	2.4631433	0.37688112	17.277502	1.4059988	-2.4630184	0.0016702919	17272.891842126846
190	34.51605	8.574344	47.470757	24.495794	26.222998	1.5394683	29.15062	24.639275	1000.0	1000.0	759999	2.450823	0.39195922	18.025297	1.4018236	-2.4510174	0.001986373	17359.416233778
191	24.166452	4.888861	28.317091	15.87516	29.11913	6.3382907	44.28838	24.630308	1000.0	1000.0	763999	2.4466834	0.3886072	18.765667	1.4116015	-2.4465606	0.0017617581	17446.61676454544
192	26.896658	0.460788	27.404352	26.387617	27.410406	3.4261935	36.62073	24.732216	1000.0	1000.0	767999	2.4456646	0.4001675	19.407265	1.4120654	-2.4456396	0.0019655924	17534.304357290268
193	29.032475	2.6850784	32.939987	25.370975	28.4159	5.084115	43.035347	25.012089	1000.0	1000.0	771999	2.4297163	0.39445037	15.933932	0.71442264	-2.429026	0.0018047459	17626.650420427322
194	30.684006	2.5243804	35.03064	28.967817	27.338398	6.9419236	45.227158	15.618446	1000.0	1000.0	775999	2.4101624	0.38627174	16.91394	1.3865685	-2.4101171	0.0017362271	17714.973433732986
195	27.441591	1.548478	28.979807	25.087337	30.475857	5.549162	39.782368	24.59932	1000.0	1000.0	779999	2.389636	0.40753922	18.372541	1.378296	-2.3885136	0.0021513114	17808.504697799683
196	31.378424	7.1342278	43.37405	24.961735	31.064556	7.3330784	49.883827	24.863932	1000.0	1000.0	783999	2.3728702	0.3945158	18.030518	1.2489194	-2.371576	0.0016019531	17896.779366731644
197	27.006039	1.4391727	29.002903	25.475903	28.564041	2.9774373	36.203655	24.980652	1000.0	1000.0	787999	2.3547401	0.39617252	17.74746	1.3701898	-2.353583	0.0020675664	17984.887010335922
198	30.344046	4.6126256	37.94941	25.976568	27.858316	2.1025589	32.059147	25.285046	1000.0	1000.0	791999	2.3462203	0.39770067	17.18837	1.363352	-2.3456783	0.0026880691	18072.948948144913
199	26.656233	1.575242	28.965614	24.808992	28.491339	1.6999587	32.29955	25.260092	1000.0	1000.0	795999	2.33893	0.39420804	17.459713	1.3573674	-2.3384223	0.0017391781	18163.18687939644
200	26.113808	1.2118558	27.4953	24.775978	25.936634	3.8792787	29.449852	14.844488	1000.0	1000.0	799999	2.3527792	0.40150842	16.731167	1.3558785	-2.3525689	0.0020534846	18259.144504785538
201	26.191673	0.584342	27.182213	25.749008	29.3494	3.0897033	34.026352	25.034534	1000.0	1000.0	803999	2.357105	0.4155725	18.669388	1.346227	-2.356977	0.002599193	18348.571296691895
202	30.374405	3.3434546	34.2874	25.172386	27.60439	3.5191796	35.102737	25.027744	1000.0	1000.0	807999	2.3643713	0.39788583	17.186853	1.3430153	-2.3643963	0.0020513735	18443.432423830032
203	26.61169	1.9121919	29.288399	24.51718	30.329624	5.173442	43.351444	25.100554	1000.0	1000.0	811999	2.3676715	0.36911327	16.162058	1.3379586	-2.3673604	0.0017092689	18535.111324310303
204	26.063234	1.3051348	28.309343	25.074717	26.364902	1.3600695	28.192894	25.02813	1000.0	1000.0	815999	2.3694184	0.38421214	16.149113	0.23093009	-2.368939	0.0019876454	18622.334177732468
205	30.61012	5.1223826	37.621735	25.523191	28.829535	3.8143744	35.926826	25.063246	1000.0	1000.0	819999	2.3689976	0.3870665	17.061989	1.3249854	-2.3686552	0.0024642318	18708.887558221817
206	27.07771	1.0945002	28.519545	25.583773	28.007208	2.395459	32.936234	25.12489	1000.0	1000.0	823999	2.3849695	0.39195362	17.746748	1.3211367	-2.3850093	0.002509234	18795.51309633255
207	29.140635	5.629287	38.816154	25.112074	29.53894	4.8608556	42.638695	25.407309	1000.0	1000.0	827999	2.3863006	0.3824926	16.824509	1.3214147	-2.385757	0.002359791	18882.142821788788
208	27.681038	1.4490533	28.879913	25.254313	27.527838	2.5329473	32.36211	25.25303	1000.0	1000.0	831999	2.3933408	0.3949532	17.999887	1.3272165	-2.3936346	0.0023791913	18969.349436044693
209	28.921741	4.232945	35.84166	25.056652	27.481043	2.2142336	32.134903	24.999683	1000.0	1000.0	835999	2.3988922	0.38713005	16.673943	1.3325346	-2.3987482	0.0023348206	19078.171988725662
210	29.417578	5.46561	38.683735	25.22283	27.067938	1.4160798	29.266024	24.931734	1000.0	1000.0	839999	2.415613	0.37439173	17.289242	0.67057085	-2.415777	0.0017096291	19166.155207395554
211	26.137262	0.9432953	27.199734	25.093971	27.538548	1.0890698	29.463495	26.090118	1000.0	1000.0	843999	2.4200053	0.37934408	16.976305	1.3419671	-2.4206514	0.0018558457	19254.18402481079
212	26.437794	1.4044373	28.803171	25.370613	25.569067	4.617359	28.636389	12.096076	1000.0	1000.0	847999	2.4339886	0.38776246	16.130558	1.3457966	-2.434136	0.0018369334	19342.273819446564
213	27.915216	1.3692156	29.646225	25.877699	30.26376	5.884435	43.662685	24.88175	1000.0	1000.0	851999	2.4434676	0.3843318	16.39261	0.67505765	-2.4444053	0.0022515412	19430.23196530342
214	26.717714	1.7395065	28.730865	24.856709	26.964838	1.9946865	31.466362	24.974909	1000.0	1000.0	855999	2.4571166	0.40409008	17.980309	1.350344	-2.4570687	0.0019460144	19539.62971305847
215	27.218151	0.73263	28.151628	26.11144	28.402628	3.23565	34.293526	24.822474	1000.0	1000.0	859999	2.452642	0.40778196	17.623913	1.3444247	-2.4529982	0.0024158326	19631.177128314972
216	28.007854	5.3953395	37.325764	24.233225	27.361074	1.4438971	29.222816	25.046085	1000.0	1000.0	863999	2.4518154	0.39674348	18.988676	1.3338403	-2.4517312	0.0024064179	19718.807678461075
217	30.432827	7.4374566	43.174374	24.988497	28.2272	3.1941426	35.16912	25.215767	1000.0	1000.0	867999	2.4408057	0.3902367	17.715338	1.1953326	-2.4411235	0.002545405	19806.489693403244
218	32.536736	6.5603266	43.54171	27.103989	30.56991	5.945364	43.55813	25.205875	1000.0	1000.0	871999	2.4326832	0.3665043	15.429486	1.3041216	-2.4329112	0.0017211976	19909.274105787277
219	34.435593	5.2867656	39.708145	28.445091	27.087963	2.6618397	34.419876	25.032751	1000.0	1000.0	875999	2.4330935	0.378386	16.234396	1.3519672	-2.4331996	0.0017776189	19996.729288101196
220	30.449074	5.5486856	39.495842	25.126818	26.86224	1.5375118	29.151543	24.606623	1000.0	1000.0	879999	2.4353058	0.41967425	17.981907	1.3509934	-2.4356341	0.0023212365	20083.09909248352
221	28.006227	1.5568016	29.105469	25.326729	27.420101	2.6810894	34.147488	24.988344	1000.0	1000.0	883999	2.4278905	0.41026768	18.384943	1.341463	-2.4285367	0.002754959	20172.978592157364
222	30.270992	3.72398	35.058895	25.391722	27.657684	3.0014825	35.599617	25.170135	1000.0	1000.0	887999	2.4143405	0.40138143	18.843065	1.2885361	-2.414605	0.0021608344	20259.012567043304
223	29.683018	5.042312	38.121178	25.392374	29.186756	6.9585056	49.58371	24.569458	1000.0	1000.0	891999	2.4302123	0.39581606	17.486874	1.3444407	-2.4307022	0.002179213	20369.602064609528
224	26.390871	1.027477	27.921295	25.395765	26.573643	1.5028801	29.571405	24.905533	1000.0	1000.0	895999	2.437075	0.395838	18.263683	1.3121455	-2.436887	0.0021886243	20455.449701547623
225	29.70972	4.5618978	37.29834	25.12421	26.15241	5.9378057	37.45412	11.766765	1000.0	1000.0	899999	2.4403527	0.39777455	18.496904	1.1074251	-2.4401941	0.002233585	20541.553208589554
226	27.718325	0.73578686	28.373508	26.476044	29.681173	5.781016	45.250305	25.44922	1000.0	1000.0	903999	2.4484453	0.3843547	17.836103	1.3532021	-2.449192	0.0025471176	20628.20293879509
227	28.675465	3.6108966	34.525368	25.636621	28.467789	2.6780214	34.19614	25.16917	1000.0	1000.0	907999	2.4756346	0.39094958	16.453007	0.93845594	-2.476651	0.0021481419	20717.06553864479
228	27.295118	1.1265303	28.807966	25.629395	26.890945	2.5594747	33.248955	23.65715	1000.0	1000.0	911999	2.4867725	0.3973949	17.184002	1.3615038	-2.4877589	0.0018711017	20804.31347799301
229	31.12011	8.093169	45.077473	25.441137	28.045727	1.7212473	30.387306	24.966284	1000.0	1000.0	915999	2.4928875	0.38795716	17.788488	1.3616254	-2.4937744	0.0016122402	20891.68852519989
230	26.88731	1.1327664	27.773252	24.956553	27.854773	1.2936692	29.252117	25.583115	1000.0	1000.0	919999	2.4862514	0.37609664	17.210766	1.3647928	-2.4864676	0.0015387306	20979.322349071503
231	31.467636	3.8372388	35.354214	26.93859	28.022427	2.8500926	35.62798	24.875444	1000.0	1000.0	923999	2.4763522	0.38645366	15.680658	1.3641495	-2.476548	0.0020355335	21067.879200696945
232	28.167522	1.8773507	29.95874	25.516325	27.895407	1.7169296	31.603092	25.114836	1000.0	1000.0	927999	2.475563	0.40135804	17.62059	1.3577456	-2.4750717	0.0018382396	21160.341238737106
233	32.801987	4.160045	38.497135	27.922838	27.199469	2.1364932	31.838163	25.131908	1000.0	1000.0	931999	2.469412	0.4024768	19.178282	1.361341	-2.4692657	0.002522762	21262.379773378372
234	30.706568	5.664421	40.304565	25.643444	26.47969	1.2827357	28.683609	25.162975	1000.0	1000.0	935999	2.4936326	0.41217282	19.172417	1.371074	-2.4941676	0.0021450708	21372.589982509613
235	26.755846	1.0524639	28.031052	25.402409	27.376883	1.6964877	29.771896	25.27387	1000.0	1000.0	939999	2.4894	0.41485128	19.929094	1.3686873	-2.4891868	0.0023120637	21459.977664232254
236	35.1885	6.9634285	43.66762	27.688278	27.35976	3.2212756	36.06685	24.447823	1000.0	1000.0	943999	2.484614	0.41638172	19.781391	1.3504199	-2.485184	0.0027036804	21547.407494306564
237	26.450668	1.2443492	28.214542	25.192625	27.799952	2.938329	35.53161	25.245483	1000.0	1000.0	947999	2.4969082	0.42090395	18.493528	1.3536086	-2.4973261	0.0019674222	21634.92665362358
238	27.488304	1.4904794	29.240334	25.116692	27.130789	2.55222	33.455315	24.185167	1000.0	1000.0	951999	2.509196	0.42131382	19.019987	1.3581156	-2.5096505	0.0022455782	21722.7012052536
239	29.871479	1.273768	31.454536	28.47065	30.313778	4.8207855	40.90531	25.29258	1000.0	1000.0	955999	2.5024574	0.42403942	17.448086	1.3524566	-2.5025215	0.0021421725	21809.201875925064
240	27.338482	3.2645814	32.96964	25.02228	27.010403	2.598791	34.119415	25.170097	1000.0	1000.0	959999	2.489472	0.42201257	16.390661	1.051479	-2.4901314	0.0021079802	21895.096837759018
241	25.25636	0.2040231	25.446426	24.912348	29.097034	4.9268227	43.20718	24.53375	1000.0	1000.0	963999	2.493985	0.4175604	19.9271	1.3602335	-2.4945848	0.0019345816	21980.447247982025
242	27.09489	1.7283003	28.941757	25.267052	24.278484	5.0831757	28.651043	12.565378	1000.0	1000.0	967999	2.480908	0.43201277	18.59327	1.3556086	-2.4810634	0.0021216015	22066.457620859146
243	27.395628	1.7100487	29.91328	25.116207	28.575275	4.630176	39.895733	25.13876	1000.0	1000.0	971999	2.4662395	0.439581	18.965714	1.3564286	-2.4659238	0.0023779874	22178.511337041855
244	29.84415	5.4536915	38.660072	25.257578	28.702374	3.528929	36.59121	25.030859	1000.0	1000.0	975999	2.479438	0.4313323	22.75412	1.3590311	-2.4798856	0.0022756048	22265.408093452454
245	28.290861	4.8945465	36.765266	25.255442	27.470005	3.6342962	37.68168	24.69712	1000.0	1000.0	979999	2.4958286	0.4223096	18.999472	1.3700476	-2.4962134	0.0025212627	22352.357867479324
246	30.802475	4.723802	37.90752	25.2695	27.461807	1.6718978	29.558023	24.978336	1000.0	1000.0	983999	2.503638	0.42161477	20.089548	1.373231	-2.503507	0.0022622482	22439.715002536774
247	29.120577	4.201181	35.515396	24.862122	25.605844	4.054609	29.809738	14.309504	1000.0	1000.0	987999	2.4915817	0.42139766	19.924011	1.3727822	-2.4913008	0.0022833524	22540.05635380745
248	26.122238	1.0267041	27.84574	25.15258	28.210688	3.488553	35.81015	25.300255	1000.0	1000.0	991999	2.4698238	0.4274319	19.70253	1.3617791	-2.4697747	0.0026252994	22627.39701294899
249	27.318914	1.0766935	28.37615	25.521503	27.405201	3.6175148	37.725143	24.822247	1000.0	1000.0	995999	2.4558241	0.41742697	19.851768	1.3567866	-2.455615	0.0022876787	22714.710572719574
250	26.132618	1.3428305	28.286844	24.876694	29.005527	7.0556936	49.560925	24.82976	1000.0	1000.0	999999	2.4559171	0.4033322	16.177551	1.3539523	-2.455999	0.0017755092	22818.236481666565
251	30.990005	7.845574	44.384777	25.363014	28.153805	5.845372	44.570824	21.519705	1000.0	1000.0	1003999	2.4615102	0.4092137	16.838585	1.3582573	-2.4619198	0.0018767035	22905.7173371315
252	29.79618	4.481033	36.48802	24.520643	26.706915	1.5117104	28.797611	24.976973	1000.0	1000.0	1007999	2.4617767	0.40934262	19.667105	1.3656151	-2.4617658	0.0020889952	22993.137341976166
253	28.964504	1.1905725	30.424274	27.274435	28.130136	5.4812965	44.065235	25.218163	1000.0	1000.0	1011999	2.4704363	0.41094714	17.839422	1.3670226	-2.4709527	0.0018672659	23095.57328438759
254	28.858025	3.3712907	34.199924	24.889435	28.859463	5.3079896	43.386913	24.623123	1000.0	1000.0	1015999	2.4810538	0.4110519	17.758263	1.3675306	-2.482	0.0020468612	23186.652525901794
255	25.655758	1.1426309	27.585827	24.617228	29.498592	5.8205733	45.595623	25.398891	1000.0	1000.0	1019999	2.465169	0.40457806	17.909533	1.3736473	-2.465853	0.0020630574	23274.01898097992
256	29.968693	8.404167	44.524765	25.048775	28.940556	4.409542	41.463078	24.91129	1000.0	1000.0	1023999	2.4814456	0.40296113	17.217247	1.3797399	-2.4823315	0.0023447936	23360.91638112068
257	26.395756	1.068934	27.444332	25.039087	26.995209	1.3775468	28.645182	25.065874	1000.0	1000.0	1027999	2.481707	0.41264468	17.73961	1.3853337	-2.481879	0.0019306472	23448.30896139145
258	26.617462	1.2745792	28.135696	25.006222	29.10494	4.6078634	40.994766	25.427277	1000.0	1000.0	1031999	2.4537554	0.4027491	16.897795	1.3932594	-2.4537437	0.0019711722	23533.915231704712
259	28.60267	4.5783663	36.46142	25.39937	27.608566	3.0863879	35.65849	24.949543	1000.0	1000.0	1035999	2.4482741	0.3876091	17.496447	1.4003401	-2.4490116	0.0018821682	23620.12249302864
260	26.23347	1.1177648	28.069214	25.219803	28.209843	3.8295488	35.554405	25.107874	1000.0	1000.0	1039999	2.4381301	0.3885077	18.762045	1.4097897	-2.4383593	0.0018577218	23705.99183702469
261	26.131489	8.957213	38.425236	13.272764	28.558834	3.680419	35.775105	25.017277	1000.0	1000.0	1043999	2.4480608	0.38258088	18.800806	1.4122643	-2.4486072	0.0017292972	23792.721802711487
262	26.54665	1.7717693	29.350094	24.941263	27.636997	1.7119764	30.601696	24.964659	1000.0	1000.0	1047999	2.4343321	0.4004223	18.645412	1.434657	-2.4338906	0.0018842211	23879.43132710457
263	26.836637	1.3868345	28.761345	25.448954	27.764404	1.5335134	30.175554	25.099834	1000.0	1000.0	1051999	2.4008086	0.41026336	18.248703	0.78915656	-2.4003272	0.0019214714	23967.61180663109
264	26.278793	1.0329732	27.635798	25.269438	28.534695	3.0977902	36.7622	24.948036	1000.0	1000.0	1055999	2.3892837	0.3939895	17.807661	1.432643	-2.3888264	0.0018236988	24055.42601799965
265	31.791428	10.028147	49.07593	25.096762	27.298883	2.1280065	30.82124	24.792313	1000.0	1000.0	1059999	2.3786204	0.40577814	17.796661	1.4268451	-2.378174	0.0020261765	24143.946771860123
266	27.09362	2.988002	32.26266	25.15588	26.246958	1.4057779	28.93095	24.09201	1000.0	1000.0	1063999	2.3657079	0.40294003	18.32428	1.4087379	-2.3653998	0.0017119553	24235.99980020523
267	28.391893	1.9761007	30.768276	25.516779	28.772894	4.679368	41.750996	24.669386	1000.0	1000.0	1067999	2.3557513	0.41545328	20.261646	1.4070565	-2.3559556	0.0019975784	24323.122279644012
268	30.117105	4.9660277	38.201897	25.162767	26.91331	1.3287727	28.807165	24.832058	1000.0	1000.0	1071999	2.36296	0.41014618	18.274134	1.3972127	-2.3625414	0.0018543223	24410.483847141266
269	27.408468	1.2943263	28.371584	25.211485	28.41988	5.9932694	45.777737	24.94455	1000.0	1000.0	1075999	2.3510418	0.41778463	17.53667	1.3939358	-2.3510625	0.0020269628	24497.600355625153
270	28.541893	4.379535	35.893696	25.119495	30.330654	4.9883018	40.76271	25.560522	1000.0	1000.0	1079999	2.3768663	0.40568602	18.987242	1.3960755	-2.378543	0.0021221032	24584.78827738762
271	26.08651	1.104787	27.999342	25.401007	28.998865	5.1397605	39.309887	25.017298	1000.0	1000.0	1083999	2.4125655	0.40702376	18.998678	1.4049733	-2.4131033	0.0020986036	24672.1368560791
272	28.36995	3.0732	33.151016	24.60768	30.018942	8.881213	46.797215	13.630877	1000.0	1000.0	1087999	2.4248683	0.41131654	16.696604	1.407554	-2.425286	0.002296561	24759.24409890175
273	26.023071	1.3162808	28.2846	25.024218	27.39996	4.9518065	33.239403	14.579553	1000.0	1000.0	1091999	2.4211051	0.42068478	17.520973	1.4082222	-2.4225266	0.0023873125	24845.22883105278
274	28.925016	3.1997492	32.265057	25.386055	26.555553	1.771797	30.148067	24.915478	1000.0	1000.0	1095999	2.4303	0.4115171	18.219566	1.4072536	-2.431436	0.002038951	24952.949072122574
275	30.397053	3.808334	36.8395	27.000273	28.322117	3.765032	35.067013	24.29907	1000.0	1000.0	1099999	2.4350946	0.40755996	16.88715	1.4194654	-2.4356885	0.0017288502	25038.419275283813
276	26.432997	1.4762924	28.819199	25.008955	30.264791	4.7718024	36.629612	24.503662	1000.0	1000.0	1103999	2.4318924	0.40714166	20.043621	1.4210433	-2.4322147	0.0022039532	25146.811727523804
277	26.036224	1.1061575	27.503012	24.743618	29.734879	6.8588147	49.457035	24.879509	1000.0	1000.0	1107999	2.437415	0.4322724	22.070654	1.4228463	-2.437187	0.0024205013	25233.123635292053
278	27.53115	3.397327	33.361828	24.967625	27.081509	1.4813281	29.099243	24.30671	1000.0	1000.0	1111999	2.4320016	0.40969157	18.937756	1.277936	-2.4319723	0.002340259	25319.48769044876
279	29.249317	6.0498033	39.67833	25.107977	25.908396	5.6036263	35.90229	11.729709	1000.0	1000.0	1115999	2.4404461	0.4026976	18.931843	1.4380794	-2.4403994	0.0017608575	25406.561504125595
280	27.448349	3.224458	33.01482	25.171505	26.367624	2.1507754	31.251781	23.083511	1000.0	1000.0	1119999	2.4411871	0.40968856	18.346985	1.448082	-2.4413311	0.0020249363	25494.572403907776
281	28.303854	1.8204535	29.711987	25.2574	30.155828	4.1999197	37.455776	24.802708	1000.0	1000.0	1123999	2.4307544	0.4057326	19.31721	1.4488024	-2.4305725	0.0022404504	25582.22745513916
282	27.389889	1.6691031	30.05482	25.546022	28.256674	3.79708	37.423714	24.830254	1000.0	1000.0	1127999	2.4102511	0.40654206	18.415386	1.466413	-2.4104881	0.0019603597	25669.652693271637
283	25.250128	0.3564581	25.603426	24.721258	29.974781	4.8076916	39.201538	24.863525	1000.0	1000.0	1131999	2.4166195	0.4077166	16.779375	1.4680009	-2.416845	0.001845083	25757.056931734085
284	30.715824	3.5366912	36.165516	27.414652	26.533611	1.518939	29.811909	24.957296	1000.0	1000.0	1135999	2.435232	0.4174586	19.500406	1.4746423	-2.4360268	0.0023523418	25844.341466665268
285	27.779007	1.7781148	29.42202	24.946049	28.365696	3.257886	37.19194	25.379234	1000.0	1000.0	1139999	2.4510252	0.41695777	17.583399	1.1692662	-2.4503818	0.0020845523	25931.56545305252
286	31.31282	5.0944905	39.721165	25.990252	27.952936	3.8772736	35.880615	24.792374	1000.0	1000.0	1143999	2.446669	0.40476573	16.994312	1.4775047	-2.446227	0.0022306761	26033.641213417053
287	26.411253	1.1942903	27.609764	25.087366	28.520102	5.2149267	43.40247	25.10411	1000.0	1000.0	1147999	2.4276345	0.4159171	18.259949	1.4645318	-2.4276438	0.0023577206	26121.693037986755
288	25.991434	0.89213824	27.447361	25.158886	26.996967	2.6024232	33.05212	24.680561	1000.0	1000.0	1151999	2.4411178	0.40553817	16.808182	1.458603	-2.441669	0.0018715141	26212.1302652359
289	27.144295	6.4634433	36.31805	18.380676	28.098053	3.1189659	36.200714	24.84483	1000.0	1000.0	1155999	2.4474967	0.39212546	18.917957	1.45389	-2.4475286	0.0017165352	26304.972800970078
290	28.14645	2.9984136	32.239986	25.218302	28.589542	6.4909	46.70154	24.664137	1000.0	1000.0	1159999	2.4600713	0.4045521	18.385853	1.455566	-2.460227	0.0020774715	26392.25800704956
291	26.449324	1.156766	27.577982	24.88192	27.932476	2.467462	32.317635	24.84194	1000.0	1000.0	1163999	2.4439292	0.40758377	18.48421	1.4397638	-2.443374	0.0021316304	26478.374724149704
292	27.180325	1.6148958	29.366796	25.359592	28.489273	3.1271799	37.19917	25.351212	1000.0	1000.0	1167999	2.4332755	0.40688634	16.500195	1.4376732	-2.4333315	0.002011891	26563.990985155106
293	31.135695	4.483515	38.855263	27.965685	31.258307	7.479823	46.773586	24.95635	1000.0	1000.0	1171999	2.4477613	0.40104806	17.981592	1.4353708	-2.4478931	0.0019224703	26651.497072458267
294	26.940968	1.7639973	28.940699	24.936144	29.420887	7.2256145	45.227264	16.537113	1000.0	1000.0	1175999	2.4501584	0.43831602	19.54928	0.7696134	-2.4500601	0.0026289364	26737.095902442932
295	28.145033	4.191639	35.305687	24.984232	26.727472	2.207962	31.204227	24.862825	1000.0	1000.0	1179999	2.431299	0.43280587	20.76982	0.6478192	-2.4311025	0.0031252995	26822.38324356079
296	28.10585	3.3586428	32.954075	24.871408	27.201397	2.1591148	32.42708	24.854368	1000.0	1000.0	1183999	2.419123	0.42348602	18.717836	0.46535307	-2.4197705	0.0028768736	26908.50963664055
297	27.439503	2.6188421	31.686552	25.269207	27.906616	3.56558	37.869118	25.271639	1000.0	1000.0	1187999	2.431083	0.4139063	16.938072	1.4217832	-2.431333	0.0019396403	26995.453251361847
298	29.29963	4.0613003	35.999462	25.555187	26.931463	1.781564	29.601135	24.864422	1000.0	1000.0	1191999	2.4336524	0.40756541	17.201105	1.4198564	-2.433226	0.0023790991	27082.31040740013
299	33.276997	6.174575	43.337933	27.830894	28.474344	4.331215	39.267235	24.690184	1000.0	1000.0	1195999	2.4383037	0.39370784	17.780933	1.4222841	-2.4385524	0.001847169	27169.876436948776
300	30.608047	5.8259773	40.51363	25.66642	26.510431	1.2544329	29.171793	24.933245	1000.0	1000.0	1199999	2.4557045	0.3901632	22.553423	1.4214675	-2.4556856	0.0019505693	27256.796768188477
301	29.03308	3.3786364	34.74918	25.999191	27.819092	3.4021535	36.84143	24.84883	1000.0	1000.0	1203999	2.45635	0.36733747	15.813463	1.4244103	-2.4559805	0.0016926464	27347.946635961533
302	26.361523	1.3916258	28.07744	24.957506	27.784595	3.9477754	38.632866	24.606407	1000.0	1000.0	1207999	2.4537804	0.38096347	16.395811	1.4195238	-2.4541557	0.0020774389	27434.833770751953
303	27.174677	1.1885623	28.497183	25.252974	28.059437	3.5134754	38.04742	25.07381	1000.0	1000.0	1211999	2.4504006	0.39082548	19.598524	1.4357504	-2.4506912	0.0021510946	27525.525332689285
304	28.590199	1.8613116	31.60236	26.937937	28.09386	3.0580935	35.942295	25.057177	1000.0	1000.0	1215999	2.4493742	0.4040366	17.846035	1.4366798	-2.4495132	0.0020569693	27612.201048374176
305	29.843605	7.874111	43.46855	24.740967	29.537497	5.434602	44.197083	24.87002	1000.0	1000.0	1219999	2.4463353	0.39952585	18.804445	1.4471767	-2.4466088	0.0024416915	27699.198826789856
306	26.89486	1.3664129	28.671335	25.086267	26.82952	6.228475	38.38954	12.719094	1000.0	1000.0	1223999	2.4495745	0.40066963	15.829377	1.4610916	-2.4499354	0.0017883361	27785.966349601746
307	30.293259	6.6293774	41.61359	24.894714	27.718176	3.4275122	37.39278	24.83151	1000.0	1000.0	1227999	2.4506211	0.39244813	17.231506	1.4804959	-2.4505353	0.0015813544	27872.86590218544
308	28.140162	1.8595616	30.794142	25.53496	28.103931	2.9977622	35.809525	24.926647	1000.0	1000.0	1231999	2.4415238	0.4100557	19.855618	1.4848086	-2.4423466	0.0027626976	27959.67390370369
309	25.658194	0.6990032	26.86665	25.192774	26.706131	1.6144555	29.64356	25.010838	1000.0	1000.0	1235999	2.4287443	0.41668916	19.930511	1.4771295	-2.4287014	0.0022725011	28046.50865626335
310	25.79002	0.5187475	26.679264	25.415417	28.380096	3.0882807	35.991276	25.12083	1000.0	1000.0	1239999	2.403461	0.4122011	18.546734	1.4728034	-2.4032834	0.0018385047	28137.647114515305
311	26.962633	1.7080991	28.873669	24.935616	28.047565	2.4641693	32.29582	24.888247	1000.0	1000.0	1243999	2.3930655	0.41338742	17.045258	1.4580863	-2.3934307	0.0019268967	28226.03646492958
312	26.30674	1.3021865	28.116251	24.996094	29.422602	4.7262464	39.660583	25.155376	1000.0	1000.0	1247999	2.393208	0.40760872	16.481983	1.4534256	-2.393986	0.0020322744	28311.53157567978
313	27.612644	2.84162	32.20122	24.584593	29.841644	5.535397	43.121956	24.41674	1000.0	1000.0	1251999	2.394607	0.40571314	16.706924	1.4481051	-2.3944824	0.0023607565	28396.66579723358
314	25.220364	7.0982575	32.386948	13.792866	27.163477	2.4345338	33.083405	24.823519	1000.0	1000.0	1255999	2.3888798	0.4004195	18.170422	1.4394317	-2.388307	0.0018415841	28481.852836608887
315	27.031046	1.8398592	29.188702	24.936785	27.062702	3.1721344	35.918736	24.990305	1000.0	1000.0	1259999	2.3681912	0.43582484	22.477757	1.431751	-2.3681843	0.0031369291	28567.40701031685
316	26.406029	2.5677314	29.885794	23.15467	27.512882	1.7993505	31.126827	24.987297	1000.0	1000.0	1263999	2.389641	0.40024176	19.87064	1.4299729	-2.390087	0.0021037757	28658.00063276291
317	25.83568	1.1236143	27.682285	24.645632	25.92031	1.2338777	28.10194	24.74596	1000.0	1000.0	1267999	2.400074	0.37683928	18.926556	1.4383155	-2.3995895	0.0018601812	28744.328721046448
318	25.546179	1.0698073	27.259405	24.309916	27.236012	2.7789168	34.117817	24.945738	1000.0	1000.0	1271999	2.403686	0.38869774	17.85017	1.4404738	-2.4033794	0.0020511933	28831.08822131157
319	27.486471	1.194406	28.632349	25.48224	30.32995	5.9822426	41.67756	24.857443	1000.0	1000.0	1275999	2.4117858	0.3676494	16.697908	1.4426441	-2.4120824	0.0017388131	28918.804384469986
320	28.241888	2.6015365	32.26226	25.00148	26.691547	2.143651	32.424763	24.55152	1000.0	1000.0	1279999	2.4081557	0.3808896	16.534039	1.437268	-2.4087756	0.0019349018	29010.482097625732
321	26.924099	0.9097218	27.632559	25.40473	27.171835	1.336114	29.838104	24.988321	1000.0	1000.0	1283999	2.3989549	0.38282824	16.421173	1.4308202	-2.3993502	0.001854384	29097.36503458023
322	30.358818	6.2994723	40.493008	24.520603	27.272985	5.7848535	35.804237	14.923007	1000.0	1000.0	1287999	2.41451	0.38510674	17.296833	1.4332217	-2.414418	0.0019195222	29184.33828854561
323	26.23444	1.8172195	29.329735	24.743813	27.404095	2.462567	33.777122	25.329556	1000.0	1000.0	1291999	2.4239304	0.3828982	18.264769	1.4372947	-2.424339	0.00201639	29280.227054595947
324	25.477736	0.41373107	26.193155	25.217302	27.709625	3.1859	36.17877	25.03019	1000.0	1000.0	1295999	2.4154713	0.38180995	18.244614	1.2630315	-2.4151196	0.0018716939	29367.13491177559
325	27.209745	1.7198517	29.460018	25.435974	27.898565	2.2468	32.663887	24.775778	1000.0	1000.0	1299999	2.4104059	0.3909296	17.96361	1.4384837	-2.4104571	0.002174238	29457.439795732498
326	29.002449	2.0490465	31.757477	25.989353	30.681585	8.800847	50.671124	25.122246	1000.0	1000.0	1303999	2.4135025	0.38819212	18.763834	1.4311931	-2.4137452	0.0022177615	29551.161430358887
327	28.252274	1.7875147	30.12798	25.479317	26.936035	2.3076224	32.874622	24.761314	1000.0	1000.0	1307999	2.416707	0.39538503	20.3899	1.440283	-2.4169297	0.0024686728	29653.240784406662
328	25.351603	6.5051994	31.99201	14.936047	26.818317	1.7444584	29.79707	25.173088	1000.0	1000.0	1311999	2.40679	0.37846348	19.848852	1.4474531	-2.4071467	0.0018984693	29740.45879626274
329	29.117285	4.94044	37.382713	25.290892	28.668865	2.1200664	32.03035	24.810469	1000.0	1000.0	1315999	2.4158354	0.39773616	22.041212	1.4428397	-2.41653	0.002044342	29835.69633936882
330	31.21802	5.0867677	39.993114	27.71442	28.284739	3.4636056	38.07877	25.261106	1000.0	1000.0	1319999	2.4206276	0.40922895	24.559582	1.4489948	-2.4213731	0.0023121054	29920.99901342392
331	29.449211	3.4011765	35.257355	26.99555	27.282663	5.0493355	38.44924	17.543901	1000.0	1000.0	1323999	2.4464078	0.423987	24.731403	1.0195807	-2.4471219	0.002074891	30007.328092575073
332	31.80205	4.18432	36.12169	25.180367	28.61665	2.6147242	34.683346	24.648285	1000.0	1000.0	1327999	2.4518716	0.38927162	19.61056	1.4479328	-2.452035	0.0018116207	30104.930022239685
333	27.947725	1.70124	29.979334	25.365736	26.146942	1.3262602	28.787333	24.898415	1000.0	1000.0	1331999	2.4597912	0.3787981	14.500412	1.453404	-2.4600787	0.0015150015	30192.48824238777
334	28.826427	5.9513674	39.127907	25.109785	26.41279	1.3325226	29.614132	25.047577	1000.0	1000.0	1335999	2.461884	0.35773584	18.550571	1.4734437	-2.4621627	0.0016860899	30278.49794435501
335	26.10293	1.5329927	28.75702	25.161058	26.27894	1.3329619	28.069489	24.912394	1000.0	1000.0	1339999	2.455078	0.36785105	16.420479	1.6129794	-2.4557767	0.0016901736	30366.26048374176
336	29.482613	6.0445833	39.822544	25.045408	27.0725	1.7881218	30.740664	24.77993	1000.0	1000.0	1343999	2.4659162	0.3688789	16.769993	1.6330159	-2.4670708	0.0018470292	30453.765327453613
337	30.700726	7.566075	43.688183	25.211502	27.409601	3.0178742	35.553055	24.885298	1000.0	1000.0	1347999	2.46715	0.36233845	15.951345	1.6758971	-2.4673955	0.0015416255	30541.098516464233
338	25.577549	1.8212569	27.708216	22.774687	29.986832	3.464533	37.29495	25.258755	1000.0	1000.0	1351999	2.4678776	0.3520805	15.915809	1.6813426	-2.4677935	0.0015242399	30627.935060739517
339	26.41351	2.4499965	30.643456	24.697598	28.011082	1.9814728	30.951803	24.862883	1000.0	1000.0	1355999	2.4573567	0.35361853	15.479793	1.6609261	-2.457712	0.0013145788	30715.526725053787
340	29.165775	6.642354	40.66966	25.21401	27.671597	1.834412	30.908195	24.963655	1000.0	1000.0	1359999	2.4636369	0.3700342	16.097857	1.6382009	-2.4640467	0.0017897157	30804.947874307632
341	27.901924	0.8323412	29.040455	26.802406	28.927357	4.197811	39.118046	24.76795	1000.0	1000.0	1363999	2.4638326	0.35352796	15.461505	1.6123426	-2.4632218	0.001541349	30891.28509068489
342	28.673195	0.967111	29.628601	27.376654	27.14999	2.4106035	33.028187	24.627789	1000.0	1000.0	1367999	2.463236	0.37278965	15.974804	1.7194972	-2.463289	0.0015337468	30979.741387605667
343	26.502987	1.4913127	28.869207	25.027697	28.117899	3.7848632	38.21753	25.169079	1000.0	1000.0	1371999	2.4776947	0.39108887	15.892031	1.6664948	-2.4779081	0.0018165924	31066.771751642227
344	28.616058	5.276827	37.74801	25.320536	28.565975	2.4012234	33.24219	24.88191	1000.0	1000.0	1375999	2.485812	0.3753701	17.362879	1.672388	-2.4864075	0.0016109603	31154.51131105423
345	27.76816	1.6514331	29.265305	25.034847	26.04163	1.5740627	29.567848	24.6597	1000.0	1000.0	1379999	2.4880571	0.3831145	17.177292	1.6766034	-2.488522	0.0016499073	31243.26221561432
346	27.588013	4.222917	34.901405	25.041643	26.68928	1.2772115	28.576546	25.160524	1000.0	1000.0	1383999	2.4834878	0.38554442	16.143106	1.6722552	-2.4837916	0.0017038181	31331.09420967102
347	30.93724	7.930271	44.560932	25.471504	29.470224	4.3171296	40.01541	25.18193	1000.0	1000.0	1387999	2.4861398	0.39337808	16.423914	1.6436355	-2.4861264	0.0017962768	31421.95811700821
348	25.841164	1.2223076	27.940529	24.905653	27.084864	1.7265815	29.84766	25.005037	1000.0	1000.0	1391999	2.481471	0.37581453	16.415386	1.6533605	-2.4820752	0.0017085337	31511.19789981842
349	26.951183	1.0471405	28.543367	25.908684	27.906315	3.056513	35.31906	24.957092	1000.0	1000.0	1395999	2.486348	0.39339927	15.597608	1.312564	-2.4871714	0.001967215	31597.51857972145
350	26.446535	0.66626763	27.28297	25.419195	27.688147	2.9783812	35.73954	24.958876	1000.0	1000.0	1399999	2.4816577	0.40786484	16.675577	1.1862112	-2.4820542	0.0020427508	31685.455263376236
351	28.869518	1.7351358	31.861235	27.647879	26.875921	1.7926302	29.885527	24.765217	1000.0	1000.0	1403999	2.4909954	0.3927552	20.767632	0.3012495	-2.4916968	0.00205092	31771.53858780861
352	29.513485	6.785123	41.260693	25.412247	26.949398	6.536749	40.51444	12.1586275	1000.0	1000.0	1407999	2.495867	0.4035281	20.795055	1.497209	-2.496842	0.0023406933	31862.13638472557
353	28.375664	3.4065356	33.62128	24.93081	28.596401	3.1966133	36.693546	24.65747	1000.0	1000.0	1411999	2.49969	0.41823947	19.61673	1.6584786	-2.5004146	0.0024521865	31949.053711891174
354	28.616642	4.5931325	36.29388	24.854015	28.465576	2.3966916	33.62169	25.237156	1000.0	1000.0	1415999	2.4871037	0.38670123	16.207163	1.646765	-2.4871354	0.0017646973	32034.845598697662
355	28.80295	3.354243	34.36042	25.457293	28.316309	4.692663	39.017494	24.914436	1000.0	1000.0	1419999	2.5011709	0.3903647	16.49035	1.6383048	-2.501483	0.001575045	32123.12539124489
356	26.672712	1.3372605	28.838018	25.322454	28.479664	4.0938177	38.091793	24.920328	1000.0	1000.0	1423999	2.5107563	0.40072688	15.704931	1.5213716	-2.5117712	0.001680669	32211.11365056038
357	28.148752	1.8036591	30.868645	26.087402	30.379684	7.9194245	46.321217	24.667603	1000.0	1000.0	1427999	2.5207152	0.4000661	15.864366	1.6285386	-2.5215664	0.001686265	32297.646962165833
358	25.709038	1.2748256	27.847776	24.590809	26.28127	1.6658	29.653194	24.688206	1000.0	1000.0	1431999	2.5351365	0.40733147	18.794706	1.6235994	-2.5359743	0.002223821	32387.967952489853
359	26.685982	0.97165996	27.89679	25.637873	27.309793	4.7396636	41.324276	24.510199	1000.0	1000.0	1435999	2.5466073	0.4018841	15.45521	1.6247178	-2.548079	0.0025227065	32474.296458005905
360	28.677654	1.3093625	30.794355	27.432163	27.99348	3.7248836	35.309933	24.89386	1000.0	1000.0	1439999	2.5571408	0.374551	15.686639	1.3872484	-2.5585268	0.0022299986	32561.038581848145
361	28.862488	1.8171226	31.97252	27.46994	28.025879	2.5677872	31.856348	25.079739	1000.0	1000.0	1443999	2.5657039	0.39613423	19.61615	1.4029857	-2.5666864	0.0022194327	32647.804446935654
362	28.28364	3.0787804	33.025814	25.179987	29.817469	7.64812	47.65139	24.74436	1000.0	1000.0	1447999	2.5642426	0.39364433	16.249046	1.6404303	-2.565294	0.0024299559	32734.756579875946
363	28.269535	1.7989672	30.145508	25.44969	27.083975	3.4033732	36.722565	24.955961	1000.0	1000.0	1451999	2.5706599	0.40755144	16.848488	0.48706734	-2.5721679	0.0020482047	32821.46342396736
364	27.337439	0.32330304	27.809164	26.958212	27.225363	2.9300454	35.275448	25.00453	1000.0	1000.0	1455999	2.5760171	0.39986756	21.26914	1.6290442	-2.5777888	0.002188723	32908.91709947586
365	30.695612	6.1708274	41.3628	26.589415	28.440298	3.1414602	35.203197	25.198751	1000.0	1000.0	1459999	2.5782597	0.4022637	17.711143	1.4857452	-2.5800266	0.0020436537	32995.744086265564
366	24.631021	4.3840094	28.641117	17.295044	27.248783	1.5200366	29.200815	24.806114	1000.0	1000.0	1463999	2.5825016	0.408802	17.336014	1.6273327	-2.5841913	0.0019173973	33088.97518873215
367	27.42398	1.4573689	29.430462	25.572157	28.17721	3.5262754	38.18786	25.04824	1000.0	1000.0	1467999	2.5818915	0.42357653	18.355238	1.6172099	-2.5846899	0.002620612	33177.760867357254
368	29.389158	3.5661848	35.117588	26.076084	27.306854	2.8628433	34.60919	24.584917	1000.0	1000.0	1471999	2.614775	0.42044225	18.926178	1.6172776	-2.6173682	0.0025794404	33265.217153549194
369	25.370243	0.30736637	25.738214	25.06516	29.971807	6.1958117	42.885757	25.063187	1000.0	1000.0	1475999	2.6225471	0.41863137	17.808798	1.6155659	-2.6232553	0.002068311	33353.19467663765
370	30.62051	4.640837	37.1865	25.265936	26.199978	1.4414496	29.169487	24.647942	1000.0	1000.0	1479999	2.6210866	0.40886444	16.006067	1.6167692	-2.6222417	0.00247824	33438.300370931625
371	29.466581	5.1078324	37.905903	25.283257	28.820648	3.1076062	35.650097	25.200188	1000.0	1000.0	1483999	2.6266453	0.41535267	17.015701	1.6150018	-2.627812	0.0021596225	33523.965514183044
372	26.544188	1.7459725	29.486248	25.09603	29.951313	5.733177	43.949272	25.052908	1000.0	1000.0	1487999	2.6269116	0.4079383	16.720451	1.4249609	-2.627918	0.001912485	33610.158573150635
373	26.777441	0.84408563	27.644516	25.382734	30.166178	3.9690213	39.25272	25.64242	1000.0	1000.0	1491999	2.6406755	0.42302853	16.84708	1.6086842	-2.6421788	0.0019548957	33697.62796854973
374	28.602522	3.1413133	33.30728	24.79554	25.443727	0.47629532	26.609644	24.613287	1000.0	1000.0	1495999	2.63176	0.4415409	19.269209	1.6009806	-2.6327627	0.0026559262	33788.921380996704
375	26.435022	1.3340907	27.853249	24.67851	28.766073	2.7384064	34.243675	25.416792	1000.0	1000.0	1499999	2.6344073	0.45010576	18.625214	1.6038798	-2.635664	0.002659987	33875.957612514496
376	27.309942	1.4241993	29.02414	25.892729	29.052847	6.2521486	43.057873	24.375273	1000.0	1000.0	1503999	2.6228585	0.42391735	17.526606	1.6079625	-2.6228423	0.0021288237	33962.20510721207
377	28.075485	1.8237202	30.553457	25.410854	26.921179	1.2620535	28.625458	24.846146	1000.0	1000.0	1507999	2.5913994	0.4054144	15.68399	1.603344	-2.5915618	0.0017705247	34048.65175771713
378	33.390858	4.814622	40.38854	28.877888	29.87495	5.1158986	40.57948	25.200188	1000.0	1000.0	1511999	2.556015	0.41800365	17.967093	1.5912644	-2.555603	0.0021766191	34135.70971131325
379	26.866196	1.2407396	27.992937	24.8004	26.786316	2.9973752	34.690495	24.396982	1000.0	1000.0	1515999	2.5408227	0.45113122	17.409296	1.582162	-2.5417476	0.0026378594	34224.59047269821
380	29.592527	6.353603	40.506847	25.149784	27.709457	2.702397	33.762344	25.068247	1000.0	1000.0	1519999	2.5436919	0.420985	20.61267	1.4301124	-2.544958	0.0030294028	34311.10361099243
381	28.060179	3.4545112	33.824574	25.099985	27.030346	1.3424305	29.84817	25.344385	1000.0	1000.0	1523999	2.5535138	0.3983697	19.172743	1.592189	-2.554418	0.0020347142	34397.540133714676
382	24.561356	4.0979023	28.33508	17.751642	29.625137	6.4663997	44.95458	24.71128	1000.0	1000.0	1527999	2.5625854	0.41419357	25.184633	1.5841075	-2.563685	0.002730403	34484.06854724884
383	29.798252	4.193494	36.387432	25.012123	26.778463	1.3491937	28.971226	25.037672	1000.0	1000.0	1531999	2.5518343	0.46420947	28.946768	1.5790223	-2.5530126	0.005975179	34571.36264252663
384	26.787336	1.6596476	29.258392	24.964432	28.317713	5.6449704	44.844494	24.870104	1000.0	1000.0	1535999	2.5316958	0.47613502	33.144993	1.581019	-2.5327013	0.005685955	34657.70479273796
385	32.73743	9.025182	48.055508	24.712692	29.18071	5.1520724	41.8904	24.922546	1000.0	1000.0	1539999	2.5245304	0.42998135	18.680294	1.5862117	-2.5239637	0.0026329241	34743.73925065994
386	25.991356	0.8001786	27.290375	25.105644	25.34711	5.1000566	30.931772	11.317647	1000.0	1000.0	1543999	2.518911	0.44457746	17.447357	1.5774208	-2.5194814	0.0029231592	34831.74342632294
387	27.692295	1.6008862	29.110023	25.182749	27.100286	1.2153134	28.991611	25.447035	1000.0	1000.0	1547999	2.511614	0.41958115	16.025974	1.5778499	-2.511252	0.0021418591	34918.24839043617
388	26.105265	1.6917056	29.033548	25.05295	28.233088	2.4978926	33.857452	25.336737	1000.0	1000.0	1551999	2.5092933	0.4256338	17.421581	1.5760331	-2.5100467	0.0024023193	35006.24729633331
389	29.061367	2.1026852	31.821287	25.95821	29.651203	5.7082806	39.66582	24.72486	1000.0	1000.0	1555999	2.5241423	0.44000313	19.694511	1.5736176	-2.5258439	0.0027891584	35092.80455875397
390	28.583923	0.64608526	29.683905	28.037859	27.47771	1.2834913	29.06088	25.376467	1000.0	1000.0	1559999	2.5402172	0.4488974	20.984306	1.5821882	-2.5419977	0.0031197513	35179.41616463661
391	28.40142	2.9419634	33.031593	24.859232	27.502476	1.6199431	29.596449	25.114458	1000.0	1000.0	1563999	2.549544	0.4566102	18.882494	1.5822803	-2.5502694	0.0026035036	35264.068254709244
392	27.89985	1.3722063	29.210455	25.72208	28.269302	3.3861542	35.53785	25.270182	1000.0	1000.0	1567999	2.5429573	0.44855115	21.248596	1.5855842	-2.5433333	0.002793105	35349.06983947754
393	34.06204	6.923473	42.029877	26.826069	24.83623	2.049471	27.687298	19.337671	1000.0	1000.0	1571999	2.5493479	0.47551012	21.718142	1.3136349	-2.5510812	0.0031751248	35438.11405181885
394	26.490911	1.2286747	28.331427	25.340874	28.845423	6.074441	41.55431	21.427824	1000.0	1000.0	1575999	2.561046	0.44456849	19.494118	1.5807745	-2.5615947	0.0021658326	35524.69485092163
395	27.244043	1.52665	29.18013	25.423681	28.745783	2.145886	33.35662	25.652998	1000.0	1000.0	1579999	2.5729675	0.44837326	19.043068	1.5835878	-2.574033	0.0026918727	35616.580199956894
396	27.315512	1.9615619	29.427744	25.304667	30.402552	5.8653026	44.19899	24.673311	1000.0	1000.0	1583999	2.5588057	0.41999948	17.244835	1.596963	-2.5593219	0.0024061128	35705.55900979042
397	28.534573	0.8923497	29.86649	27.58784	28.805664	5.842245	45.691784	24.83417	1000.0	1000.0	1587999	2.5462985	0.42927912	16.706484	1.6007941	-2.5476313	0.0024530129	35792.096593141556
398	26.277874	1.3268917	28.079931	24.425125	26.65505	1.5647969	29.906412	24.81972	1000.0	1000.0	1591999	2.5599608	0.42320842	15.814526	1.5823638	-2.5612164	0.0020923824	35880.55507969856
399	26.532818	1.1120627	27.873917	25.216694	30.298502	4.840157	39.464912	25.089186	1000.0	1000.0	1595999	2.5580544	0.4276919	17.189861	1.6047978	-2.559266	0.0019859981	35967.300698280334
400	25.774864	0.8489654	27.06579	24.860756	27.085785	1.449831	28.811384	25.083744	1000.0	1000.0	1599999	2.566748	0.4236546	17.105742	1.607561	-2.5680938	0.002224082	36055.71594810486
401	26.803585	1.3806566	28.34647	25.383026	29.338827	4.374516	39.8417	25.101622	1000.0	1000.0	1603999	2.5719788	0.40411413	16.8601	1.6170377	-2.573437	0.002328712	36144.94388103485
402	27.030878	1.5821532	29.032112	25.385023	28.415644	6.109322	46.36827	25.08636	1000.0	1000.0	1607999	2.578919	0.40748793	16.042852	1.3493614	-2.5796244	0.002214371	36233.10052609444
403	29.022282	3.6450906	34.925076	25.978334	28.534763	3.4450834	37.242283	25.021086	1000.0	1000.0	1611999	2.582956	0.39196384	15.80974	1.6417552	-2.5837376	0.001984874	36323.0794467926
404	27.65444	1.8131584	30.519789	26.079111	28.919275	4.9551406	42.13884	24.90509	1000.0	1000.0	1615999	2.5754056	0.40831232	17.212812	1.6415944	-2.5762866	0.0022900943	36413.21418094635
405	27.520874	1.1884019	28.857285	25.610903	27.688013	2.0157008	31.475601	24.793407	1000.0	1000.0	1619999	2.5700788	0.4188576	20.039017	1.6507702	-2.5710258	0.002630529	36503.6837553978
406	28.147697	1.6003897	29.600786	25.7107	31.133957	5.803124	41.053345	25.023008	1000.0	1000.0	1623999	2.5661209	0.40397292	17.056341	1.6574569	-2.5667937	0.0023739322	36593.348192453384
407	27.695	4.3249216	35.12254	24.507906	27.642767	2.3450966	32.956387	24.879562	1000.0	1000.0	1627999	2.5508113	0.3924279	17.830915	1.6659851	-2.5513306	0.0021598085	36681.16514110565
408	28.696388	0.72336537	29.752201	27.844883	27.11182	4.1399465	39.110626	24.69632	1000.0	1000.0	1631999	2.5407999	0.392474	19.16556	1.1959211	-2.5415123	0.002337277	36774.18711042404
409	27.029383	1.6966364	29.274025	25.260466	29.222733	6.505773	47.672665	25.167032	1000.0	1000.0	1635999	2.5468168	0.41038188	19.855087	1.0034416	-2.5481012	0.0027705869	36862.646512031555
410	26.107077	0.58570355	27.100964	25.591543	28.277338	3.2672505	37.485096	25.336458	1000.0	1000.0	1639999	2.5570385	0.3942095	17.265276	1.6842645	-2.5581763	0.0018957969	36948.37927913666
411	32.026344	10.554498	50.156357	24.436066	29.606205	4.504341	39.357513	24.465136	1000.0	1000.0	1643999	2.5707538	0.39609173	19.856258	1.6859138	-2.5719273	0.0020639643	37036.23985528946
412	28.106926	0.5424452	28.694494	27.555676	28.3107	3.3406332	37.161358	25.062056	1000.0	1000.0	1647999	2.5777671	0.38436994	18.297604	1.690195	-2.5792463	0.0022176926	37121.59538555145
413	28.293453	1.7543823	29.642395	25.318443	27.982166	3.0151253	35.229755	24.722523	1000.0	1000.0	1651999	2.5740898	0.40557387	16.93676	1.7009162	-2.5752563	0.0020454505	37207.66126561165
414	26.650845	1.5017529	28.775074	25.13745	27.832123	2.8257897	34.190784	25.066061	1000.0	1000.0	1655999	2.568814	0.4000806	17.034134	1.7534131	-2.5700264	0.0019313841	37293.0975458622
415	30.170137	4.1237307	37.284977	27.453344	28.154627	1.5372881	29.854864	24.874794	1000.0	1000.0	1659999	2.5835974	0.41850457	17.886856	1.5613649	-2.5847924	0.0024501844	37378.27002978325
416	25.831903	0.34256753	26.38381	25.49373	27.092823	0.9901269	28.245926	24.87139	1000.0	1000.0	1663999	2.5889435	0.40879872	17.704714	1.7521338	-2.5897646	0.0019474505	37463.91703915596
417	26.006546	1.189522	27.973404	24.826527	26.693848	1.6097746	29.67263	25.178429	1000.0	1000.0	1667999	2.5931408	0.40422124	17.261065	1.6932614	-2.5945175	0.0022995106	37553.953644514084
418	29.611473	5.7262006	39.363167	24.965672	25.980145	5.6250277	37.075184	12.67964	1000.0	1000.0	1671999	2.607784	0.42486924	19.373165	1.8112947	-2.6092012	0.0021081772	37640.56824636459
419	25.222431	0.29840696	25.698719	24.924532	27.588995	2.2314048	32.938194	25.114218	1000.0	1000.0	1675999	2.6059537	0.42491183	18.90657	1.8026989	-2.6066322	0.0022730674	37728.295137405396
420	27.704903	1.0502318	29.248232	26.460281	27.200342	1.7428342	30.49715	25.314087	1000.0	1000.0	1679999	2.6044443	0.415413	18.585655	0.14484811	-2.6053607	0.0021327096	37814.72735071182
421	28.664082	2.8706806	32.538605	24.779745	25.847433	0.84609014	27.503536	24.972816	1000.0	1000.0	1683999	2.601591	0.4055998	16.387825	1.1916492	-2.6021132	0.0017513373	37901.25244092941
422	28.205275	2.691952	31.8175	25.357857	25.50661	3.367505	28.91374	16.349154	1000.0	1000.0	1687999	2.6023555	0.42208505	19.164547	1.7579505	-2.6037781	0.0020407354	37988.51428556442
423	33.631283	5.9067116	42.811405	27.877254	27.869482	2.664603	32.481647	25.07315	1000.0	1000.0	1691999	2.6140246	0.43349263	17.200777	1.8412523	-2.6153653	0.0023530286	38075.64788722992
424	27.871944	2.8626919	32.702206	25.432573	28.278408	3.3692276	36.912445	24.927248	1000.0	1000.0	1695999	2.6034257	0.4298051	17.56152	1.6286329	-2.6033702	0.0023115007	38162.10580396652
425	27.977907	0.6231856	28.92863	27.32268	28.56538	3.2072396	36.24334	24.877445	1000.0	1000.0	1699999	2.58521	0.3983455	16.10344	1.1869402	-2.5856593	0.0018257528	38248.52129793167
426	33.050064	11.848276	53.30418	24.26071	28.51265	3.3971522	35.0296	25.29878	1000.0	1000.0	1703999	2.5842543	0.42528534	16.835356	1.8502495	-2.585104	0.002012232	38336.75923991203
427	30.196346	1.7235937	33.036327	28.742476	27.169785	1.2037263	29.22241	25.0702	1000.0	1000.0	1707999	2.5882592	0.44023016	16.632181	1.860842	-2.5897002	0.0020470973	38424.851346969604
428	30.05645	3.2484672	35.636227	27.633821	29.060902	6.229873	46.34014	24.756758	1000.0	1000.0	1711999	2.58283	0.45392647	21.04924	1.882847	-2.583934	0.0025579892	38512.71148109436
429	26.812128	2.6274626	31.360575	25.1561	27.679325	1.4966657	29.368397	24.994284	1000.0	1000.0	1715999	2.5866268	0.44790146	19.792048	1.8483818	-2.5874655	0.0025661115	38600.95592212677
430	29.52029	4.288243	36.353493	25.085089	27.781544	1.499344	30.851496	25.317537	1000.0	1000.0	1719999	2.5886488	0.43439534	16.843359	1.8609798	-2.5898485	0.0020077392	38691.37415552139
431	25.477907	1.2368371	27.472866	24.106379	27.725971	2.1806757	33.29267	25.442862	1000.0	1000.0	1723999	2.594422	0.41077915	15.213025	1.8723333	-2.5956547	0.0018919465	38786.344717502594
432	27.685648	1.4556857	29.611254	25.558458	27.37738	1.4328368	29.747334	25.029142	1000.0	1000.0	1727999	2.6051352	0.412461	15.774924	1.8940651	-2.6061902	0.0018574622	38874.111389398575
433	26.218615	0.8986425	27.472784	25.282568	28.958447	5.66547	44.388176	24.708466	1000.0	1000.0	1731999	2.6170995	0.42766103	16.821215	1.8684672	-2.6193461	0.0021290688	38959.73998451233
434	27.461243	1.1953087	28.422998	25.455591	27.34077	2.0458422	30.812607	24.575233	1000.0	1000.0	1735999	2.6313062	0.39846706	16.69861	1.3389105	-2.6321585	0.0016589732	39045.32228541374
435	26.21131	7.2715983	33.991707	14.397572	27.959045	2.7753885	34.824524	24.646935	1000.0	1000.0	1739999	2.6162696	0.40430987	16.279863	1.9099542	-2.616881	0.0019033208	39130.28812456131
436	27.199375	2.1174655	29.830732	24.8939	29.514233	4.855154	39.263836	24.755827	1000.0	1000.0	1743999	2.597276	0.4015179	16.064592	1.8939437	-2.5980582	0.0020274995	39215.553060770035
437	28.1902	1.1864911	29.392994	26.461428	28.37981	2.4143388	33.122852	25.41004	1000.0	1000.0	1747999	2.5960484	0.4011978	17.63675	1.8945073	-2.5966918	0.0017791587	39301.131687402725
438	26.075369	1.7710506	29.13297	24.877954	28.10415	2.520709	34.421703	24.583817	1000.0	1000.0	1751999	2.585883	0.41922805	16.843426	1.8684047	-2.5865743	0.0018940589	39388.210804224014
439	26.17191	1.3764098	28.537905	25.107765	30.387508	6.883036	45.861946	24.962614	1000.0	1000.0	1755999	2.580734	0.41584036	16.66312	1.892789	-2.5816457	0.0019897453	39474.922879457474
440	29.797714	3.0408394	34.984528	27.618702	28.908869	4.4584966	39.0303	24.397451	1000.0	1000.0	1759999	2.5862374	0.397101	15.327755	1.890691	-2.5869586	0.0016057373	39562.48884534836
441	26.535975	1.3921639	28.209917	25.068718	27.619156	1.9481872	30.359947	24.848381	1000.0	1000.0	1763999	2.5903883	0.39913496	15.243242	1.8859528	-2.5914166	0.001628478	39648.47996354103
442	26.764282	1.7495358	28.837378	24.682167	28.151571	1.5993848	30.970566	25.378618	1000.0	1000.0	1767999	2.6032689	0.4112126	17.547857	1.878452	-2.604414	0.002036771	39737.857256412506
443	30.837292	3.7875075	34.548923	25.956192	30.193735	5.277108	39.300472	24.808355	1000.0	1000.0	1771999	2.6001205	0.42107198	20.524137	1.8743894	-2.6007798	0.0021705532	39824.18807864189
444	26.356573	1.0177435	27.738846	25.220388	27.31832	4.437855	39.16228	24.931564	1000.0	1000.0	1775999	2.6037433	0.40990233	16.594242	1.8785554	-2.6047506	0.0017633917	39909.995599508286
445	24.027603	6.9623847	29.970009	12.314908	28.10812	6.2912164	38.86429	12.001657	1000.0	1000.0	1779999	2.6036727	0.42717543	18.530842	1.8745477	-2.6044693	0.0017675839	39996.18898653984
446	27.067978	1.617301	28.979052	25.358929	26.479559	1.2627126	28.72017	25.070137	1000.0	1000.0	1783999	2.6134179	0.41221756	17.586407	1.8799021	-2.614687	0.0019169666	40082.27221083641
447	27.801535	1.0538808	29.300303	26.34877	28.238806	4.8542566	41.986515	24.78033	1000.0	1000.0	1787999	2.612679	0.4159158	16.326242	1.8806958	-2.6135745	0.0017311188	40168.329397916794
448	26.811083	1.6004785	29.303207	25.120897	30.531418	5.556688	43.087997	25.064129	1000.0	1000.0	1791999	2.5939653	0.40341967	16.048027	1.5604739	-2.594583	0.0017694467	40259.0737593174
449	25.14677	3.1665833	29.43696	20.497265	29.96294	5.3794684	39.88968	25.255829	1000.0	1000.0	1795999	2.5996327	0.39577395	15.934827	1.883825	-2.6006281	0.0018795071	40346.13567042351
450	26.058273	3.1737645	28.209553	20.577475	28.136871	3.3722055	36.582275	24.904865	1000.0	1000.0	1799999	2.6061044	0.3863411	16.673357	1.8877127	-2.6069906	0.0017684541	40436.86065077782
451	33.527977	5.268158	40.76952	27.926403	26.718334	1.6803135	29.61318	24.748894	1000.0	1000.0	1803999	2.611342	0.3895967	17.107552	1.8996322	-2.6120782	0.0014722772	40522.15738224983
452	27.807278	1.6919283	30.216736	25.443007	28.706385	3.7181885	36.760513	24.95377	1000.0	1000.0	1807999	2.6230683	0.44095433	18.95238	1.8103832	-2.624572	0.002176997	40611.37292432785
453	28.742783	3.5962276	34.36868	25.360298	27.654392	1.6382418	30.34711	25.3908	1000.0	1000.0	1811999	2.6291	0.4400919	20.430916	1.9050224	-2.6306133	0.0026864153	40701.71972703934
454	28.904894	4.699843	36.777767	25.26532	26.239056	1.2338243	28.669565	24.875225	1000.0	1000.0	1815999	2.6177979	0.4427407	19.84719	1.302374	-2.6181765	0.0027762505	40791.72194600105
455	26.055157	1.3872231	28.436996	25.108662	27.855337	2.9186401	33.906307	24.736132	1000.0	1000.0	1819999	2.5707533	0.41305667	17.05089	1.9091876	-2.5714576	0.002340468	40883.21086335182
456	26.070004	1.8460616	29.250914	24.748985	30.374813	5.7753816	40.175392	25.029816	1000.0	1000.0	1823999	2.5678494	0.41488144	17.189568	1.902766	-2.5677774	0.001822948	40977.19338274002
457	28.635273	4.606458	36.391212	24.865877	26.655857	1.6321734	29.341497	24.62672	1000.0	1000.0	1827999	2.5518336	0.42211038	18.924034	1.8943206	-2.551561	0.0022715412	41063.62313866615
458	27.11542	1.3565373	28.648462	25.028278	27.58414	3.2659774	35.184994	24.507935	1000.0	1000.0	1831999	2.5275662	0.40737304	19.646698	1.8925424	-2.5268016	0.001753966	41156.02259373665
459	27.174746	1.5889438	29.820671	25.87213	28.156443	2.680482	33.47173	25.121834	1000.0	1000.0	1835999	2.5255978	0.39357272	17.878195	1.896403	-2.5266984	0.0018236845	41249.12039351463
460	29.874874	4.774315	37.807705	25.117643	28.910345	3.645428	35.4509	24.948137	1000.0	1000.0	1839999	2.530615	0.4123457	17.065193	1.891506	-2.5311327	0.0019960457	41344.84091639519
461	29.137955	2.5259786	33.51041	27.537464	28.237757	2.8805861	34.838123	25.271732	1000.0	1000.0	1843999	2.5118465	0.42876628	16.77178	1.5846417	-2.51177	0.0016123002	41434.38439631462
462	25.86776	1.0415432	27.65392	25.044966	26.56401	1.5848346	29.480259	24.72133	1000.0	1000.0	1847999	2.5153074	0.42160207	17.242928	1.901215	-2.515899	0.0018186638	41524.70996117592
463	26.250244	1.8549616	29.42432	24.884642	27.206623	2.824109	33.21675	24.732115	1000.0	1000.0	1851999	2.5053153	0.42470333	17.261105	1.9043382	-2.5064628	0.0015873442	41613.772762298584
464	27.973993	0.9236541	29.524849	27.135086	28.161413	2.7837083	34.648945	24.723988	1000.0	1000.0	1855999	2.5146828	0.4115345	15.885037	1.9090407	-2.5150273	0.0019310067	41699.5408449173
465	27.994303	0.6934346	28.973392	27.022228	27.641918	2.3553221	33.766735	25.230309	1000.0	1000.0	1859999	2.498865	0.4014422	16.32885	1.9188195	-2.4991968	0.0017611532	41787.94150233269
466	26.177406	1.1117548	27.809849	25.09991	27.630621	3.799554	34.896828	23.88951	1000.0	1000.0	1863999	2.4973586	0.3858736	15.727722	1.9201845	-2.498055	0.0013587598	41874.339646577835
467	26.84713	0.9443107	27.971552	25.745106	26.416574	1.6202383	29.294155	24.487823	1000.0	1000.0	1867999	2.5244756	0.3938665	15.940821	1.9340662	-2.5257816	0.0014577189	41961.48145222664
468	28.391527	2.1194472	31.16627	25.365746	28.507395	2.5294163	33.291973	24.744589	1000.0	1000.0	1871999	2.5528414	0.41315985	17.546371	1.9345255	-2.5543973	0.0016617834	42050.017018318176
469	27.680943	1.1096684	29.02349	25.97962	28.672632	5.332494	44.16163	24.786627	1000.0	1000.0	1875999	2.5709982	0.3978445	16.836199	1.94867	-2.5728118	0.0019121784	42136.83883523941
470	27.938126	2.4348187	31.535545	24.692913	25.23176	4.7545605	28.94589	11.66517	1000.0	1000.0	1879999	2.5901694	0.37979648	16.531412	1.9612142	-2.5909836	0.0014695514	42224.754705905914
471	25.868282	1.1822796	27.906223	25.000086	28.528522	7.076906	41.340244	14.209553	1000.0	1000.0	1883999	2.6021774	0.38763553	17.670977	1.9704856	-2.6035829	0.0016478632	42315.596244096756
472	29.821339	3.4787934	34.754562	25.056206	28.502121	1.6616912	31.239641	25.026497	1000.0	1000.0	1887999	2.6144774	0.3913908	17.445877	1.9814922	-2.6154816	0.0017757976	42403.606347084045
473	26.085293	1.3396145	28.381758	25.012718	26.783405	1.1389552	27.937822	25.025814	1000.0	1000.0	1891999	2.6139336	0.38367593	21.317482	1.9143292	-2.614156	0.0021262402	42490.53098320961
474	26.442799	1.8072499	29.1227	24.024689	27.75063	5.948918	45.23285	24.49493	1000.0	1000.0	1895999	2.5859728	0.36566672	16.792612	1.9951848	-2.5865977	0.0014309353	42575.97929143906
475	26.312466	1.6516825	29.13273	25.104033	27.410519	2.6319194	34.36593	24.30589	1000.0	1000.0	1899999	2.5741055	0.3680811	16.88944	0.6802505	-2.5744543	0.0017260545	42664.579372644424
476	26.192081	1.3005943	28.405779	25.074644	27.36643	1.9695851	31.895731	25.118671	1000.0	1000.0	1903999	2.56909	0.36715093	18.589891	1.9722493	-2.5701246	0.0018260946	42763.00219488144
477	32.904644	7.793052	45.241158	24.683905	26.293926	1.528518	29.852367	24.933104	1000.0	1000.0	1907999	2.5687869	0.37521526	17.627125	1.9611769	-2.5693984	0.002311628	42850.39165663719
478	25.250677	0.33863848	25.69581	24.742386	29.698483	4.363966	38.679897	25.581928	1000.0	1000.0	1911999	2.5777862	0.37223965	18.26805	1.9747188	-2.57898	0.0020549952	42940.286703825
479	28.566622	4.2879877	35.780502	25.179693	29.217037	3.8555539	39.622597	25.942709	1000.0	1000.0	1915999	2.5835364	0.36843103	17.076683	1.9711316	-2.5839677	0.0018469	43027.479039907455
480	27.248697	1.7257677	29.484505	25.314325	31.645035	8.225685	48.99564	24.764751	1000.0	1000.0	1919999	2.5835464	0.36536503	17.845205	0.78629684	-2.5844223	0.0020289333	43115.19259405136
481	26.907562	1.5372612	29.386919	25.204506	25.235779	3.5672824	30.341574	15.824415	1000.0	1000.0	1923999	2.586357	0.39434776	18.219582	1.9718492	-2.587381	0.0019307714	43204.67782020569
482	31.285381	6.408608	42.223957	26.021532	26.221851	1.4177735	29.215227	24.914787	1000.0	1000.0	1927999	2.5862126	0.3827889	17.36323	1.9776249	-2.586938	0.0018396291	43298.70673251152
483	29.322319	6.618883	40.775978	25.066187	27.933523	3.0169973	34.955715	24.713028	1000.0	1000.0	1931999	2.5932863	0.37791562	17.235235	1.7260563	-2.5945194	0.0017143547	43384.871997117996
484	28.741306	5.8077374	38.73357	24.805147	28.194767	5.5881677	44.4338	24.732735	1000.0	1000.0	1935999	2.6080027	0.378286	16.722172	1.9631898	-2.6094599	0.0015147021	43470.12027478218
485	27.919403	0.9418902	28.842363	26.555672	27.722555	1.9638468	32.14608	25.352743	1000.0	1000.0	1939999	2.6060686	0.37842536	18.088083	1.9689145	-2.6072466	0.001669322	43559.06187915802
486	27.020456	3.6031072	32.91181	23.138031	30.749598	5.536138	41.08211	25.47002	1000.0	1000.0	1943999	2.6128082	0.35586435	18.088022	1.9718083	-2.6145623	0.0015069656	43647.76720166206
487	29.118639	6.2688603	39.907803	24.701223	26.598398	2.1579156	32.29192	24.51459	1000.0	1000.0	1947999	2.6387713	0.3782862	20.294067	1.7478945	-2.6407423	0.0015416062	43735.83556556702
488	29.426556	4.226674	36.318554	24.84727	27.829365	3.0796726	35.345753	24.735575	1000.0	1000.0	1951999	2.6438808	0.37915173	18.797886	1.9943583	-2.645169	0.0016331106	43823.648285627365
489	33.816956	8.350868	47.925697	27.502121	30.617306	4.814392	40.09556	25.474066	1000.0	1000.0	1955999	2.639758	0.40050107	20.185028	1.9908648	-2.64064	0.0020069443	43910.69398999214
490	31.552662	7.6035995	44.61757	25.663279	27.7202	1.5190775	30.292994	25.132238	1000.0	1000.0	1959999	2.5908062	0.39824066	18.250612	1.9945405	-2.5906024	0.0019013586	44000.555663347244
491	27.296438	1.4403301	29.161985	25.117008	28.419867	4.9821095	42.323227	24.786642	1000.0	1000.0	1963999	2.5629833	0.3822201	19.148962	1.9784265	-2.564108	0.0017319021	44092.71386742592
492	30.772701	3.1310062	35.96129	27.864351	26.230337	1.7380979	29.124603	24.037382	1000.0	1000.0	1967999	2.5716212	0.38019934	17.178259	1.9926257	-2.5742066	0.0015842809	44184.87550377846
493	26.856674	1.3601264	28.511133	25.4114	28.194056	4.2210536	35.659916	21.394289	1000.0	1000.0	1971999	2.6038272	0.38737148	19.061377	2.0061092	-2.6054702	0.0018877637	44274.0817053318
494	28.849201	0.6211871	29.371546	27.817204	27.381525	2.0295336	31.003807	24.842394	1000.0	1000.0	1975999	2.5963774	0.39520717	18.774466	1.9459438	-2.5966997	0.0021291678	44362.290919065475
495	27.192627	2.8403103	32.089325	25.261423	24.729794	4.98786	29.35987	10.32167	1000.0	1000.0	1979999	2.5778224	0.38006064	18.742498	2.0280592	-2.5786366	0.0019697726	44448.0719101429
496	28.249691	0.7436675	29.484566	27.50008	26.706522	2.646017	34.101128	25.186289	1000.0	1000.0	1983999	2.5731473	0.3844561	16.853807	1.7882457	-2.5743494	0.0018933208	44533.19217300415
497	28.722536	2.5717232	32.385807	25.279392	27.776178	3.8812923	39.131596	25.33984	1000.0	1000.0	1987999	2.5689342	0.39460522	17.793169	2.0253532	-2.56952	0.0017464134	44619.62649655342
498	28.219711	1.2285951	29.71764	26.318787	26.262445	2.0081723	30.282276	24.730978	1000.0	1000.0	1991999	2.557548	0.39407727	18.108986	2.0257232	-2.5580719	0.0019264105	44715.23578929901
499	27.390024	1.1361961	28.648378	26.045607	26.956364	1.4700506	29.46118	25.063988	1000.0	1000.0	1995999	2.5483456	0.39769498	19.619825	2.020758	-2.5491543	0.001983333	44805.07741045952
500	26.24714	0.7402943	27.41591	25.517696	27.987606	6.3509707	46.87598	24.950611	1000.0	1000.0	1999999	2.535792	0.39037326	18.2237	2.0172088	-2.5366533	0.0018573214	44895.27017855644
