Epoch	AverageEpRet	StdEpRet	MaxEpRet	MinEpRet	AverageTestEpRet	StdTestEpRet	MaxTestEpRet	MinTestEpRet	EpLen	TestEpLen	TotalEnvInteracts	AverageQVals	StdQVals	MaxQVals	MinQVals	LossPi	LossQ	Time
1	0.25	0.4330127	1.0	0.0	0.1	0.29999998	1.0	0.0	1000.0	1000.0	3999	0.20051701	0.06339891	0.7448631	-0.47717547	-0.21957353	0.0003151539	45.102805614471436
2	0.0	0.0	0.0	0.0	1.6	3.231099	9.0	0.0	1000.0	1000.0	7999	0.2929741	0.041283872	1.6854475	0.13292015	-0.2997146	0.000106123065	102.06861329078674
3	0.0	0.0	0.0	0.0	0.0	0.0	0.0	0.0	1000.0	1000.0	11999	0.30993682	0.020524956	1.7436758	0.23578244	-0.3113363	3.155061e-05	160.09990215301514
4	0.0	0.0	0.0	0.0	0.0	0.0	0.0	0.0	1000.0	1000.0	15999	0.26147017	0.017478164	1.882558	0.1941001	-0.2622395	8.080866e-05	218.96243047714233
5	0.0	0.0	0.0	0.0	0.0	0.0	0.0	0.0	1000.0	1000.0	19999	0.21678925	0.014903843	1.6178064	0.1936586	-0.21658838	7.953195e-06	278.3885552883148
6	0.0	0.0	0.0	0.0	0.0	0.0	0.0	0.0	1000.0	1000.0	23999	0.17843078	0.010559007	1.7345545	0.1586775	-0.17845227	4.688669e-05	337.83218359947205
7	0.0	0.0	0.0	0.0	0.0	0.0	0.0	0.0	1000.0	1000.0	27999	0.14646257	0.008192481	0.1620859	0.13230498	-0.14645737	4.5301742e-05	397.89865350723267
8	0.0	0.0	0.0	0.0	0.0	0.0	0.0	0.0	1000.0	1000.0	31999	0.12056121	0.006792701	0.13335976	0.108196706	-0.12055703	3.2753305e-05	458.6370930671692
9	0.0	0.0	0.0	0.0	0.0	0.0	0.0	0.0	1000.0	1000.0	35999	0.099337555	0.0056236386	0.111615814	0.089075945	-0.099334694	2.7704782e-05	519.4902787208557
10	0.0	0.0	0.0	0.0	0.0	0.0	0.0	0.0	1000.0	1000.0	39999	0.0819888	0.004498997	0.09292913	0.07441283	-0.081986524	4.0280043e-05	581.0754809379578
11	0.75	1.299038	3.0	0.0	0.0	0.0	0.0	0.0	1000.0	1000.0	43999	0.06794657	0.0035962516	0.07730381	0.06074004	-0.067945085	5.2826035e-05	642.7988393306732
12	0.0	0.0	0.0	0.0	0.0	0.0	0.0	0.0	1000.0	1000.0	47999	0.057230536	0.0027477138	0.06429318	0.050970808	-0.057229172	0.00010288237	704.7266798019409
13	0.0	0.0	0.0	0.0	0.0	0.0	0.0	0.0	1000.0	1000.0	51999	0.048555233	0.0023756311	0.054221194	0.04268819	-0.048554495	9.2919356e-05	766.6914706230164
14	0.0	0.0	0.0	0.0	0.0	0.0	0.0	0.0	1000.0	1000.0	55999	0.041155014	0.0020731308	0.04668136	0.036929887	-0.041154284	6.281798e-05	829.214396238327
15	0.0	0.0	0.0	0.0	0.0	0.0	0.0	0.0	1000.0	1000.0	59999	0.03502875	0.0015636858	0.03997998	0.03161404	-0.035028312	8.288233e-05	895.2125155925751
16	0.0	0.0	0.0	0.0	0.0	0.0	0.0	0.0	1000.0	1000.0	63999	0.029956836	0.0015339233	0.034802914	0.02607505	-0.029956568	4.7756716e-05	964.4607832431793
17	0.0	0.0	0.0	0.0	0.0	0.0	0.0	0.0	1000.0	1000.0	67999	0.025521724	0.0012367782	0.030446632	0.021933507	-0.025522068	6.532741e-05	1039.1303253173828
18	0.0	0.0	0.0	0.0	0.0	0.0	0.0	0.0	1000.0	1000.0	71999	0.021761369	0.0011095362	0.026148709	0.01836583	-0.021761354	3.77227e-05	1118.7528138160706
19	0.0	0.0	0.0	0.0	0.0	0.0	0.0	0.0	1000.0	1000.0	75999	0.018637653	0.00091080624	0.022730395	0.015779933	-0.018637959	4.778274e-05	1201.1398766040802
20	0.0	0.0	0.0	0.0	0.0	0.0	0.0	0.0	1000.0	1000.0	79999	0.016390929	0.0007385204	0.020666232	0.013634433	-0.016391035	7.53615e-05	1284.137136220932
21	0.0	0.0	0.0	0.0	0.0	0.0	0.0	0.0	1000.0	1000.0	83999	0.014593903	0.00074850715	0.017955609	0.012167732	-0.014594379	5.2782812e-05	1367.4672667980194
22	0.0	0.0	0.0	0.0	0.0	0.0	0.0	0.0	1000.0	1000.0	87999	0.013092021	0.0006982385	0.017966328	0.0105126435	-0.013092487	6.784474e-05	1451.044246673584
23	0.0	0.0	0.0	0.0	0.0	0.0	0.0	0.0	1000.0	1000.0	91999	0.01159608	0.0006394105	0.01566491	0.009197764	-0.011596287	3.0186158e-05	1534.094337463379
24	0.0	0.0	0.0	0.0	0.0	0.0	0.0	0.0	1000.0	1000.0	95999	0.010298327	0.0006126775	0.014064658	0.007895992	-0.010299102	5.527902e-05	1617.3124136924744
25	0.0	0.0	0.0	0.0	0.0	0.0	0.0	0.0	1000.0	1000.0	99999	0.009387599	0.00059113186	0.013090892	0.0070430883	-0.009387129	4.7769314e-05	1700.4305973052979
26	0.0	0.0	0.0	0.0	0.0	0.0	0.0	0.0	1000.0	1000.0	103999	0.008550829	0.00055462914	0.011706661	0.006428922	-0.008551334	5.0280538e-05	1783.5695023536682
27	0.0	0.0	0.0	0.0	0.0	0.0	0.0	0.0	1000.0	1000.0	107999	0.007606758	0.0005128022	0.011283212	0.0050039417	-0.0076069613	3.270591e-05	1866.6099309921265
28	0.0	0.0	0.0	0.0	0.0	0.0	0.0	0.0	1000.0	1000.0	111999	0.006788004	0.0005002842	0.01047109	0.0038860007	-0.006788434	3.0205327e-05	1949.5306553840637
29	0.0	0.0	0.0	0.0	0.0	0.0	0.0	0.0	1000.0	1000.0	115999	0.0064171497	0.0005096097	0.009501435	0.0043181125	-0.0064174547	4.5268538e-05	2032.479561805725
30	0.0	0.0	0.0	0.0	0.0	0.0	0.0	0.0	1000.0	1000.0	119999	0.0059668	0.00047974187	0.00924286	0.0036725781	-0.0059675975	3.272499e-05	2115.866718530655
31	0.0	0.0	0.0	0.0	0.0	0.0	0.0	0.0	1000.0	1000.0	123999	0.0053892937	0.00044780938	0.008913188	0.00316958	-0.00538942	2.7696382e-05	2199.0549054145813
32	0.0	0.0	0.0	0.0	0.0	0.0	0.0	0.0	1000.0	1000.0	127999	0.004980293	0.00046577805	0.008549788	0.0025031446	-0.0049805287	3.2715223e-05	2282.1346230506897
33	0.0	0.0	0.0	0.0	0.0	0.0	0.0	0.0	1000.0	1000.0	131999	0.004626824	0.00045771475	0.008134574	0.002003136	-0.0046273093	2.7701752e-05	2365.2252295017242
34	0.0	0.0	0.0	0.0	0.0	0.0	0.0	0.0	1000.0	1000.0	135999	0.004223419	0.0003917839	0.007859158	0.001495926	-0.0042236825	1.7649636e-05	2448.398376226425
35	0.0	0.0	0.0	0.0	0.0	0.0	0.0	0.0	1000.0	1000.0	139999	0.0038519148	0.00037905626	0.007680028	0.0014599076	-0.00385227	1.76236e-05	2531.8081982135773
36	0.0	0.0	0.0	0.0	0.0	0.0	0.0	0.0	1000.0	1000.0	143999	0.0035888662	0.00051496015	0.008081524	0.0005027422	-0.003588836	4.2780437e-05	2615.173802137375
37	0.0	0.0	0.0	0.0	0.0	0.0	0.0	0.0	1000.0	1000.0	147999	0.0035956854	0.00043683196	0.006976443	0.0013372533	-0.0035959324	2.7691982e-05	2698.4592773914337
38	0.0	0.0	0.0	0.0	0.0	0.0	0.0	0.0	1000.0	1000.0	151999	0.0034577788	0.00041882863	0.006944941	0.0010748703	-0.0034580075	2.5190384e-05	2781.829784154892
39	0.0	0.0	0.0	0.0	0.0	0.0	0.0	0.0	1000.0	1000.0	155999	0.0031334457	0.00032668276	0.007271817	0.00032725316	-0.0031335307	1.010461e-05	2865.22163438797
40	0.0	0.0	0.0	0.0	0.0	0.0	0.0	0.0	1000.0	1000.0	159999	0.0029147244	0.00042563895	0.0069380393	0.00031560007	-0.0029148292	2.2684771e-05	2949.114156961441
41	0.0	0.0	0.0	0.0	0.0	0.0	0.0	0.0	1000.0	1000.0	163999	0.0029229587	0.00045762278	0.0066420278	0.00031333414	-0.0029232707	3.0206917e-05	3032.8745534420013
42	0.0	0.0	0.0	0.0	0.0	0.0	0.0	0.0	1000.0	1000.0	167999	0.002859767	0.00043706884	0.006677402	0.0003656833	-0.002860103	3.021121e-05	3116.2630388736725
43	0.0	0.0	0.0	0.0	0.0	0.0	0.0	0.0	1000.0	1000.0	171999	0.0027535865	0.00039365838	0.0072753625	4.4474225e-05	-0.0027535667	1.7656765e-05	3199.849952697754
44	0.0	0.0	0.0	0.0	0.0	0.0	0.0	0.0	1000.0	1000.0	175999	0.0026366755	0.000394158	0.006328195	0.00013260031	-0.0026368801	2.2663813e-05	3283.3408834934235
45	0.0	0.0	0.0	0.0	0.0	0.0	0.0	0.0	1000.0	1000.0	179999	0.0026138849	0.0004270613	0.0064204726	-2.9044139e-05	-0.0026141705	2.5187117e-05	3366.735790491104
46	0.0	0.0	0.0	0.0	0.0	0.0	0.0	0.0	1000.0	1000.0	183999	0.0024758764	0.00038385647	0.006747686	-0.00048784626	-0.0024762142	1.765227e-05	3450.1978862285614
47	0.0	0.0	0.0	0.0	0.0	0.0	0.0	0.0	1000.0	1000.0	187999	0.002382884	0.00040235	0.006496569	-0.0001829222	-0.0023828126	2.0156813e-05	3533.498391389847
48	0.0	0.0	0.0	0.0	0.0	0.0	0.0	0.0	1000.0	1000.0	191999	0.0024529847	0.0004074613	0.0066151717	-0.0005182449	-0.0024535388	2.2667058e-05	3616.9909093379974
49	0.0	0.0	0.0	0.0	0.0	0.0	0.0	0.0	1000.0	1000.0	195999	0.0023113142	0.0003959786	0.006157761	-0.00031406755	-0.002311609	2.0160702e-05	3700.3224890232086
50	0.0	0.0	0.0	0.0	0.0	0.0	0.0	0.0	1000.0	1000.0	199999	0.0022532123	0.0003893404	0.006356184	-0.00067817693	-0.0022536954	1.766607e-05	3783.901265859604
51	0.0	0.0	0.0	0.0	0.0	0.0	0.0	0.0	1000.0	1000.0	203999	0.0022210053	0.00039022003	0.005968403	-0.0003018645	-0.0022211093	2.01577e-05	3867.0715560913086
52	0.0	0.0	0.0	0.0	0.0	0.0	0.0	0.0	1000.0	1000.0	207999	0.0020504491	0.0003167453	0.006570101	-0.0011544451	-0.0020505376	1.0102626e-05	3950.399305820465
53	0.0	0.0	0.0	0.0	0.0	0.0	0.0	0.0	1000.0	1000.0	211999	0.0019560526	0.00041679374	0.006367544	-0.0010967569	-0.0019562135	2.5171888e-05	4033.6710855960846
54	0.0	0.0	0.0	0.0	0.0	0.0	0.0	0.0	1000.0	1000.0	215999	0.001993705	0.00033047594	0.0065943636	-0.0013940048	-0.0019938012	1.2605933e-05	4116.674662351608
55	0.0	0.0	0.0	0.0	0.0	0.0	0.0	0.0	1000.0	1000.0	219999	0.0020631554	0.00045781548	0.0055034854	-0.00031350838	-0.0020634546	3.0205e-05	4200.051735877991
56	0.0	0.0	0.0	0.0	0.0	0.0	0.0	0.0	1000.0	1000.0	223999	0.0021389993	0.0003697629	0.005902554	-0.00036545828	-0.0021393	1.7638937e-05	4283.306001424789
57	0.0	0.0	0.0	0.0	0.0	0.0	0.0	0.0	1000.0	1000.0	227999	0.0019709568	0.0003681199	0.0065091546	-0.0011610007	-0.0019711866	1.5139639e-05	4366.670804977417
58	0.0	0.0	0.0	0.0	0.0	0.0	0.0	0.0	1000.0	1000.0	231999	0.0019418431	0.00033259395	0.0062420354	-0.0010507485	-0.0019418218	1.2609808e-05	4450.0613532066345
59	0.0	0.0	0.0	0.0	0.0	0.0	0.0	0.0	1000.0	1000.0	235999	0.0017562865	0.00029318774	0.006197678	-0.0012637067	-0.0017564925	7.58605e-06	4533.201171636581
60	0.0	0.0	0.0	0.0	0.0	0.0	0.0	0.0	1000.0	1000.0	239999	0.0016914236	0.0003922172	0.0062466105	-0.0015662583	-0.0016919122	1.7660019e-05	4616.344384908676
61	0.0	0.0	0.0	0.0	0.0	0.0	0.0	0.0	1000.0	1000.0	243999	0.001753586	0.00040103743	0.005709731	-0.0010257806	-0.0017539477	2.2670483e-05	4699.729422092438
62	0.0	0.0	0.0	0.0	0.0	0.0	0.0	0.0	1000.0	1000.0	247999	0.0017531165	0.00032744822	0.0061722267	-0.0013411901	-0.0017533059	1.2607995e-05	4783.071611404419
63	0.0	0.0	0.0	0.0	0.0	0.0	0.0	0.0	1000.0	1000.0	251999	0.0016535774	0.00038804126	0.0059333895	-0.0012772831	-0.0016536672	1.765087e-05	4866.325398683548
64	0.0	0.0	0.0	0.0	0.0	0.0	0.0	0.0	1000.0	1000.0	255999	0.0017033111	0.00035663263	0.0054748473	-0.00079634046	-0.0017033825	1.5131731e-05	4949.495524406433
65	0.0	0.0	0.0	0.0	0.0	0.0	0.0	0.0	1000.0	1000.0	259999	0.0016956262	0.0003653228	0.005782189	-0.0010944118	-0.0016957426	1.5135568e-05	5032.931807041168
66	0.0	0.0	0.0	0.0	0.0	0.0	0.0	0.0	1000.0	1000.0	263999	0.0015737059	0.0002855394	0.005879143	-0.0012922612	-0.0015737364	7.5784437e-06	5116.461766004562
67	0.0	0.0	0.0	0.0	0.0	0.0	0.0	0.0	1000.0	1000.0	267999	0.0015590664	0.00042465012	0.005838125	-0.0014018266	-0.0015595164	2.0185205e-05	5199.857323408127
68	0.0	0.0	0.0	0.0	0.0	0.0	0.0	0.0	1000.0	1000.0	271999	0.0015852322	0.00037821068	0.005597122	-0.0011870937	-0.0015854344	1.7635693e-05	5283.271176338196
69	0.0	0.0	0.0	0.0	0.0	0.0	0.0	0.0	1000.0	1000.0	275999	0.0014537048	8.415072e-05	0.0016164848	0.0013121525	-0.0014536973	1.1472553e-11	5367.014843463898
70	0.0	0.0	0.0	0.0	0.0	0.0	0.0	0.0	1000.0	1000.0	279999	0.0013839671	0.00043525145	0.0062812804	-0.0021515961	-0.0013841379	2.0188252e-05	5450.173129320145
71	0.0	0.0	0.0	0.0	0.0	0.0	0.0	0.0	1000.0	1000.0	283999	0.0014536548	0.0003860753	0.0051745535	-0.0010160282	-0.0014539232	1.765175e-05	5533.32293009758
72	0.0	0.0	0.0	0.0	0.0	0.0	0.0	0.0	1000.0	1000.0	287999	0.0014271613	0.00023834048	0.00583618	-0.0015386927	-0.0014273699	5.0597637e-06	5616.574183940887
73	0.0	0.0	0.0	0.0	0.0	0.0	0.0	0.0	1000.0	1000.0	291999	0.0013632636	0.00043981412	0.009501774	-0.0038205946	-0.0013632796	1.5177938e-05	5699.831801176071
74	0.0	0.0	0.0	0.0	0.0	0.0	0.0	0.0	1000.0	1000.0	295999	0.001451257	0.0003743115	0.0052321707	-0.0010148023	-0.0014514648	1.7642253e-05	5783.486044168472
75	0.0	0.0	0.0	0.0	0.0	0.0	0.0	0.0	1000.0	1000.0	299999	0.0014273714	0.00025815112	0.005094045	-0.0009291544	-0.0014273563	7.570568e-06	5866.874362945557
76	0.0	0.0	0.0	0.0	0.0	0.0	0.0	0.0	1000.0	1000.0	303999	0.0012421638	0.00030773948	0.006192351	-0.0022346303	-0.001242449	7.5963158e-06	5950.293050527573
77	0.0	0.0	0.0	0.0	0.0	0.0	0.0	0.0	1000.0	1000.0	307999	0.0013208886	0.000405349	0.0066968934	-0.001993813	-0.0013211165	1.7651038e-05	6033.74750828743
78	0.0	0.0	0.0	0.0	0.0	0.0	0.0	0.0	1000.0	1000.0	311999	0.0013239004	0.00036898887	0.0053032553	-0.0013618658	-0.0013239777	1.5137462e-05	6117.554779291153
79	0.0	0.0	0.0	0.0	0.1	0.29999998	1.0	0.0	1000.0	1000.0	315999	0.0013070583	0.00028858258	0.0056654154	-0.0016267558	-0.0013071024	7.5813914e-06	6200.865298986435
80	0.0	0.0	0.0	0.0	0.0	0.0	0.0	0.0	1000.0	1000.0	319999	0.001167213	0.00026161107	0.0060155024	-0.0021915603	-0.0011672504	5.068451e-06	6284.077347517014
81	0.0	0.0	0.0	0.0	0.0	0.0	0.0	0.0	1000.0	1000.0	323999	0.0012136035	0.000393825	0.0053202063	-0.0016684916	-0.0012138331	1.7656286e-05	6367.314356327057
82	0.0	0.0	0.0	0.0	0.0	0.0	0.0	0.0	1000.0	1000.0	327999	0.0013336635	0.0003876953	0.0051861815	-0.0011898528	-0.0013338177	1.7656328e-05	6450.661855220795
83	0.0	0.0	0.0	0.0	0.0	0.0	0.0	0.0	1000.0	1000.0	331999	0.0012529254	0.00029445358	0.005865162	-0.0018597557	-0.001252984	7.5875037e-06	6534.228368520737
84	0.0	0.0	0.0	0.0	0.0	0.0	0.0	0.0	1000.0	1000.0	335999	0.0012004499	0.00027972067	0.005487854	-0.0016541627	-0.0012005079	7.5782073e-06	6617.5608150959015
85	0.0	0.0	0.0	0.0	0.0	0.0	0.0	0.0	1000.0	1000.0	339999	0.0012235881	0.00042014153	0.005802922	-0.0020471115	-0.001223799	2.0181478e-05	6700.931281805038
86	0.0	0.0	0.0	0.0	0.0	0.0	0.0	0.0	1000.0	1000.0	343999	0.0011966327	0.0001879617	0.005823155	-0.0019765387	-0.0011967632	2.5378959e-06	6784.236317396164
87	0.0	0.0	0.0	0.0	0.0	0.0	0.0	0.0	1000.0	1000.0	347999	0.0010223942	0.00020024781	0.0059593394	-0.0024942216	-0.0010224851	2.539053e-06	6867.391383647919
88	0.0	0.0	0.0	0.0	0.0	0.0	0.0	0.0	1000.0	1000.0	351999	0.0009307765	0.00033622107	0.00572596	-0.0024069946	-0.00093092385	1.0113181e-05	6950.694831132889
89	0.0	0.0	0.0	0.0	0.0	0.0	0.0	0.0	1000.0	1000.0	355999	0.00096823554	0.000281113	0.00542583	-0.0020121634	-0.00096838013	7.580016e-06	7033.846260309219
90	0.0	0.0	0.0	0.0	0.0	0.0	0.0	0.0	1000.0	1000.0	359999	0.000871002	0.00024445145	0.0057549137	-0.002582288	-0.0008706073	5.060321e-06	7117.073112726212
91	0.0	0.0	0.0	0.0	0.0	0.0	0.0	0.0	1000.0	1000.0	363999	0.0008749205	0.00035908096	0.0052651865	-0.0020922732	-0.00087551604	1.2631044e-05	7200.421587467194
92	0.0	0.0	0.0	0.0	0.0	0.0	0.0	0.0	1000.0	1000.0	367999	0.00089269684	0.00023905437	0.0054952437	-0.0022846297	-0.0008926152	5.0580124e-06	7283.6222858428955
93	0.0	0.0	0.0	0.0	0.0	0.0	0.0	0.0	1000.0	1000.0	371999	0.0009058735	0.00033336823	0.00519989	-0.0019729075	-0.0009063537	1.0114002e-05	7366.754365444183
94	0.0	0.0	0.0	0.0	0.0	0.0	0.0	0.0	1000.0	1000.0	375999	0.0009892741	0.00036874163	0.005229084	-0.0018699453	-0.0009893705	1.5135254e-05	7449.840829849243
95	0.0	0.0	0.0	0.0	0.2	0.59999996	2.0	0.0	1000.0	1000.0	379999	0.0011952919	0.00038993132	0.004734316	-0.0012707111	-0.0011956242	2.014701e-05	7532.8428773880005
96	0.0	0.0	0.0	0.0	0.0	0.0	0.0	0.0	1000.0	1000.0	383999	0.0011346339	0.0003004661	0.005806415	-0.0021397276	-0.0011347227	7.590022e-06	7615.787507534027
97	0.0	0.0	0.0	0.0	0.0	0.0	0.0	0.0	1000.0	1000.0	387999	0.0010870633	0.00031676987	0.0054918188	-0.0018616869	-0.0010872338	1.0093465e-05	7698.990898609161
98	0.0	0.0	0.0	0.0	0.0	0.0	0.0	0.0	1000.0	1000.0	391999	0.0011322882	0.0003759746	0.0053974283	-0.0017708634	-0.0011324186	1.5140869e-05	7782.3510410785675
99	0.0	0.0	0.0	0.0	0.0	0.0	0.0	0.0	1000.0	1000.0	395999	0.0011052641	0.00016528736	0.0050605047	-0.0013889889	-0.0011052089	2.5244713e-06	7865.504625797272
100	0.0	0.0	0.0	0.0	0.0	0.0	0.0	0.0	1000.0	1000.0	399999	0.0010600411	0.00037573357	0.005933346	-0.002499323	-0.0010601304	1.5143374e-05	7948.646992444992
101	0.0	0.0	0.0	0.0	0.0	0.0	0.0	0.0	1000.0	1000.0	403999	0.0010575966	0.00027954354	0.00583627	-0.0023411624	-0.0010576132	7.5776265e-06	8031.76190662384
102	0.0	0.0	0.0	0.0	0.0	0.0	0.0	0.0	1000.0	1000.0	407999	0.0010393944	0.00035800843	0.005659624	-0.0021595017	-0.0010396017	1.2630022e-05	8115.104168891907
103	0.0	0.0	0.0	0.0	0.0	0.0	0.0	0.0	1000.0	1000.0	411999	0.0010423068	0.00023641718	0.005376329	-0.0018543135	-0.0010423465	5.0551175e-06	8198.506002187729
104	0.0	0.0	0.0	0.0	0.0	0.0	0.0	0.0	1000.0	1000.0	415999	0.0010334034	0.000357658	0.0055359905	-0.0020643063	-0.0010337237	1.2632819e-05	8281.830511808395
105	0.0	0.0	0.0	0.0	0.0	0.0	0.0	0.0	1000.0	1000.0	419999	0.0010661398	0.00032335857	0.0055309255	-0.0019458663	-0.0010663683	1.0107728e-05	8364.85516667366
106	0.0	0.0	0.0	0.0	0.0	0.0	0.0	0.0	1000.0	1000.0	423999	0.0009649974	0.00018964564	0.005726637	-0.0023193343	-0.0009651108	2.5363606e-06	8448.175711393356
107	0.0	0.0	0.0	0.0	0.0	0.0	0.0	0.0	1000.0	1000.0	427999	0.00088757585	0.00033588838	0.005730245	-0.0024716398	-0.0008877058	1.009397e-05	8531.200850248337
108	0.0	0.0	0.0	0.0	0.0	0.0	0.0	0.0	1000.0	1000.0	431999	0.0009509474	0.0002887264	0.0069796494	-0.002927197	-0.00095115113	7.564823e-06	8614.474971532822
109	0.0	0.0	0.0	0.0	0.0	0.0	0.0	0.0	1000.0	1000.0	435999	0.0010392618	0.00042883374	0.0056503923	-0.0023420001	-0.0010393829	2.0180554e-05	8697.630367994308
110	0.0	0.0	0.0	0.0	0.0	0.0	0.0	0.0	1000.0	1000.0	439999	0.0010755314	0.00026879951	0.005235814	-0.0017345151	-0.0010756572	7.572241e-06	8781.15773177147
111	0.0	0.0	0.0	0.0	0.0	0.0	0.0	0.0	1000.0	1000.0	443999	0.0012354306	0.00045911036	0.0071946047	-0.002285089	-0.0012356063	2.2699658e-05	8864.257630586624
112	0.0	0.0	0.0	0.0	0.0	0.0	0.0	0.0	1000.0	1000.0	447999	0.0012125815	0.0002844152	0.005655185	-0.0017327343	-0.0012126854	7.58212e-06	8947.478051662445
113	0.0	0.0	0.0	0.0	0.0	0.0	0.0	0.0	1000.0	1000.0	451999	0.0011623554	0.00033099184	0.0056252046	-0.0017779069	-0.0011624708	1.0113327e-05	9030.760762929916
114	0.0	0.0	0.0	0.0	0.0	0.0	0.0	0.0	1000.0	1000.0	455999	0.0011687619	0.0003747344	0.005309901	-0.0016676981	-0.0011688552	1.5139311e-05	9113.903847455978
115	0.0	0.0	0.0	0.0	0.0	0.0	0.0	0.0	1000.0	1000.0	459999	0.0011668283	0.00031966798	0.005660587	-0.0018634059	-0.0011669545	1.0101391e-05	9197.146503686905
116	0.0	0.0	0.0	0.0	0.0	0.0	0.0	0.0	1000.0	1000.0	463999	0.0012828073	0.00042823155	0.0050523216	-0.0013228026	-0.0012828838	2.2675113e-05	9281.023227453232
117	0.0	0.0	0.0	0.0	0.0	0.0	0.0	0.0	1000.0	1000.0	467999	0.001278886	0.00024808478	0.0058134766	-0.0017607836	-0.0012790681	5.0618987e-06	9364.334113359451
118	0.0	0.0	0.0	0.0	0.0	0.0	0.0	0.0	1000.0	1000.0	471999	0.0012963203	0.0003964499	0.0054145767	-0.0015561595	-0.0012965162	1.766017e-05	9447.448286533356
119	0.0	0.0	0.0	0.0	0.0	0.0	0.0	0.0	1000.0	1000.0	475999	0.0013657883	0.000391732	0.005450011	-0.0014284344	-0.0013658782	1.7654273e-05	9530.717222690582
120	0.0	0.0	0.0	0.0	0.0	0.0	0.0	0.0	1000.0	1000.0	479999	0.0013765394	0.000341301	0.005836778	-0.0016849784	-0.0013766527	1.2618013e-05	9613.680958032608
121	0.0	0.0	0.0	0.0	0.0	0.0	0.0	0.0	1000.0	1000.0	483999	0.00144158	0.00035469286	0.00547401	-0.0013007259	-0.0014417504	1.5129615e-05	9696.700779438019
122	0.0	0.0	0.0	0.0	0.0	0.0	0.0	0.0	1000.0	1000.0	487999	0.0013373317	0.0003012627	0.0057985545	-0.0016733321	-0.0013373663	7.5896064e-06	9779.90621972084
123	0.0	0.0	0.0	0.0	0.0	0.0	0.0	0.0	1000.0	1000.0	491999	0.0013425854	0.00036381505	0.0055898232	-0.0015686636	-0.0013431623	1.5132123e-05	9863.154765844345
124	0.0	0.0	0.0	0.0	0.0	0.0	0.0	0.0	1000.0	1000.0	495999	0.0012823917	0.00032831525	0.0056156754	-0.0016361065	-0.0012820176	1.0109052e-05	9946.70672750473
125	0.0	0.0	0.0	0.0	0.3	0.90000004	3.0	0.0	1000.0	1000.0	499999	0.001303974	0.0003283907	0.0054232697	-0.0015528915	-0.0013040389	1.2608456e-05	10030.065949678421
126	0.0	0.0	0.0	0.0	0.0	0.0	0.0	0.0	1000.0	1000.0	503999	0.0012193671	0.00032284003	0.0060398933	-0.0022244256	-0.0012196256	1.010606e-05	10113.520675182343
127	0.0	0.0	0.0	0.0	0.0	0.0	0.0	0.0	1000.0	1000.0	507999	0.0012086304	0.0002689184	0.005194304	-0.0014115667	-0.0012087766	7.5737876e-06	10196.833616495132
128	0.0	0.0	0.0	0.0	0.0	0.0	0.0	0.0	1000.0	1000.0	511999	0.0011569387	0.00031802413	0.005934454	-0.0022405763	-0.0011570064	1.0101254e-05	10280.098364830017
129	0.0	0.0	0.0	0.0	0.0	0.0	0.0	0.0	1000.0	1000.0	515999	0.0010352485	0.00025697675	0.005945085	-0.0024445315	-0.0010353337	5.066775e-06	10363.369924783707
130	0.0	0.0	0.0	0.0	0.0	0.0	0.0	0.0	1000.0	1000.0	519999	0.0009578386	0.0002581346	0.005686189	-0.0023649365	-0.00095799007	5.066283e-06	10447.083156347275
131	0.0	0.0	0.0	0.0	0.0	0.0	0.0	0.0	1000.0	1000.0	523999	0.00092838187	0.0002292797	0.005487705	-0.0015851595	-0.0009285382	7.566171e-06	10530.433944940567
132	0.0	0.0	0.0	0.0	0.0	0.0	0.0	0.0	1000.0	1000.0	527999	0.0008621171	0.0002988009	0.005752476	-0.002578976	-0.00086222606	7.5903827e-06	10613.840170145035
133	0.0	0.0	0.0	0.0	0.0	0.0	0.0	0.0	1000.0	1000.0	531999	0.0007871359	4.5452834e-05	0.0009523558	0.00065980194	-0.0007872138	2.0317492e-09	10697.555873155594
134	0.0	0.0	0.0	0.0	0.0	0.0	0.0	0.0	1000.0	1000.0	535999	0.0007221399	0.00030504508	0.005690164	-0.0028032206	-0.0007223724	7.594848e-06	10781.047609329224
135	0.0	0.0	0.0	0.0	0.0	0.0	0.0	0.0	1000.0	1000.0	539999	0.0008554537	0.00039556	0.004833405	-0.0018142182	-0.00085551565	1.7653418e-05	10864.375853061676
136	0.0	0.0	0.0	0.0	0.0	0.0	0.0	0.0	1000.0	1000.0	543999	0.00082661235	0.00019726105	0.005721927	-0.0026808523	-0.0008265597	2.5408199e-06	10947.72397017479
137	0.25	0.4330127	1.0	0.0	0.0	0.0	0.0	0.0	1000.0	1000.0	547999	0.00082683424	0.00026574702	0.0050626826	-0.0020666567	-0.0008270431	7.569092e-06	11031.183461666107
138	0.0	0.0	0.0	0.0	0.0	0.0	0.0	0.0	1000.0	1000.0	551999	0.00082911697	0.00033480983	0.005552671	-0.0024795358	-0.0008292006	1.0113847e-05	11114.465750455856
139	0.0	0.0	0.0	0.0	0.0	0.0	0.0	0.0	1000.0	1000.0	555999	0.0008106605	0.00025209095	0.0054222625	-0.0023190998	-0.0008106589	5.0637163e-06	11197.704764842987
140	0.0	0.0	0.0	0.0	0.0	0.0	0.0	0.0	1000.0	1000.0	559999	0.0007644702	0.0002984898	0.0056186575	-0.0026618862	-0.0007644889	7.589901e-06	11281.028014659882
141	0.0	0.0	0.0	0.0	0.0	0.0	0.0	0.0	1000.0	1000.0	563999	0.0007751924	0.00028846576	0.0053315796	-0.0023284035	-0.0007752545	7.5834373e-06	11364.420517921448
142	0.0	0.0	0.0	0.0	0.0	0.0	0.0	0.0	1000.0	1000.0	567999	0.0008947498	0.00041922514	0.005559189	-0.002405081	-0.000894981	2.0158015e-05	11447.631039619446
143	0.0	0.0	0.0	0.0	0.0	0.0	0.0	0.0	1000.0	1000.0	571999	0.00107326	0.0003557457	0.0051933615	-0.0018152498	-0.0010734047	1.5124053e-05	11530.841730594635
144	0.0	0.0	0.0	0.0	0.0	0.0	0.0	0.0	1000.0	1000.0	575999	0.0010664097	0.0003534292	0.005837028	-0.0023467853	-0.0010664334	1.2620731e-05	11614.019282102585
145	0.0	0.0	0.0	0.0	0.0	0.0	0.0	0.0	1000.0	1000.0	579999	0.0010198992	5.8805632e-05	0.0011621093	0.00092121615	-0.0010198721	9.120394e-10	11697.399867773056
146	0.0	0.0	0.0	0.0	0.0	0.0	0.0	0.0	1000.0	1000.0	583999	0.00094441697	0.00034257455	0.00589139	-0.002570256	-0.0009444809	1.0116955e-05	11780.67156624794
147	0.0	0.0	0.0	0.0	0.0	0.0	0.0	0.0	1000.0	1000.0	587999	0.0009528952	0.00027417042	0.0050577647	-0.0017684168	-0.000952909	7.5769985e-06	11864.216710567474
148	0.0	0.0	0.0	0.0	0.0	0.0	0.0	0.0	1000.0	1000.0	591999	0.0008961844	0.0002508738	0.005520447	-0.0021397967	-0.00089640747	5.062878e-06	11947.866756677628
149	0.0	0.0	0.0	0.0	0.0	0.0	0.0	0.0	1000.0	1000.0	595999	0.00089656404	0.00036693361	0.005652051	-0.002474849	-0.00089665013	1.26353725e-05	12031.284650564194
150	0.0	0.0	0.0	0.0	0.0	0.0	0.0	0.0	1000.0	1000.0	599999	0.00088664657	0.00023704665	0.0052603455	-0.0020140926	-0.00088679424	5.056366e-06	12114.394938230515
151	0.0	0.0	0.0	0.0	0.0	0.0	0.0	0.0	1000.0	1000.0	603999	0.00085599534	0.00034075652	0.0056447093	-0.0024951473	-0.0008561311	1.0117147e-05	12198.029015302658
152	0.0	0.0	0.0	0.0	0.0	0.0	0.0	0.0	1000.0	1000.0	607999	0.0008014673	0.00019305765	0.005654097	-0.002605731	-0.0008015133	2.5373631e-06	12281.34850025177
153	0.0	0.0	0.0	0.0	0.0	0.0	0.0	0.0	1000.0	1000.0	611999	0.0007187649	0.00026290034	0.005626876	-0.0027195672	-0.0007188226	5.0693593e-06	12364.709362506866
154	0.0	0.0	0.0	0.0	0.0	0.0	0.0	0.0	1000.0	1000.0	615999	0.00068043923	0.0002467675	0.0055353106	-0.0027453175	-0.00068044296	5.060941e-06	12447.999543428421
155	0.0	0.0	0.0	0.0	0.0	0.0	0.0	0.0	1000.0	1000.0	619999	0.0008018343	0.00043790534	0.0052984282	-0.0023497595	-0.00080196786	2.0182753e-05	12531.338476896286
156	0.0	0.0	0.0	0.0	0.0	0.0	0.0	0.0	1000.0	1000.0	623999	0.00090486364	0.00028712096	0.0053643333	-0.0020639012	-0.0009049328	7.5834014e-06	12614.659848213196
157	0.0	0.0	0.0	0.0	0.0	0.0	0.0	0.0	1000.0	1000.0	627999	0.0009405677	0.0003470463	0.0052729878	-0.0020400276	-0.0009406457	1.261836e-05	12697.8458609581
158	0.0	0.0	0.0	0.0	0.0	0.0	0.0	0.0	1000.0	1000.0	631999	0.0009810443	0.00026987394	0.0050576823	-0.0017595384	-0.0009810379	7.5717558e-06	12781.2728869915
159	0.0	0.0	0.0	0.0	0.0	0.0	0.0	0.0	1000.0	1000.0	635999	0.0009505237	0.00028240122	0.005696075	-0.0023738625	-0.00095058884	7.5801563e-06	12864.609857320786
160	0.0	0.0	0.0	0.0	0.1	0.29999998	1.0	0.0	1000.0	1000.0	639999	0.0008511486	0.00019255684	0.0056741866	-0.0023829772	-0.0008513026	2.5346392e-06	12948.159767389297
161	0.0	0.0	0.0	0.0	0.0	0.0	0.0	0.0	1000.0	1000.0	643999	0.00075826165	0.00027481842	0.005742386	-0.002679549	-0.00075826055	5.075061e-06	13031.382547616959
162	0.0	0.0	0.0	0.0	0.0	0.0	0.0	0.0	1000.0	1000.0	647999	0.0007158565	0.00024614463	0.0054044086	-0.002502518	-0.00071591075	5.061052e-06	13114.674231290817
163	0.0	0.0	0.0	0.0	0.0	0.0	0.0	0.0	1000.0	1000.0	651999	0.0006577558	0.00024527282	0.0055972366	-0.0028476138	-0.00065794203	5.058622e-06	13198.036631584167
164	0.0	0.0	0.0	0.0	0.0	0.0	0.0	0.0	1000.0	1000.0	655999	0.0006386488	0.00029543022	0.005498312	-0.002784155	-0.000638718	7.586876e-06	13281.417313575745
165	0.0	0.0	0.0	0.0	0.0	0.0	0.0	0.0	1000.0	1000.0	659999	0.00063270796	0.00019209286	0.0054882434	-0.0027696495	-0.0006327099	2.5371328e-06	13364.855972290039
166	0.0	0.0	0.0	0.0	0.0	0.0	0.0	0.0	1000.0	1000.0	663999	0.000574195	0.00025155695	0.005509317	-0.0029137717	-0.00057420664	5.0633007e-06	13448.320437192917
167	0.0	0.0	0.0	0.0	0.0	0.0	0.0	0.0	1000.0	1000.0	667999	0.00072743185	0.00040364824	0.004902909	-0.0019263051	-0.00072750886	1.7662707e-05	13531.57358455658
168	0.0	0.0	0.0	0.0	0.0	0.0	0.0	0.0	1000.0	1000.0	671999	0.0009035475	0.00036093488	0.0049673724	-0.0019773298	-0.00090374	1.5127677e-05	13614.939931631088
169	0.0	0.0	0.0	0.0	0.0	0.0	0.0	0.0	1000.0	1000.0	675999	0.0009228736	0.0003002342	0.0056492575	-0.0024070167	-0.00092297065	7.591853e-06	13698.413856983185
170	0.5	0.8660254	2.0	0.0	0.0	0.0	0.0	0.0	1000.0	1000.0	679999	0.000952083	0.00034204804	0.005017982	-0.0018510956	-0.00095212995	1.2615329e-05	13781.785681724548
171	0.0	0.0	0.0	0.0	0.0	0.0	0.0	0.0	1000.0	1000.0	683999	0.00095574034	0.00033245256	0.005546466	-0.002208837	-0.00095583923	1.0110576e-05	13864.933086633682
172	0.0	0.0	0.0	0.0	0.0	0.0	0.0	0.0	1000.0	1000.0	687999	0.0010574096	0.00035761282	0.005281086	-0.0017916427	-0.0010575306	1.5128603e-05	13948.069943666458
173	0.0	0.0	0.0	0.0	0.0	0.0	0.0	0.0	1000.0	1000.0	691999	0.0009917825	0.00025604485	0.0058338647	-0.0024398812	-0.0009918708	5.0656986e-06	14031.247022867203
174	0.0	0.0	0.0	0.0	0.0	0.0	0.0	0.0	1000.0	1000.0	695999	0.0009972237	0.00034797488	0.0051579047	-0.0018269634	-0.000997349	1.2620728e-05	14114.424816846848
175	0.0	0.0	0.0	0.0	0.0	0.0	0.0	0.0	1000.0	1000.0	699999	0.0010269468	0.00028313097	0.005731508	-0.0022952731	-0.0010269427	7.578385e-06	14197.696261644363
176	0.0	0.0	0.0	0.0	0.0	0.0	0.0	0.0	1000.0	1000.0	703999	0.0009974543	0.0003265575	0.0055697067	-0.0021391308	-0.0009975358	1.0105462e-05	14281.015361785889
177	0.0	0.0	0.0	0.0	0.0	0.0	0.0	0.0	1000.0	1000.0	707999	0.0009813516	0.00021001251	0.004539257	-0.0012899395	-0.0009813868	5.041003e-06	14364.316109418869
178	0.0	0.0	0.0	0.0	0.1	0.29999998	1.0	0.0	1000.0	1000.0	711999	0.0010357234	0.0004316992	0.005799222	-0.002490996	-0.0010357803	2.0181737e-05	14447.762794971466
179	0.0	0.0	0.0	0.0	0.0	0.0	0.0	0.0	1000.0	1000.0	715999	0.0012989417	0.00045741207	0.0048333686	-0.0012250652	-0.0012991397	2.7696908e-05	14531.177544355392
180	0.0	0.0	0.0	0.0	0.0	0.0	0.0	0.0	1000.0	1000.0	719999	0.0013196757	0.00022295178	0.0052734073	-0.0012293367	-0.001319632	5.0481326e-06	14614.33213877678
181	0.0	0.0	0.0	0.0	0.0	0.0	0.0	0.0	1000.0	1000.0	723999	0.0012373797	0.00035137119	0.0060508777	-0.0021782313	-0.0012375487	1.2623413e-05	14697.626697540283
182	0.0	0.0	0.0	0.0	0.0	0.0	0.0	0.0	1000.0	1000.0	727999	0.0013406622	0.00038550637	0.005291266	-0.0013880916	-0.0013407626	1.7638056e-05	14781.106644630432
183	0.0	0.0	0.0	0.0	0.0	0.0	0.0	0.0	1000.0	1000.0	731999	0.0013418434	0.0003043931	0.005462673	-0.0014250551	-0.0013418994	1.009123e-05	14864.279999017715
184	0.0	0.0	0.0	0.0	0.0	0.0	0.0	0.0	1000.0	1000.0	735999	0.0012798659	0.00032643994	0.0059443153	-0.0019213257	-0.0012798564	1.0105589e-05	14947.57908821106
185	0.0	0.0	0.0	0.0	0.0	0.0	0.0	0.0	1000.0	1000.0	739999	0.0010953419	0.00020213921	0.0060231043	-0.0024460787	-0.0010953245	2.5391032e-06	15030.874436616898
186	0.0	0.0	0.0	0.0	0.0	0.0	0.0	0.0	1000.0	1000.0	743999	0.0010236013	0.00033275736	0.005631909	-0.0021548818	-0.0010236107	1.0109715e-05	15114.252386331558
187	0.0	0.0	0.0	0.0	0.0	0.0	0.0	0.0	1000.0	1000.0	747999	0.0009773361	0.00025239654	0.0056536193	-0.0022855916	-0.0009773783	5.0634444e-06	15197.814446210861
188	0.0	0.0	0.0	0.0	0.0	0.0	0.0	0.0	1000.0	1000.0	751999	0.00091311225	0.00029951957	0.005569978	-0.0022774136	-0.00091311545	7.589809e-06	15281.200796604156
189	0.0	0.0	0.0	0.0	0.0	0.0	0.0	0.0	1000.0	1000.0	755999	0.0010131524	0.0003162402	0.004810496	-0.0016068444	-0.0010133681	1.2599682e-05	15364.509191274643
190	0.0	0.0	0.0	0.0	0.0	0.0	0.0	0.0	1000.0	1000.0	759999	0.0010214393	0.00038781462	0.0056716683	-0.0022438467	-0.0010215623	1.515163e-05	15447.75089097023
191	0.0	0.0	0.0	0.0	0.0	0.0	0.0	0.0	1000.0	1000.0	763999	0.0010366758	0.00027400357	0.005466869	-0.0019449949	-0.0010366688	7.5741914e-06	15531.25690627098
192	0.0	0.0	0.0	0.0	0.0	0.0	0.0	0.0	1000.0	1000.0	767999	0.0009771615	0.00030667474	0.0056285798	-0.0021548446	-0.0009772108	7.593241e-06	15614.537585020065
193	0.0	0.0	0.0	0.0	0.0	0.0	0.0	0.0	1000.0	1000.0	771999	0.0010033412	0.0003092755	0.005042305	-0.0016646897	-0.0010034203	1.0094864e-05	15697.767467975616
194	0.0	0.0	0.0	0.0	0.0	0.0	0.0	0.0	1000.0	1000.0	775999	0.0009424581	0.00029946325	0.005725991	-0.0023963535	-0.0009424573	7.588884e-06	15781.425856590271
195	0.0	0.0	0.0	0.0	0.0	0.0	0.0	0.0	1000.0	1000.0	779999	0.000932925	0.00035674794	0.0053869397	-0.0020493423	-0.00093303504	1.2627922e-05	15864.823530197144
196	0.0	0.0	0.0	0.0	0.0	0.0	0.0	0.0	1000.0	1000.0	783999	0.001006222	0.0003068579	0.0053783385	-0.0019523631	-0.0010063519	1.0094137e-05	15947.95208477974
197	0.0	0.0	0.0	0.0	0.0	0.0	0.0	0.0	1000.0	1000.0	787999	0.0010158826	0.0002695934	0.005103727	-0.0017180701	-0.0010158832	7.5717703e-06	16031.251195669174
198	0.0	0.0	0.0	0.0	0.0	0.0	0.0	0.0	1000.0	1000.0	791999	0.0009474508	0.00030265746	0.0056718574	-0.0023560985	-0.00094745646	7.590487e-06	16114.636065006256
199	0.0	0.0	0.0	0.0	0.0	0.0	0.0	0.0	1000.0	1000.0	795999	0.00091995	0.00029700703	0.005374558	-0.0020450735	-0.00091996766	7.5875223e-06	16197.922492742538
200	0.0	0.0	0.0	0.0	0.0	0.0	0.0	0.0	1000.0	1000.0	799999	0.0009053029	0.00028842405	0.0053420714	-0.0020415476	-0.000905316	7.5822545e-06	16281.185986757278
201	0.0	0.0	0.0	0.0	0.0	0.0	0.0	0.0	1000.0	1000.0	803999	0.00089048647	0.0003300722	0.0055483487	-0.002350723	-0.00089070294	1.0110975e-05	16364.342879772186
202	0.0	0.0	0.0	0.0	0.0	0.0	0.0	0.0	1000.0	1000.0	807999	0.0008235243	0.00024698285	0.005734121	-0.0026831154	-0.000823522	5.061388e-06	16447.60680413246
203	0.0	0.0	0.0	0.0	0.0	0.0	0.0	0.0	1000.0	1000.0	811999	0.00078223465	0.00017611605	0.005220651	-0.0021238218	-0.0007823304	2.5309694e-06	16530.87342619896
204	0.0	0.0	0.0	0.0	0.0	0.0	0.0	0.0	1000.0	1000.0	815999	0.0006884702	0.00026217982	0.005658469	-0.0028115283	-0.0006884737	5.0689714e-06	16614.181819677353
205	0.0	0.0	0.0	0.0	0.0	0.0	0.0	0.0	1000.0	1000.0	819999	0.00079090707	0.0003433379	0.0049137836	-0.0019488885	-0.00079100195	1.2617139e-05	16697.582490682602
206	0.0	0.0	0.0	0.0	0.0	0.0	0.0	0.0	1000.0	1000.0	823999	0.00087397575	0.0003422351	0.00496014	-0.0019724192	-0.00087405834	1.2615608e-05	16780.93528532982
207	0.0	0.0	0.0	0.0	0.0	0.0	0.0	0.0	1000.0	1000.0	827999	0.00093593745	0.0002989776	0.005180078	-0.0019835604	-0.0009360151	1.0089877e-05	16864.505465745926
208	0.0	0.0	0.0	0.0	0.0	0.0	0.0	0.0	1000.0	1000.0	831999	0.0008591072	0.00025898934	0.005712426	-0.0024883756	-0.00085917226	5.0671347e-06	16947.914998054504
209	0.0	0.0	0.0	0.0	0.0	0.0	0.0	0.0	1000.0	1000.0	835999	0.0007732175	0.00027023425	0.00564987	-0.002630725	-0.00077321805	5.072832e-06	17031.802094221115
210	0.5	0.8660254	2.0	0.0	0.0	0.0	0.0	0.0	1000.0	1000.0	839999	0.00082119415	0.00037627725	0.0049115187	-0.0019810144	-0.00082125433	1.5139101e-05	17115.014409303665
211	0.0	0.0	0.0	0.0	0.0	0.0	0.0	0.0	1000.0	1000.0	843999	0.00089878985	0.00027486173	0.005110253	-0.0019129049	-0.0008987997	7.5748694e-06	17198.360607385635
212	0.0	0.0	0.0	0.0	0.0	0.0	0.0	0.0	1000.0	1000.0	847999	0.0007968558	0.00019890668	0.005734075	-0.0027245209	-0.00079689454	2.5391603e-06	17281.76959991455
213	0.0	0.0	0.0	0.0	0.2	0.59999996	2.0	0.0	1000.0	1000.0	851999	0.0008152656	0.00037827613	0.005301356	-0.0022684485	-0.0008153787	1.5139961e-05	17365.17468380928
214	0.0	0.0	0.0	0.0	0.0	0.0	0.0	0.0	1000.0	1000.0	855999	0.0008526172	0.00026676757	0.0056063724	-0.002489331	-0.000853387	7.571807e-06	17448.27206802368
215	0.0	0.0	0.0	0.0	0.0	0.0	0.0	0.0	1000.0	1000.0	859999	0.00089522125	0.00029768908	0.0052300477	-0.0020049142	-0.0008945881	7.5879384e-06	17531.422942876816
216	0.0	0.0	0.0	0.0	0.0	0.0	0.0	0.0	1000.0	1000.0	863999	0.00088044227	0.0003444357	0.0056934957	-0.0026054673	-0.00088052993	1.2613748e-05	17614.723660469055
217	0.0	0.0	0.0	0.0	0.0	0.0	0.0	0.0	1000.0	1000.0	867999	0.0009076733	0.00024003706	0.005399441	-0.0020669494	-0.000907662	5.0586855e-06	17698.099451303482
218	0.0	0.0	0.0	0.0	0.0	0.0	0.0	0.0	1000.0	1000.0	871999	0.00085527514	0.00033641476	0.005675513	-0.002517931	-0.0008553091	1.0112009e-05	17781.568297863007
219	0.0	0.0	0.0	0.0	0.0	0.0	0.0	0.0	1000.0	1000.0	875999	0.0008506898	0.0002467436	0.0054788594	-0.0023121499	-0.0008506769	5.060278e-06	17864.953589439392
220	0.0	0.0	0.0	0.0	0.0	0.0	0.0	0.0	1000.0	1000.0	879999	0.00083642633	0.00028490304	0.0054868665	-0.0023840726	-0.0008364347	7.580143e-06	17948.2477684021
221	0.0	0.0	0.0	0.0	0.0	0.0	0.0	0.0	1000.0	1000.0	883999	0.0008121428	0.0003309901	0.0056374334	-0.0025944365	-0.0008121647	1.01087835e-05	18031.88282608986
222	0.0	0.0	0.0	0.0	0.0	0.0	0.0	0.0	1000.0	1000.0	887999	0.00088336057	0.0003175134	0.0054041846	-0.0021815596	-0.0008834305	1.0099971e-05	18115.15627861023
223	0.0	0.0	0.0	0.0	0.0	0.0	0.0	0.0	1000.0	1000.0	891999	0.00092838774	0.00031302252	0.0050835703	-0.0018392506	-0.00092852	1.0098271e-05	18198.599474430084
224	0.0	0.0	0.0	0.0	0.0	0.0	0.0	0.0	1000.0	1000.0	895999	0.0009840061	0.00037929838	0.0052455193	-0.0019658084	-0.0009840372	1.514284e-05	18281.889387845993
225	0.0	0.0	0.0	0.0	0.0	0.0	0.0	0.0	1000.0	1000.0	899999	0.001013744	0.0002744712	0.0052712234	-0.0018497293	-0.0010138031	7.5751223e-06	18365.15922522545
226	0.0	0.0	0.0	0.0	0.0	0.0	0.0	0.0	1000.0	1000.0	903999	0.0010370841	0.00038921012	0.0056312997	-0.002201831	-0.0010371213	1.5150393e-05	18448.439908266068
227	0.0	0.0	0.0	0.0	0.0	0.0	0.0	0.0	1000.0	1000.0	907999	0.0011396003	0.00038318196	0.0051307552	-0.0015639635	-0.0011396927	1.764664e-05	18531.959433555603
228	0.0	0.0	0.0	0.0	0.0	0.0	0.0	0.0	1000.0	1000.0	911999	0.0011742767	0.0002704062	0.0055409935	-0.0017539595	-0.0011742666	7.571403e-06	18614.942465782166
229	0.0	0.0	0.0	0.0	0.0	0.0	0.0	0.0	1000.0	1000.0	915999	0.0011340553	0.00032267062	0.005733036	-0.002037394	-0.001134112	1.0103515e-05	18698.508568763733
230	0.0	0.0	0.0	0.0	0.0	0.0	0.0	0.0	1000.0	1000.0	919999	0.0010498551	0.00034283445	0.005777316	-0.0022484944	-0.0010499745	1.0111877e-05	18781.738882303238
231	0.0	0.0	0.0	0.0	0.0	0.0	0.0	0.0	1000.0	1000.0	923999	0.001056244	0.0002678162	0.0051381225	-0.0016802473	-0.0010562764	7.572009e-06	18864.76467347145
232	0.0	0.0	0.0	0.0	0.0	0.0	0.0	0.0	1000.0	1000.0	927999	0.0009715452	0.00025905675	0.0057332055	-0.002274984	-0.00097163266	5.0668514e-06	18947.963009357452
233	0.0	0.0	0.0	0.0	0.0	0.0	0.0	0.0	1000.0	1000.0	931999	0.0009465403	0.00032746478	0.005623233	-0.002318491	-0.0009465562	1.0107036e-05	19031.32145690918
234	0.0	0.0	0.0	0.0	0.0	0.0	0.0	0.0	1000.0	1000.0	935999	0.0008848645	0.00025323842	0.00573499	-0.0025213324	-0.0008849076	5.0645162e-06	19114.647965431213
235	0.0	0.0	0.0	0.0	0.0	0.0	0.0	0.0	1000.0	1000.0	939999	0.0008534376	0.00033347358	0.005496838	-0.0023238303	-0.0008535131	1.0111846e-05	19198.016349077225
236	0.0	0.0	0.0	0.0	0.0	0.0	0.0	0.0	1000.0	1000.0	943999	0.00092126627	0.0003474996	0.0051661516	-0.0019566745	-0.0009213975	1.26199075e-05	19281.20930457115
237	0.0	0.0	0.0	0.0	0.0	0.0	0.0	0.0	1000.0	1000.0	947999	0.0010896942	0.00038862805	0.007349077	-0.0026919232	-0.0010897751	1.5143668e-05	19364.87829208374
238	0.0	0.0	0.0	0.0	0.0	0.0	0.0	0.0	1000.0	1000.0	951999	0.0011387368	0.00036208535	0.0055794837	-0.0019643835	-0.0011388602	1.5130714e-05	19448.293484926224
239	0.0	0.0	0.0	0.0	0.0	0.0	0.0	0.0	1000.0	1000.0	955999	0.0011778184	0.00037976305	0.0056217127	-0.0018415602	-0.0011778497	1.514505e-05	19531.524049043655
240	0.0	0.0	0.0	0.0	0.0	0.0	0.0	0.0	1000.0	1000.0	959999	0.0012661454	0.00036662925	0.005700831	-0.0017419356	-0.0012662205	1.5135607e-05	19614.72667145729
241	0.0	0.0	0.0	0.0	0.0	0.0	0.0	0.0	1000.0	1000.0	963999	0.0012621989	0.00034496025	0.0054166177	-0.0015491818	-0.0012622057	1.2618896e-05	19697.953051567078
242	0.0	0.0	0.0	0.0	0.0	0.0	0.0	0.0	1000.0	1000.0	967999	0.0012974724	0.00035943152	0.0054630125	-0.0015068671	-0.0012975	1.51321365e-05	19781.058658599854
243	0.0	0.0	0.0	0.0	0.2	0.59999996	2.0	0.0	1000.0	1000.0	971999	0.0012513655	0.00034613276	0.0058795554	-0.0020329051	-0.0012514262	1.2618623e-05	19864.069633722305
244	0.0	0.0	0.0	0.0	0.0	0.0	0.0	0.0	1000.0	1000.0	975999	0.001221661	0.000245369	0.0055808006	-0.0017312738	-0.0012216892	5.0587314e-06	19947.044945716858
245	0.0	0.0	0.0	0.0	0.0	0.0	0.0	0.0	1000.0	1000.0	979999	0.0010948963	0.00018010623	0.005484297	-0.0017163524	-0.0010948658	2.5305906e-06	20030.478402137756
246	0.0	0.0	0.0	0.0	0.0	0.0	0.0	0.0	1000.0	1000.0	983999	0.0009867193	0.00031712948	0.005942722	-0.002413984	-0.0009867746	7.601957e-06	20113.763657569885
247	0.0	0.0	0.0	0.0	0.0	0.0	0.0	0.0	1000.0	1000.0	987999	0.00094382826	0.00029882172	0.005440479	-0.0020422223	-0.0009438273	7.58924e-06	20197.07395005226
248	0.0	0.0	0.0	0.0	0.0	0.0	0.0	0.0	1000.0	1000.0	991999	0.00092788116	0.00032617574	0.0052589686	-0.0019820116	-0.0009279414	1.010651e-05	20280.139960050583
249	0.0	0.0	0.0	0.0	0.0	0.0	0.0	0.0	1000.0	1000.0	995999	0.0009537279	0.00036947048	0.006703525	-0.0026119673	-0.0009537551	1.2615636e-05	20363.396656751633
250	0.0	0.0	0.0	0.0	0.0	0.0	0.0	0.0	1000.0	1000.0	999999	0.0010371732	0.00037090475	0.005250817	-0.0018189563	-0.0010373413	1.5138277e-05	20446.29109597206
251	0.0	0.0	0.0	0.0	0.0	0.0	0.0	0.0	1000.0	1000.0	1003999	0.0010303671	0.00024468068	0.0056568854	-0.0021605347	-0.0010303216	5.0588305e-06	20529.307433605194
252	0.0	0.0	0.0	0.0	0.0	0.0	0.0	0.0	1000.0	1000.0	1007999	0.0009620724	0.00029585697	0.005589174	-0.0022487089	-0.00096211256	7.587675e-06	20612.66165614128
253	0.0	0.0	0.0	0.0	0.0	0.0	0.0	0.0	1000.0	1000.0	1011999	0.0009294431	0.0002936752	0.005490062	-0.0021458564	-0.000929435	7.585638e-06	20696.02920770645
254	0.0	0.0	0.0	0.0	0.0	0.0	0.0	0.0	1000.0	1000.0	1015999	0.0009372737	0.00035258319	0.005535204	-0.0022648068	-0.00093729043	1.262225e-05	20779.35998558998
255	0.0	0.0	0.0	0.0	0.0	0.0	0.0	0.0	1000.0	1000.0	1019999	0.000993621	0.00027407717	0.005724053	-0.0023615877	-0.0009936092	7.5729804e-06	20862.791323184967
256	0.0	0.0	0.0	0.0	0.0	0.0	0.0	0.0	1000.0	1000.0	1023999	0.0010292012	0.00039905388	0.0050133467	-0.001705586	-0.0010292382	1.7656786e-05	20946.179441452026
257	0.0	0.0	0.0	0.0	0.0	0.0	0.0	0.0	1000.0	1000.0	1027999	0.0012301548	0.00048653263	0.0052764257	-0.0012523066	-0.001230244	3.0223835e-05	21029.368928670883
258	0.0	0.0	0.0	0.0	0.0	0.0	0.0	0.0	1000.0	1000.0	1031999	0.0013230924	0.00019728928	0.0060265735	-0.002041894	-0.0013230393	2.5347126e-06	21112.533576250076
259	0.0	0.0	0.0	0.0	0.0	0.0	0.0	0.0	1000.0	1000.0	1035999	0.0012145758	0.0003294706	0.005659843	-0.0017415194	-0.001214566	1.0107689e-05	21195.582107067108
260	0.0	0.0	0.0	0.0	0.3	0.90000004	3.0	0.0	1000.0	1000.0	1039999	0.0011375691	0.0002961381	0.0059044496	-0.002271928	-0.0011375516	7.585389e-06	21278.7489631176
261	0.0	0.0	0.0	0.0	0.0	0.0	0.0	0.0	1000.0	1000.0	1043999	0.001057429	0.00016089274	0.004839062	-0.0013065718	-0.0010573873	2.5226411e-06	21362.24713754654
262	0.0	0.0	0.0	0.0	0.0	0.0	0.0	0.0	1000.0	1000.0	1047999	0.00095383567	0.0002596243	0.005878592	-0.0024215044	-0.0009538137	5.065165e-06	21445.532289266586
263	0.0	0.0	0.0	0.0	0.0	0.0	0.0	0.0	1000.0	1000.0	1051999	0.0008112782	0.00019803962	0.005790522	-0.0026900913	-0.00081125053	2.5382697e-06	21528.86072897911
264	0.0	0.0	0.0	0.0	0.0	0.0	0.0	0.0	1000.0	1000.0	1055999	0.0007821021	0.00029136773	0.0055728056	-0.0025824483	-0.00078210136	7.5838025e-06	21612.111984729767
265	0.0	0.0	0.0	0.0	0.0	0.0	0.0	0.0	1000.0	1000.0	1059999	0.00068402285	3.9654395e-05	0.00075499614	0.00061762164	-0.00068398844	1.929326e-17	21695.462187051773
266	0.0	0.0	0.0	0.0	0.0	0.0	0.0	0.0	1000.0	1000.0	1063999	0.00062243216	0.0003381131	0.005593291	-0.002903052	-0.0006224519	1.0112722e-05	21778.764328718185
267	0.0	0.0	0.0	0.0	0.0	0.0	0.0	0.0	1000.0	1000.0	1067999	0.0006314668	3.6584348e-05	0.0006969288	0.0005701959	-0.000631435	9.6507883e-17	21862.187239408493
268	0.0	0.0	0.0	0.0	0.0	0.0	0.0	0.0	1000.0	1000.0	1071999	0.0006295583	0.00028936888	0.005551199	-0.0028952109	-0.000629565	7.5822195e-06	21945.566365480423
269	0.0	0.0	0.0	0.0	0.0	0.0	0.0	0.0	1000.0	1000.0	1075999	0.0005576799	0.00019689216	0.005531846	-0.0029453668	-0.000557665	2.5382365e-06	22029.04712176323
270	0.0	0.0	0.0	0.0	0.0	0.0	0.0	0.0	1000.0	1000.0	1079999	0.00048639733	2.8195404e-05	0.00053686014	0.00043918382	-0.00048637297	1.31951496e-17	22112.19557452202
271	0.0	0.0	0.0	0.0	0.0	0.0	0.0	0.0	1000.0	1000.0	1083999	0.00044410714	0.00026252613	0.0054286355	-0.0030678543	-0.00044411066	5.068182e-06	22195.539113521576
272	0.0	0.0	0.0	0.0	0.0	0.0	0.0	0.0	1000.0	1000.0	1087999	0.0004762112	0.0003282666	0.005310057	-0.0029496492	-0.0004762383	1.0104846e-05	22278.154750585556
273	0.0	0.0	0.0	0.0	0.0	0.0	0.0	0.0	1000.0	1000.0	1091999	0.0005817276	0.00028984394	0.005036399	-0.002352599	-0.0005817366	7.583279e-06	22361.395148038864
274	0.0	0.0	0.0	0.0	0.0	0.0	0.0	0.0	1000.0	1000.0	1095999	0.0006563415	0.00035434772	0.0052274563	-0.0024602793	-0.0006563783	1.2624004e-05	22444.43958044052
275	0.0	0.0	0.0	0.0	0.0	0.0	0.0	0.0	1000.0	1000.0	1099999	0.00069693086	0.0002473906	0.005301292	-0.0024343191	-0.00069691526	5.0606805e-06	22527.605855941772
276	0.0	0.0	0.0	0.0	0.0	0.0	0.0	0.0	1000.0	1000.0	1103999	0.00061833323	3.5837475e-05	0.00068246975	0.0005583204	-0.0006183022	1.394051e-15	22610.84553527832
277	0.0	0.0	0.0	0.0	0.0	0.0	0.0	0.0	1000.0	1000.0	1107999	0.0005643746	0.00026757183	0.0055565624	-0.0029341255	-0.00056437205	5.0710482e-06	22694.022262573242
278	0.0	0.0	0.0	0.0	0.0	0.0	0.0	0.0	1000.0	1000.0	1111999	0.000574379	0.00033414157	0.0053940965	-0.0028410205	-0.00057440106	1.010939e-05	22776.865275859833
279	0.0	0.0	0.0	0.0	0.0	0.0	0.0	0.0	1000.0	1000.0	1115999	0.00062493986	0.00014645931	0.0040748883	-0.0015221875	-0.00062492135	2.5198644e-06	22860.108040332794
280	0.0	0.0	0.0	0.0	0.0	0.0	0.0	0.0	1000.0	1000.0	1119999	0.00057783705	0.00026713058	0.0055269105	-0.0028759735	-0.000577834	5.0707617e-06	22943.210663318634
281	0.0	0.0	0.0	0.0	0.0	0.0	0.0	0.0	1000.0	1000.0	1123999	0.0005364493	0.00026894218	0.0054210913	-0.0028527689	-0.0005364467	5.071704e-06	23026.30779361725
282	0.0	0.0	0.0	0.0	0.0	0.0	0.0	0.0	1000.0	1000.0	1127999	0.0005274166	0.00017725819	0.005039669	-0.0024394153	-0.00052740454	2.530927e-06	23109.384286403656
283	0.0	0.0	0.0	0.0	0.0	0.0	0.0	0.0	1000.0	1000.0	1131999	0.00057614513	0.00036739244	0.005407069	-0.0029175405	-0.00057617994	1.2631727e-05	23192.635209798813
284	0.0	0.0	0.0	0.0	0.0	0.0	0.0	0.0	1000.0	1000.0	1135999	0.00063127355	0.00029383524	0.0052430807	-0.0025277175	-0.0006312801	7.585316e-06	23276.17333960533
285	0.0	0.0	0.0	0.0	0.0	0.0	0.0	0.0	1000.0	1000.0	1139999	0.0006416701	0.00015858316	0.004498561	-0.0017858493	-0.0006416506	2.5235295e-06	23359.301409721375
286	0.0	0.0	0.0	0.0	0.0	0.0	0.0	0.0	1000.0	1000.0	1143999	0.00061837345	0.0003487265	0.0055509806	-0.002867432	-0.0006183574	1.0120217e-05	23442.634042739868
287	0.0	0.0	0.0	0.0	0.0	0.0	0.0	0.0	1000.0	1000.0	1147999	0.0006290347	0.00024254587	0.00543829	-0.0027540629	-0.000629065	5.057922e-06	23525.967216730118
288	0.0	0.0	0.0	0.0	0.0	0.0	0.0	0.0	1000.0	1000.0	1151999	0.0006550593	0.00023043121	0.004913567	-0.0021979155	-0.00065505184	5.052124e-06	23609.115245580673
289	0.0	0.0	0.0	0.0	0.0	0.0	0.0	0.0	1000.0	1000.0	1155999	0.00056592014	0.00019714993	0.005546783	-0.0029412874	-0.0005659047	2.5383456e-06	23692.00869345665
290	0.0	0.0	0.0	0.0	0.0	0.0	0.0	0.0	1000.0	1000.0	1159999	0.0006184446	0.00032709376	0.0052154553	-0.002616418	-0.00061846466	1.0105067e-05	23775.604051589966
291	0.0	0.0	0.0	0.0	0.0	0.0	0.0	0.0	1000.0	1000.0	1163999	0.0006677366	0.0003139853	0.0053017344	-0.0026039246	-0.0006677539	1.0095011e-05	23859.256687641144
292	0.0	0.0	0.0	0.0	0.0	0.0	0.0	0.0	1000.0	1000.0	1167999	0.0006700551	0.0001766147	0.0051199845	-0.0022245045	-0.0006700343	2.5298648e-06	23941.774319410324
293	0.0	0.0	0.0	0.0	0.0	0.0	0.0	0.0	1000.0	1000.0	1171999	0.0005931545	0.00019687066	0.005577307	-0.0028533835	-0.0005931377	2.537781e-06	24025.10195183754
294	0.0	0.0	0.0	0.0	0.0	0.0	0.0	0.0	1000.0	1000.0	1175999	0.0005630431	0.00030091306	0.00551416	-0.002958307	-0.00056305324	7.5891426e-06	24108.099578142166
295	0.0	0.0	0.0	0.0	0.0	0.0	0.0	0.0	1000.0	1000.0	1179999	0.0005678598	0.00025484088	0.005384772	-0.002792235	-0.0005678569	5.064359e-06	24190.844329595566
296	0.0	0.0	0.0	0.0	0.0	0.0	0.0	0.0	1000.0	1000.0	1183999	0.000556526	0.00017956465	0.0051213508	-0.002456375	-0.000556511	2.5314878e-06	24274.11038994789
297	0.0	0.0	0.0	0.0	0.0	0.0	0.0	0.0	1000.0	1000.0	1187999	0.0004945308	0.00019635874	0.0054795938	-0.0029843436	-0.0004945189	2.538105e-06	24357.44231724739
298	0.0	0.0	0.0	0.0	0.0	0.0	0.0	0.0	1000.0	1000.0	1191999	0.00041938087	2.6883305e-05	0.0005724216	0.00019385756	-0.00041935983	1.3075035e-10	24440.590784549713
299	0.0	0.0	0.0	0.0	0.0	0.0	0.0	0.0	1000.0	1000.0	1195999	0.00035440552	0.00019722765	0.00533107	-0.0031290702	-0.00035440063	2.5390368e-06	24523.758599996567
300	0.0	0.0	0.0	0.0	0.0	0.0	0.0	0.0	1000.0	1000.0	1199999	0.00048657975	0.00030004967	0.0045722714	-0.0024098265	-0.00048660595	1.0088987e-05	24607.656227111816
301	0.0	0.0	0.0	0.0	0.0	0.0	0.0	0.0	1000.0	1000.0	1203999	0.00047525344	0.00026766994	0.005306014	-0.0028774177	-0.00047525548	5.0710423e-06	24690.945877552032
302	0.0	0.0	0.0	0.0	0.0	0.0	0.0	0.0	1000.0	1000.0	1207999	0.00044742832	0.00019341885	0.0053610723	-0.0029894318	-0.0004474187	2.537034e-06	24774.1806371212
303	0.0	0.0	0.0	0.0	0.0	0.0	0.0	0.0	1000.0	1000.0	1211999	0.00039309732	2.2787628e-05	0.00043388337	0.00035493978	-0.00039307761	2.7489129e-15	24857.492190122604
304	0.0	0.0	0.0	0.0	0.0	0.0	0.0	0.0	1000.0	1000.0	1215999	0.0003974109	0.00026878712	0.0053759543	-0.0031129965	-0.00039741682	5.0718013e-06	24941.14447259903
305	0.0	0.0	0.0	0.0	0.0	0.0	0.0	0.0	1000.0	1000.0	1219999	0.0004782074	0.0003581187	0.0052735615	-0.003015837	-0.00047824706	1.2622238e-05	25024.401500701904
306	0.0	0.0	0.0	0.0	0.0	0.0	0.0	0.0	1000.0	1000.0	1223999	0.0005425748	0.00023831875	0.005263717	-0.0027414947	-0.0005425731	5.055819e-06	25107.69655609131
307	0.0	0.0	0.0	0.0	0.0	0.0	0.0	0.0	1000.0	1000.0	1227999	0.0005332857	0.00024382767	0.0054411	-0.0029355683	-0.0005332845	5.0583953e-06	25190.896502256393
308	0.0	0.0	0.0	0.0	0.0	0.0	0.0	0.0	1000.0	1000.0	1231999	0.00049201393	0.00019609867	0.0054548015	-0.002997391	-0.0004920022	2.5379895e-06	25274.225140571594
309	0.0	0.0	0.0	0.0	0.0	0.0	0.0	0.0	1000.0	1000.0	1235999	0.00050807075	0.00024827372	0.0050734687	-0.0025438303	-0.0005080708	5.0611293e-06	25357.59215569496
310	0.0	0.0	0.0	0.0	0.0	0.0	0.0	0.0	1000.0	1000.0	1239999	0.00044560313	0.0001970604	0.0054260553	-0.0030604124	-0.0004455937	2.5383295e-06	25441.021900177002
311	0.0	0.0	0.0	0.0	0.0	0.0	0.0	0.0	1000.0	1000.0	1243999	0.0004148858	0.00019469758	0.0053528403	-0.003047306	-0.0004148779	2.5374918e-06	25524.59309220314
312	0.0	0.0	0.0	0.0	0.0	0.0	0.0	0.0	1000.0	1000.0	1247999	0.0003948996	0.00019305074	0.0053058807	-0.0030322627	-0.00039489273	2.5369236e-06	25607.921159505844
313	0.0	0.0	0.0	0.0	0.0	0.0	0.0	0.0	1000.0	1000.0	1251999	0.00036149882	0.00025287515	0.005339697	-0.003140004	-0.00036150683	5.0631443e-06	25691.288814783096
314	0.0	0.0	0.0	0.0	0.0	0.0	0.0	0.0	1000.0	1000.0	1255999	0.00041343784	0.00016023158	0.004413945	-0.002199262	-0.00041342925	2.5251884e-06	25774.6905105114
315	0.0	0.0	0.0	0.0	0.0	0.0	0.0	0.0	1000.0	1000.0	1259999	0.00040070806	0.00025735467	0.0053543886	-0.0030964892	-0.00040071364	5.065315e-06	25858.144129753113
316	0.0	0.0	0.0	0.0	0.0	0.0	0.0	0.0	1000.0	1000.0	1263999	0.00036472798	2.1143842e-05	0.0004025708	0.0003293228	-0.00036470962	1.2877016e-15	25941.492086172104
317	0.0	0.0	0.0	0.0	0.0	0.0	0.0	0.0	1000.0	1000.0	1267999	0.00042154622	0.00029346973	0.005350875	-0.003140485	-0.00042156348	7.5879398e-06	26024.936947584152
318	0.0	0.0	0.0	0.0	0.0	0.0	0.0	0.0	1000.0	1000.0	1271999	0.00045795995	0.00030972666	0.005225895	-0.0028975667	-0.00045797555	7.5952835e-06	26108.230813980103
319	0.0	0.0	0.0	0.0	0.0	0.0	0.0	0.0	1000.0	1000.0	1275999	0.0004454434	0.00024970973	0.0053654164	-0.003021439	-0.0004454468	5.0613926e-06	26191.565402269363
320	0.0	0.0	0.0	0.0	0.0	0.0	0.0	0.0	1000.0	1000.0	1279999	0.00044892746	0.0001915444	0.005320736	-0.0029485424	-0.0004489179	2.5363208e-06	26274.962896823883
321	0.0	0.0	0.0	0.0	0.0	0.0	0.0	0.0	1000.0	1000.0	1283999	0.0003937074	2.2823688e-05	0.00043455683	0.0003554904	-0.00039368763	3.11371e-15	26358.75436425209
322	0.0	0.0	0.0	0.0	0.0	0.0	0.0	0.0	1000.0	1000.0	1287999	0.00033942948	0.00019815506	0.005334436	-0.0031630462	-0.00033942537	2.5388808e-06	26442.11612033844
323	0.0	0.0	0.0	0.0	0.0	0.0	0.0	0.0	1000.0	1000.0	1291999	0.00030731372	1.7814355e-05	0.00033919743	0.0002774843	-0.00030729832	1.5761277e-15	26525.635471105576
324	0.0	0.0	0.0	0.0	0.0	0.0	0.0	0.0	1000.0	1000.0	1295999	0.00033754559	0.00030768054	0.005294011	-0.0032018116	-0.0003375671	7.592778e-06	26609.064354658127
325	0.0	0.0	0.0	0.0	0.0	0.0	0.0	0.0	1000.0	1000.0	1299999	0.00038023683	0.00030484004	0.005212751	-0.0030081398	-0.0003802012	7.591581e-06	26692.4814620018
326	0.0	0.0	0.0	0.0	0.0	0.0	0.0	0.0	1000.0	1000.0	1303999	0.00047613512	0.00028851102	0.005071644	-0.0026104539	-0.00047619714	7.5824278e-06	26775.85321712494
327	0.0	0.0	0.0	0.0	0.0	0.0	0.0	0.0	1000.0	1000.0	1307999	0.00053783564	0.00021028663	0.0042459327	-0.0019087439	-0.00053784146	5.0433314e-06	26858.983401060104
328	0.0	0.0	0.0	0.0	0.0	0.0	0.0	0.0	1000.0	1000.0	1311999	0.00049420004	0.00019274361	0.0053793597	-0.002857894	-0.0004941881	2.5360498e-06	26942.46963763237
329	0.0	0.0	0.0	0.0	0.0	0.0	0.0	0.0	1000.0	1000.0	1315999	0.0004446925	0.00019687321	0.0054375883	-0.0030263755	-0.00044468313	2.5381057e-06	27025.733173131943
330	0.0	0.0	0.0	0.0	0.0	0.0	0.0	0.0	1000.0	1000.0	1319999	0.00039796912	0.00019663312	0.0053897677	-0.0030934429	-0.00039796214	2.5382972e-06	27109.119143247604
331	0.0	0.0	0.0	0.0	0.0	0.0	0.0	0.0	1000.0	1000.0	1323999	0.0003431554	2.13423e-05	0.00048622568	0.00013770096	-0.00034313806	5.92963e-11	27192.31718802452
332	0.0	0.0	0.0	0.0	0.0	0.0	0.0	0.0	1000.0	1000.0	1327999	0.00041191277	0.00028151416	0.005330434	-0.0031661205	-0.00041193044	7.5782928e-06	27275.5582985878
333	0.0	0.0	0.0	0.0	0.0	0.0	0.0	0.0	1000.0	1000.0	1331999	0.0004354952	0.00024688002	0.0052520903	-0.002953642	-0.0004354989	5.0603103e-06	27359.075535058975
334	0.0	0.0	0.0	0.0	0.0	0.0	0.0	0.0	1000.0	1000.0	1335999	0.00036148433	0.00019816929	0.005348936	-0.003147365	-0.0003614644	2.5386482e-06	27442.44600200653
335	0.0	0.0	0.0	0.0	0.0	0.0	0.0	0.0	1000.0	1000.0	1339999	0.00040646154	0.00023475601	0.004594961	-0.0024080612	-0.00040648153	5.0544236e-06	27525.8557138443
336	0.0	0.0	0.0	0.0	0.0	0.0	0.0	0.0	1000.0	1000.0	1343999	0.00038533515	0.00019478382	0.0053367675	-0.0030734122	-0.00038532884	2.5375857e-06	27609.438378572464
337	0.0	0.0	0.0	0.0	0.0	0.0	0.0	0.0	1000.0	1000.0	1347999	0.00034227074	0.00019715032	0.0053319708	-0.0031616262	-0.00034226643	2.5384015e-06	27693.218816280365
338	0.0	0.0	0.0	0.0	0.0	0.0	0.0	0.0	1000.0	1000.0	1351999	0.00033127805	0.00024863935	0.0052802656	-0.0031425925	-0.0003312844	5.0609915e-06	27777.010505914688
339	0.0	0.0	0.0	0.0	0.0	0.0	0.0	0.0	1000.0	1000.0	1355999	0.00038361418	0.00017322678	0.0047886847	-0.0025320689	-0.00038361037	2.5296677e-06	27860.61693406105
340	0.0	0.0	0.0	0.0	0.0	0.0	0.0	0.0	1000.0	1000.0	1359999	0.00037150865	0.0002548489	0.005328918	-0.0031260205	-0.0003715157	5.0638705e-06	27944.07154393196
341	0.0	0.0	0.0	0.0	0.0	0.0	0.0	0.0	1000.0	1000.0	1363999	0.00036361525	0.00019609649	0.0053302017	-0.0031225274	-0.00036361	2.5379957e-06	28027.56636452675
342	0.0	0.0	0.0	0.0	0.0	0.0	0.0	0.0	1000.0	1000.0	1367999	0.00033473427	1.9400564e-05	0.0003694535	0.0003022463	-0.0003347175	1.1149694e-17	28110.90546822548
343	0.0	0.0	0.0	0.0	0.0	0.0	0.0	0.0	1000.0	1000.0	1371999	0.00027380715	2.795321e-05	0.00047571468	6.2132516e-05	-0.0002737934	5.2664006e-10	28194.29152584076
344	0.0	0.0	0.0	0.0	0.0	0.0	0.0	0.0	1000.0	1000.0	1375999	0.0002902671	0.00030258042	0.005254253	-0.0032434135	-0.00029029095	7.588843e-06	28277.789894342422
345	0.0	0.0	0.0	0.0	0.0	0.0	0.0	0.0	1000.0	1000.0	1379999	0.0004164743	0.00035363002	0.00503085	-0.002845676	-0.00041651682	1.2618086e-05	28361.689230442047
346	0.0	0.0	0.0	0.0	0.0	0.0	0.0	0.0	1000.0	1000.0	1383999	0.00052698096	0.00029710002	0.0051466716	-0.0026083195	-0.0005269933	7.587508e-06	28445.06267476082
347	0.0	0.0	0.0	0.0	0.0	0.0	0.0	0.0	1000.0	1000.0	1387999	0.000583352	0.00022616617	0.0050002714	-0.0023421675	-0.0005833479	5.050581e-06	28528.5504655838
348	0.0	0.0	0.0	0.0	0.0	0.0	0.0	0.0	1000.0	1000.0	1391999	0.00053588627	0.0002932894	0.0054859812	-0.0029765381	-0.0005358977	7.5843463e-06	28612.455835819244
349	0.0	0.0	0.0	0.0	0.0	0.0	0.0	0.0	1000.0	1000.0	1395999	0.0006639214	0.0003755258	0.00480794	-0.002138353	-0.000663964	1.5137086e-05	28695.707537651062
350	0.0	0.0	0.0	0.0	0.0	0.0	0.0	0.0	1000.0	1000.0	1399999	0.00075234927	0.00023203742	0.0050709443	-0.0021230076	-0.00075233687	5.0532753e-06	28779.143691778183
351	0.0	0.0	0.0	0.0	0.0	0.0	0.0	0.0	1000.0	1000.0	1403999	0.0007493285	0.00028665765	0.0054791104	-0.002566032	-0.0007493291	7.58091e-06	28862.9749212265
352	0.0	0.0	0.0	0.0	0.0	0.0	0.0	0.0	1000.0	1000.0	1407999	0.00067868904	0.00019452359	0.005610639	-0.0027513392	-0.0006786679	2.5371378e-06	28946.834393024445
353	0.0	0.0	0.0	0.0	0.0	0.0	0.0	0.0	1000.0	1000.0	1411999	0.0006401731	0.00032586258	0.005570252	-0.002890202	-0.0006401918	1.010346e-05	29030.353295087814
354	0.0	0.0	0.0	0.0	0.0	0.0	0.0	0.0	1000.0	1000.0	1415999	0.00071610964	0.00029139966	0.0053570345	-0.0024658972	-0.00071611186	7.5841976e-06	29113.820060253143
355	0.0	0.0	0.0	0.0	0.0	0.0	0.0	0.0	1000.0	1000.0	1419999	0.00073394575	0.00032696864	0.0051395535	-0.0022041802	-0.0007339599	1.0105729e-05	29197.247501850128
356	0.0	0.0	0.0	0.0	0.0	0.0	0.0	0.0	1000.0	1000.0	1423999	0.00072087266	0.00018818845	0.005485057	-0.002580874	-0.00072084944	2.534695e-06	29280.660670042038
357	0.0	0.0	0.0	0.0	0.0	0.0	0.0	0.0	1000.0	1000.0	1427999	0.0006286569	0.00019711304	0.005588801	-0.0028762752	-0.0006286382	2.5381157e-06	29364.495532751083
358	0.0	0.0	0.0	0.0	0.0	0.0	0.0	0.0	1000.0	1000.0	1431999	0.0005794099	0.00018873457	0.0053862217	-0.0027300825	-0.0005793939	2.5350785e-06	29447.731897354126
359	0.0	0.0	0.0	0.0	0.0	0.0	0.0	0.0	1000.0	1000.0	1435999	0.0007149137	0.00037932573	0.005407315	-0.0028066551	-0.00071496656	1.7640323e-05	29531.235472917557
360	0.0	0.0	0.0	0.0	0.0	0.0	0.0	0.0	1000.0	1000.0	1439999	0.00078228675	0.00027711305	0.00500107	-0.0020300117	-0.0007822856	7.5761855e-06	29614.548374652863
361	0.0	0.0	0.0	0.0	0.0	0.0	0.0	0.0	1000.0	1000.0	1443999	0.0007509186	0.0003270412	0.0055936677	-0.0026757217	-0.00075093174	1.0104452e-05	29697.955853700638
362	0.0	0.0	0.0	0.0	0.0	0.0	0.0	0.0	1000.0	1000.0	1447999	0.0007733265	0.00025086687	0.0053981678	-0.0023895644	-0.00077331334	5.0623266e-06	29781.352635860443
363	0.0	0.0	0.0	0.0	0.0	0.0	0.0	0.0	1000.0	1000.0	1451999	0.0007025322	0.00025950468	0.005600823	-0.0027423555	-0.00070252287	5.066608e-06	29865.230078935623
364	0.0	0.0	0.0	0.0	0.0	0.0	0.0	0.0	1000.0	1000.0	1455999	0.0006487247	0.00019666708	0.005564143	-0.0028402288	-0.00064870523	2.5375311e-06	29948.609104156494
365	0.0	0.0	0.0	0.0	0.0	0.0	0.0	0.0	1000.0	1000.0	1459999	0.00068167376	0.00032358587	0.005420797	-0.0026340194	-0.0006816931	1.0103366e-05	30032.070667505264
366	0.0	0.0	0.0	0.0	0.0	0.0	0.0	0.0	1000.0	1000.0	1463999	0.0006555598	0.00018573004	0.0053734314	-0.0025866695	-0.0006555372	2.5339275e-06	30115.49160528183
367	0.0	0.0	0.0	0.0	0.0	0.0	0.0	0.0	1000.0	1000.0	1467999	0.00064729044	0.00028485185	0.005499443	-0.0028093138	-0.0006472962	7.5814646e-06	30198.927997350693
368	0.0	0.0	0.0	0.0	0.0	0.0	0.0	0.0	1000.0	1000.0	1471999	0.00063863845	0.00025630294	0.005426824	-0.0026753603	-0.00063863193	5.065165e-06	30282.327478170395
369	0.0	0.0	0.0	0.0	0.0	0.0	0.0	0.0	1000.0	1000.0	1475999	0.00057027	0.00019680762	0.005531691	-0.002930933	-0.00057025446	2.5380918e-06	30365.61207985878
370	0.0	0.0	0.0	0.0	0.0	0.0	0.0	0.0	1000.0	1000.0	1479999	0.000600437	0.00032839648	0.0051481007	-0.0025278027	-0.00060045783	1.0105604e-05	30448.94643831253
371	0.0	0.0	0.0	0.0	0.4	0.8	2.0	0.0	1000.0	1000.0	1483999	0.0006506898	0.00023120719	0.005018858	-0.002270459	-0.0006506826	5.0525323e-06	30532.821403741837
372	0.0	0.0	0.0	0.0	0.0	0.0	0.0	0.0	1000.0	1000.0	1487999	0.00060190767	0.0002601573	0.005541591	-0.0028653066	-0.00060190324	5.067138e-06	30616.028590917587
373	0.0	0.0	0.0	0.0	0.0	0.0	0.0	0.0	1000.0	1000.0	1491999	0.0005530823	0.00019503974	0.0054939226	-0.0029146066	-0.00055306754	2.5375703e-06	30699.426126480103
374	0.0	0.0	0.0	0.0	0.0	0.0	0.0	0.0	1000.0	1000.0	1495999	0.0005704234	0.00032872925	0.0053785485	-0.0028532906	-0.00057044567	1.0104919e-05	30782.821519613266
375	0.0	0.0	0.0	0.0	0.0	0.0	0.0	0.0	1000.0	1000.0	1499999	0.000692865	0.00024285271	0.00458673	-0.0019378273	-0.00069286814	7.5585567e-06	30866.27614593506
376	0.0	0.0	0.0	0.0	0.0	0.0	0.0	0.0	1000.0	1000.0	1503999	0.0006012864	0.00026347992	0.0055774674	-0.0029010023	-0.00060128205	5.068818e-06	30949.571335554123
377	0.0	0.0	0.0	0.0	0.0	0.0	0.0	0.0	1000.0	1000.0	1507999	0.0006241759	0.00029754438	0.0050759474	-0.002312965	-0.0006241828	7.5878556e-06	31032.96595644951
378	0.0	0.0	0.0	0.0	0.0	0.0	0.0	0.0	1000.0	1000.0	1511999	0.0006255846	0.00016009122	0.0045633093	-0.0018802143	-0.000625566	2.5243678e-06	31116.39553976059
379	0.0	0.0	0.0	0.0	0.0	0.0	0.0	0.0	1000.0	1000.0	1515999	0.0005901352	0.00033198798	0.0055352193	-0.0029466795	-0.0005901564	1.0107542e-05	31199.672939300537
380	0.0	0.0	0.0	0.0	0.0	0.0	0.0	0.0	1000.0	1000.0	1519999	0.0007500087	0.00033834224	0.0052386736	-0.0022115284	-0.0007500344	1.2612065e-05	31283.034648895264
381	0.0	0.0	0.0	0.0	0.0	0.0	0.0	0.0	1000.0	1000.0	1523999	0.0007298757	0.00023926522	0.0055276556	-0.002643532	-0.00072986446	5.057175e-06	31366.335124492645
382	0.0	0.0	0.0	0.0	0.0	0.0	0.0	0.0	1000.0	1000.0	1527999	0.00068925996	0.00017968148	0.0052122395	-0.0022252453	-0.0006892381	2.5306947e-06	31449.542345762253
383	0.0	0.0	0.0	0.0	0.0	0.0	0.0	0.0	1000.0	1000.0	1531999	0.00063621503	0.0003468171	0.005598829	-0.0028358405	-0.0006362343	1.0118868e-05	31532.947541236877
384	0.0	0.0	0.0	0.0	0.0	0.0	0.0	0.0	1000.0	1000.0	1535999	0.0006737642	0.00028283006	0.005463798	-0.002723342	-0.00067376846	7.5755493e-06	31616.37624144554
385	0.0	0.0	0.0	0.0	0.0	0.0	0.0	0.0	1000.0	1000.0	1539999	0.0007517168	0.00027274986	0.0049452865	-0.0020672223	-0.00075171713	7.57376e-06	31699.378784179688
386	0.0	0.0	0.0	0.0	0.0	0.0	0.0	0.0	1000.0	1000.0	1543999	0.000737337	0.0003026946	0.005389856	-0.002436719	-0.00073733844	7.590966e-06	31782.72512459755
387	0.0	0.0	0.0	0.0	0.2	0.59999996	2.0	0.0	1000.0	1000.0	1547999	0.0007367296	0.0002986352	0.005383547	-0.002446768	-0.00073673105	7.5882676e-06	31865.93499135971
388	0.0	0.0	0.0	0.0	0.0	0.0	0.0	0.0	1000.0	1000.0	1551999	0.0007051468	0.00016864494	0.004908395	-0.0020404817	-0.000705124	2.5270417e-06	31948.961946249008
389	0.0	0.0	0.0	0.0	0.0	0.0	0.0	0.0	1000.0	1000.0	1555999	0.0006060333	0.0001971227	0.0055962433	-0.0028922474	-0.0006060159	2.5383492e-06	32032.329349279404
390	0.0	0.0	0.0	0.0	0.0	0.0	0.0	0.0	1000.0	1000.0	1559999	0.00053915137	0.00019593435	0.005504061	-0.0029444487	-0.0005391374	2.5379536e-06	32115.715022325516
391	0.0	0.0	0.0	0.0	0.0	0.0	0.0	0.0	1000.0	1000.0	1563999	0.00050535303	0.00018913417	0.0053221923	-0.002801085	-0.0005053407	2.5351324e-06	32198.87857747078
392	0.0	0.0	0.0	0.0	0.0	0.0	0.0	0.0	1000.0	1000.0	1567999	0.00043608953	0.00023057946	0.0054170885	-0.0030783436	-0.00043608414	5.05224e-06	32281.980085372925
393	0.0	0.0	0.0	0.0	0.0	0.0	0.0	0.0	1000.0	1000.0	1571999	0.00044468144	0.00022015569	0.005323069	-0.0029686608	-0.0004446813	2.548091e-06	32365.152237415314
394	0.0	0.0	0.0	0.0	0.4	0.8	2.0	0.0	1000.0	1000.0	1575999	0.0004009455	2.323881e-05	0.00044253483	0.00036203055	-0.0004009253	1.4371735e-17	32448.395706176758
395	0.0	0.0	0.0	0.0	0.0	0.0	0.0	0.0	1000.0	1000.0	1579999	0.00032796632	2.9713521e-05	0.000535491	0.000113053335	-0.00032794988	5.1859056e-10	32531.521981716156
396	0.0	0.0	0.0	0.0	0.0	0.0	0.0	0.0	1000.0	1000.0	1583999	0.00034123595	0.00026513197	0.0053168526	-0.003181335	-0.0003412447	5.069679e-06	32614.655665397644
397	0.0	0.0	0.0	0.0	0.0	0.0	0.0	0.0	1000.0	1000.0	1587999	0.00029966474	1.899953e-05	0.00045183243	0.00010154073	-0.0002996577	5.8652555e-11	32697.877417325974
398	0.0	0.0	0.0	0.0	0.0	0.0	0.0	0.0	1000.0	1000.0	1591999	0.0002913034	0.00019945647	0.0053194636	-0.0032350894	-0.00029129387	2.5386882e-06	32781.16070365906
399	0.0	0.0	0.0	0.0	0.0	0.0	0.0	0.0	1000.0	1000.0	1595999	0.00029362418	0.00027495107	0.0052371635	-0.003165674	-0.0002936353	5.074987e-06	32864.60660147667
400	0.0	0.0	0.0	0.0	0.0	0.0	0.0	0.0	1000.0	1000.0	1599999	0.0003725851	0.00032783824	0.005032536	-0.002787441	-0.00037261736	1.0105984e-05	32948.01114678383
401	0.0	0.0	0.0	0.0	0.0	0.0	0.0	0.0	1000.0	1000.0	1603999	0.00044949233	0.00024359129	0.004981563	-0.0025538632	-0.00044949545	5.0587773e-06	33031.30527949333
402	0.0	0.0	0.0	0.0	0.0	0.0	0.0	0.0	1000.0	1000.0	1607999	0.00040758908	2.3626631e-05	0.00044987444	0.00036802606	-0.00040756876	1.02383734e-17	33114.618223667145
403	0.0	0.0	0.0	0.0	0.0	0.0	0.0	0.0	1000.0	1000.0	1611999	0.0003333979	3.128657e-05	0.0005402089	0.000118149765	-0.00033338112	6.0205546e-10	33198.064412117004
404	0.5	0.8660254	2.0	0.0	0.0	0.0	0.0	0.0	1000.0	1000.0	1615999	0.00031502536	0.00019754018	0.005317009	-0.0031799346	-0.0003150226	2.538559e-06	33281.45694708824
405	0.0	0.0	0.0	0.0	0.0	0.0	0.0	0.0	1000.0	1000.0	1619999	0.00048857095	0.0003709212	0.0052508763	-0.003132699	-0.0004886224	1.5138204e-05	33364.98934149742
406	0.0	0.0	0.0	0.0	0.0	0.0	0.0	0.0	1000.0	1000.0	1623999	0.00046915805	0.0001950484	0.0054179113	-0.002999534	-0.00046914764	2.5376548e-06	33448.48824453354
407	0.0	0.0	0.0	0.0	0.0	0.0	0.0	0.0	1000.0	1000.0	1627999	0.00048022537	0.00024168941	0.0052812146	-0.0028884846	-0.00048022694	5.057373e-06	33531.88821721077
408	0.0	0.0	0.0	0.0	0.0	0.0	0.0	0.0	1000.0	1000.0	1631999	0.00041582828	2.5402256e-05	0.00056461117	0.0002045636	-0.00041580742	6.3668765e-11	33615.162615060806
409	0.0	0.0	0.0	0.0	0.0	0.0	0.0	0.0	1000.0	1000.0	1635999	0.00034013038	3.427672e-05	0.0005539156	0.00012608146	-0.000340113	7.8196416e-10	33698.421449422836
410	0.75	1.299038	3.0	0.0	0.0	0.0	0.0	0.0	1000.0	1000.0	1639999	0.00032418224	0.00027368224	0.005312277	-0.0031730724	-0.00032419217	5.0743056e-06	33782.410182476044
411	0.25	0.4330127	1.0	0.0	0.0	0.0	0.0	0.0	1000.0	1000.0	1643999	0.00033586228	0.00018994852	0.005175734	-0.0030228759	-0.00033585835	2.5357315e-06	33865.71800017357
412	0.0	0.0	0.0	0.0	0.0	0.0	0.0	0.0	1000.0	1000.0	1647999	0.0003882582	0.00037909526	0.005268072	-0.0031271265	-0.00038831486	1.5134447e-05	33949.64793467522
413	0.0	0.0	0.0	0.0	0.0	0.0	0.0	0.0	1000.0	1000.0	1651999	0.0005288166	0.0001788142	0.0050819367	-0.0025136045	-0.0005288029	2.5315912e-06	34032.90194487572
414	0.0	0.0	0.0	0.0	0.0	0.0	0.0	0.0	1000.0	1000.0	1655999	0.0005778048	0.00027843253	0.0052470956	-0.0027210251	-0.0005778141	7.5761786e-06	34116.65056967735
415	0.0	0.0	0.0	0.0	0.0	0.0	0.0	0.0	1000.0	1000.0	1659999	0.0005814636	0.00024174202	0.005366062	-0.0027530838	-0.0005814599	5.057151e-06	34200.29043316841
416	0.0	0.0	0.0	0.0	0.0	0.0	0.0	0.0	1000.0	1000.0	1663999	0.00059652125	0.00034899532	0.0054723574	-0.0028867614	-0.00059637404	1.0121076e-05	34283.45573377609
417	0.0	0.0	0.0	0.0	0.2	0.59999996	2.0	0.0	1000.0	1000.0	1667999	0.0006051986	0.00035810698	0.008177371	-0.0040487414	-0.00060537603	7.6149327e-06	34366.78023982048
418	0.0	0.0	0.0	0.0	0.0	0.0	0.0	0.0	1000.0	1000.0	1671999	0.0006671327	0.00037351582	0.005312904	-0.0026057113	-0.0006671766	1.5134287e-05	34450.144117593765
419	0.0	0.0	0.0	0.0	0.0	0.0	0.0	0.0	1000.0	1000.0	1675999	0.0008521733	0.0002971815	0.0048429337	-0.0018022927	-0.00085218	1.0087229e-05	34533.525626420975
420	0.0	0.0	0.0	0.0	0.0	0.0	0.0	0.0	1000.0	1000.0	1679999	0.0009002194	0.00038155986	0.0053148163	-0.0021033373	-0.00090025057	1.5142713e-05	34616.612169981
421	0.0	0.0	0.0	0.0	0.1	0.29999998	1.0	0.0	1000.0	1000.0	1683999	0.0010011146	0.00030886012	0.005361151	-0.0019305192	-0.0010011152	1.0094661e-05	34699.97931790352
422	0.0	0.0	0.0	0.0	0.0	0.0	0.0	0.0	1000.0	1000.0	1687999	0.0009586805	0.00030009975	0.005626631	-0.0023065205	-0.000958672	7.588881e-06	34782.91035246849
423	0.0	0.0	0.0	0.0	0.0	0.0	0.0	0.0	1000.0	1000.0	1691999	0.0009213538	0.00032722668	0.0053944024	-0.0020670902	-0.00092135736	1.01061705e-05	34866.25086712837
424	0.0	0.0	0.0	0.0	0.0	0.0	0.0	0.0	1000.0	1000.0	1695999	0.0010023435	0.0002957938	0.0047900407	-0.0014617653	-0.0010023442	1.0086689e-05	34949.666712760925
425	0.0	0.0	0.0	0.0	0.0	0.0	0.0	0.0	1000.0	1000.0	1699999	0.000973862	0.00038122007	0.005721315	-0.0023773797	-0.0009738896	1.5145092e-05	35033.03017640114
426	0.0	0.0	0.0	0.0	0.0	0.0	0.0	0.0	1000.0	1000.0	1703999	0.000986647	0.00018297805	0.005558597	-0.0020986013	-0.0009866103	2.531957e-06	35116.38635993004
427	0.0	0.0	0.0	0.0	0.0	0.0	0.0	0.0	1000.0	1000.0	1707999	0.0008986596	0.0002607435	0.0055976394	-0.0023248908	-0.00089864014	5.0667036e-06	35199.70729112625
428	0.0	0.0	0.0	0.0	0.0	0.0	0.0	0.0	1000.0	1000.0	1711999	0.0007937492	0.0001937139	0.005692221	-0.0025882013	-0.0007937222	2.5364147e-06	35283.09842514992
429	0.0	0.0	0.0	0.0	0.0	0.0	0.0	0.0	1000.0	1000.0	1715999	0.0007443515	0.00025685318	0.005600004	-0.0026088033	-0.00074434	5.0648086e-06	35366.44189238548
430	0.0	0.0	0.0	0.0	0.0	0.0	0.0	0.0	1000.0	1000.0	1719999	0.00082658144	0.00038482514	0.005537279	-0.0026342482	-0.0008266162	1.5147253e-05	35449.85993528366
431	0.0	0.0	0.0	0.0	0.0	0.0	0.0	0.0	1000.0	1000.0	1723999	0.00084016554	0.00033202974	0.005345407	-0.002175949	-0.00084017456	1.0109266e-05	35533.52055191994
432	0.0	0.0	0.0	0.0	0.0	0.0	0.0	0.0	1000.0	1000.0	1727999	0.0008238035	0.00024466828	0.005448373	-0.0023343037	-0.00082378776	5.059297e-06	35616.96447134018
433	0.0	0.0	0.0	0.0	0.0	0.0	0.0	0.0	1000.0	1000.0	1731999	0.00092313596	0.00037704775	0.0052063605	-0.0020401601	-0.00092316594	1.5140193e-05	35700.1832921505
434	0.0	0.0	0.0	0.0	0.0	0.0	0.0	0.0	1000.0	1000.0	1735999	0.0008580913	0.00026039433	0.005610844	-0.0024263742	-0.0008580141	5.0667977e-06	35783.62444615364
435	0.0	0.0	0.0	0.0	0.0	0.0	0.0	0.0	1000.0	1000.0	1739999	0.0009242626	0.0003400733	0.0052811205	-0.0020002762	-0.00092433946	1.2614714e-05	35867.112917900085
436	0.0	0.0	0.0	0.0	0.0	0.0	0.0	0.0	1000.0	1000.0	1743999	0.0008561741	0.000248807	0.005706636	-0.0025795475	-0.0008561567	5.060873e-06	35950.5010137558
437	0.0	0.0	0.0	0.0	0.0	0.0	0.0	0.0	1000.0	1000.0	1747999	0.0008110536	0.00025705196	0.005645147	-0.0026244638	-0.00081103866	5.0646413e-06	36033.84826827049
438	0.0	0.0	0.0	0.0	0.0	0.0	0.0	0.0	1000.0	1000.0	1751999	0.0008744428	0.000333993	0.0047871135	-0.0018310128	-0.0008744625	1.2609368e-05	36117.16351747513
439	0.0	0.0	0.0	0.0	0.0	0.0	0.0	0.0	1000.0	1000.0	1755999	0.0008810716	0.0003262945	0.0055996007	-0.0024445623	-0.0008810785	1.0105014e-05	36200.49420952797
440	0.25	0.4330127	1.0	0.0	0.0	0.0	0.0	0.0	1000.0	1000.0	1759999	0.00086394366	0.0002500026	0.0056868936	-0.0025537477	-0.00086392596	5.0607764e-06	36283.68031144142
441	0.0	0.0	0.0	0.0	0.0	0.0	0.0	0.0	1000.0	1000.0	1763999	0.0008157174	0.00029349714	0.005616385	-0.0025810583	-0.0008157147	7.584828e-06	36366.996138095856
442	0.0	0.0	0.0	0.0	0.0	0.0	0.0	0.0	1000.0	1000.0	1767999	0.0009306891	0.00035945792	0.0046874397	-0.0016541237	-0.0009307183	1.5126478e-05	36450.38599419594
443	0.0	0.0	0.0	0.0	0.0	0.0	0.0	0.0	1000.0	1000.0	1771999	0.0009770957	0.00030540006	0.0054890737	-0.0021523354	-0.0009770975	1.0090931e-05	36533.97618818283
444	0.0	0.0	0.0	0.0	0.0	0.0	0.0	0.0	1000.0	1000.0	1775999	0.0009308637	0.00037817145	0.005698045	-0.0024403858	-0.00093159697	1.5137901e-05	36617.343960523605
445	0.0	0.0	0.0	0.0	0.0	0.0	0.0	0.0	1000.0	1000.0	1779999	0.0011036299	0.000284013	0.0045846696	-0.0011699724	-0.0011029217	1.00793e-05	36700.62077021599
446	0.0	0.0	0.0	0.0	0.0	0.0	0.0	0.0	1000.0	1000.0	1783999	0.0009820204	0.0002657095	0.0058548474	-0.0023746956	-0.0009819969	5.0695203e-06	36784.03529524803
447	0.0	0.0	0.0	0.0	0.0	0.0	0.0	0.0	1000.0	1000.0	1787999	0.0010029976	0.0004230458	0.005749389	-0.0022250684	-0.0010030362	1.7676151e-05	36867.249171972275
448	0.0	0.0	0.0	0.0	0.0	0.0	0.0	0.0	1000.0	1000.0	1791999	0.0010275398	0.00016458663	0.004991466	-0.001475148	-0.001027501	2.5244758e-06	36950.751467227936
449	0.0	0.0	0.0	0.0	0.0	0.0	0.0	0.0	1000.0	1000.0	1795999	0.0009248365	0.0002598042	0.0058517572	-0.0024698116	-0.00092481595	5.065956e-06	37034.191445589066
450	0.0	0.0	0.0	0.0	0.0	0.0	0.0	0.0	1000.0	1000.0	1799999	0.0008391016	0.00033556393	0.0057715587	-0.0026634033	-0.0008390712	1.0111461e-05	37117.63527274132
451	0.0	0.0	0.0	0.0	0.0	0.0	0.0	0.0	1000.0	1000.0	1803999	0.0008959119	0.00026934597	0.004858188	-0.0017435795	-0.0008959446	7.571699e-06	37201.00237369537
452	0.0	0.0	0.0	0.0	0.1	0.29999998	1.0	0.0	1000.0	1000.0	1807999	0.0008459706	0.00029446481	0.005705189	-0.002585756	-0.0008459666	7.58584e-06	37284.34058594704
453	0.0	0.0	0.0	0.0	0.0	0.0	0.0	0.0	1000.0	1000.0	1811999	0.000866944	0.00035634733	0.005406571	-0.0022444976	-0.0008669641	1.2625127e-05	37367.66651558876
454	0.0	0.0	0.0	0.0	0.0	0.0	0.0	0.0	1000.0	1000.0	1815999	0.0009452909	0.00038221234	0.00896173	-0.00413554	-0.0009452956	1.0131211e-05	37450.834884643555
455	0.0	0.0	0.0	0.0	0.0	0.0	0.0	0.0	1000.0	1000.0	1819999	0.0010024528	0.0003712743	0.0051573627	-0.0017887702	-0.0010024793	1.51361655e-05	37534.1687874794
456	0.0	0.0	0.0	0.0	0.0	0.0	0.0	0.0	1000.0	1000.0	1823999	0.0010779172	0.00029604125	0.004946654	-0.0014656576	-0.0010779132	1.0086851e-05	37617.4824988842
457	0.0	0.0	0.0	0.0	0.0	0.0	0.0	0.0	1000.0	1000.0	1827999	0.0009849156	0.00025978108	0.0057806247	-0.0023110614	-0.0009848918	5.066603e-06	37701.2121527195
458	0.0	0.0	0.0	0.0	0.2	0.59999996	2.0	0.0	1000.0	1000.0	1831999	0.000978471	0.00037178243	0.0053704167	-0.0019908939	-0.0009784981	1.51217955e-05	37784.425654411316
459	0.0	0.0	0.0	0.0	0.0	0.0	0.0	0.0	1000.0	1000.0	1835999	0.0010176515	0.00022920857	0.0055233594	-0.0019891118	-0.001017626	5.0507924e-06	37867.78508782387
460	0.0	0.0	0.0	0.0	0.0	0.0	0.0	0.0	1000.0	1000.0	1839999	0.0009170527	0.00026247933	0.0056900647	-0.0023176102	-0.0009170326	5.0678077e-06	37951.19889998436
461	0.0	0.0	0.0	0.0	0.0	0.0	0.0	0.0	1000.0	1000.0	1843999	0.00086487277	0.00030130884	0.0055827126	-0.002386321	-0.00086486776	7.590139e-06	38034.53308773041
462	0.0	0.0	0.0	0.0	0.0	0.0	0.0	0.0	1000.0	1000.0	1847999	0.0008442414	0.00030195763	0.00541446	-0.0022726064	-0.00084423757	7.5903376e-06	38117.704199552536
463	0.0	0.0	0.0	0.0	0.0	0.0	0.0	0.0	1000.0	1000.0	1851999	0.0008110263	0.00029411734	0.0054587945	-0.0024030863	-0.0008110239	7.585651e-06	38201.14663672447
464	0.0	0.0	0.0	0.0	0.0	0.0	0.0	0.0	1000.0	1000.0	1855999	0.00083859515	0.00032355628	0.0054491013	-0.0023358602	-0.000838604	1.0103621e-05	38284.50960755348
465	0.0	0.0	0.0	0.0	0.0	0.0	0.0	0.0	1000.0	1000.0	1859999	0.00091382494	0.00037372703	0.0048640766	-0.0017203279	-0.0009140227	1.5137714e-05	38367.87304401398
466	0.0	0.0	0.0	0.0	0.0	0.0	0.0	0.0	1000.0	1000.0	1863999	0.0010237084	0.00029220362	0.004749761	-0.0014085047	-0.0010235403	1.0084298e-05	38451.20067977905
467	0.0	0.0	0.0	0.0	0.0	0.0	0.0	0.0	1000.0	1000.0	1867999	0.0009630831	0.00029158645	0.005784059	-0.0024286548	-0.000963073	7.5842077e-06	38534.64138817787
468	0.0	0.0	0.0	0.0	0.0	0.0	0.0	0.0	1000.0	1000.0	1871999	0.0010120583	0.00034698372	0.0053065587	-0.0019444271	-0.0010120712	1.261936e-05	38618.28760743141
469	0.0	0.0	0.0	0.0	0.0	0.0	0.0	0.0	1000.0	1000.0	1875999	0.0009849562	0.00023644321	0.005277088	-0.001843227	-0.0009849322	5.0424455e-06	38701.551800489426
470	0.0	0.0	0.0	0.0	0.0	0.0	0.0	0.0	1000.0	1000.0	1879999	0.00088184525	0.00031262336	0.005841791	-0.0025551335	-0.0008818394	7.59683e-06	38784.94266605377
471	0.0	0.0	0.0	0.0	0.0	0.0	0.0	0.0	1000.0	1000.0	1883999	0.0008017027	0.00024930792	0.005710481	-0.002697364	-0.00080168806	5.0608473e-06	38868.599236249924
472	0.0	0.0	0.0	0.0	0.0	0.0	0.0	0.0	1000.0	1000.0	1887999	0.00082239875	0.00035080686	0.005350434	-0.0023056397	-0.00082242076	1.26206505e-05	38952.56204319
473	0.0	0.0	0.0	0.0	0.0	0.0	0.0	0.0	1000.0	1000.0	1891999	0.0008199028	0.0001953141	0.0056748237	-0.0026290365	-0.00081987504	2.5366187e-06	39035.86008667946
474	0.0	0.0	0.0	0.0	0.0	0.0	0.0	0.0	1000.0	1000.0	1895999	0.000751576	0.00029156546	0.0056058783	-0.0026865604	-0.00075134874	7.5844973e-06	39119.39923334122
475	0.0	0.0	0.0	0.0	0.0	0.0	0.0	0.0	1000.0	1000.0	1899999	0.0007465682	0.00017400268	0.00499879	-0.0020551805	-0.00074677164	2.5291727e-06	39203.30275058746
476	0.0	0.0	0.0	0.0	0.0	0.0	0.0	0.0	1000.0	1000.0	1903999	0.0006473993	0.0001967846	0.005628498	-0.0028394777	-0.0006473798	2.5381448e-06	39287.04778289795
477	0.0	0.0	0.0	0.0	0.0	0.0	0.0	0.0	1000.0	1000.0	1907999	0.0006266624	0.0002534474	0.0054038027	-0.0026742395	-0.0006266566	5.0634785e-06	39370.21808934212
478	0.0	0.0	0.0	0.0	0.0	0.0	0.0	0.0	1000.0	1000.0	1911999	0.0005525538	0.00025294418	0.0055226143	-0.0029643613	-0.0005525519	5.0631247e-06	39453.51050257683
479	0.0	0.0	0.0	0.0	0.0	0.0	0.0	0.0	1000.0	1000.0	1915999	0.0006622723	0.00037886747	0.005128075	-0.0024913186	-0.000662315	1.5137596e-05	39537.269847393036
480	0.0	0.0	0.0	0.0	0.0	0.0	0.0	0.0	1000.0	1000.0	1919999	0.0007702374	0.00027220452	0.0049709748	-0.0020877619	-0.00077023683	7.572976e-06	39620.481743097305
481	0.0	0.0	0.0	0.0	0.0	0.0	0.0	0.0	1000.0	1000.0	1923999	0.00071860413	0.00018570715	0.00540558	-0.0023975875	-0.0007185808	2.5328688e-06	39703.80376768112
482	0.0	0.0	0.0	0.0	0.0	0.0	0.0	0.0	1000.0	1000.0	1927999	0.0007523228	0.00036500578	0.0056199385	-0.0027907558	-0.0007523488	1.2631871e-05	39786.77523756027
483	0.0	0.0	0.0	0.0	0.0	0.0	0.0	0.0	1000.0	1000.0	1931999	0.0007785082	0.0002788621	0.00532218	-0.0023322704	-0.0007785073	7.5765215e-06	39870.085659742355
484	0.0	0.0	0.0	0.0	0.0	0.0	0.0	0.0	1000.0	1000.0	1935999	0.000765113	0.0003035183	0.0055086706	-0.002524237	-0.0007651131	7.591299e-06	39953.346209049225
485	0.0	0.0	0.0	0.0	0.0	0.0	0.0	0.0	1000.0	1000.0	1939999	0.00077329576	0.0003245623	0.0053961873	-0.0024475628	-0.0007733079	1.0103555e-05	40036.89965510368
486	0.0	0.0	0.0	0.0	0.0	0.0	0.0	0.0	1000.0	1000.0	1943999	0.0007855431	0.00029801216	0.0054623145	-0.002450424	-0.0007855421	7.588001e-06	40120.443610191345
487	0.0	0.0	0.0	0.0	0.0	0.0	0.0	0.0	1000.0	1000.0	1947999	0.000766471	0.00025187188	0.005386889	-0.0023933859	-0.0007664583	5.062841e-06	40203.932178497314
488	0.0	0.0	0.0	0.0	0.0	0.0	0.0	0.0	1000.0	1000.0	1951999	0.0007894799	0.0003256814	0.005103681	-0.0021421039	-0.00078949117	1.0105035e-05	40287.32114315033
489	0.0	0.0	0.0	0.0	0.0	0.0	0.0	0.0	1000.0	1000.0	1955999	0.000715874	4.1491014e-05	0.000790127	0.0006463931	-0.00071583805	4.9407865e-17	40370.734728336334
490	0.0	0.0	0.0	0.0	0.0	0.0	0.0	0.0	1000.0	1000.0	1959999	0.0007739762	0.0003821481	0.005653397	-0.002812271	-0.0007740136	1.5143426e-05	40454.05313324928
491	0.0	0.0	0.0	0.0	0.0	0.0	0.0	0.0	1000.0	1000.0	1963999	0.0007217449	4.1822525e-05	0.0007965844	0.0006517045	-0.00072170864	8.4575e-17	40537.546214818954
492	0.0	0.0	0.0	0.0	0.0	0.0	0.0	0.0	1000.0	1000.0	1967999	0.00065057975	0.0003176571	0.005641314	-0.002827136	-0.0006505636	7.6000515e-06	40620.862578868866
493	0.0	0.0	0.0	0.0	0.0	0.0	0.0	0.0	1000.0	1000.0	1971999	0.00069181505	0.00028776558	0.0054100463	-0.0025841834	-0.0006918432	7.581974e-06	40704.14042019844
494	0.0	0.0	0.0	0.0	0.0	0.0	0.0	0.0	1000.0	1000.0	1975999	0.0007736504	0.00034591678	0.0052955933	-0.0022403854	-0.00077370665	1.2618259e-05	40787.54662823677
495	0.0	0.0	0.0	0.0	0.0	0.0	0.0	0.0	1000.0	1000.0	1979999	0.00080610695	0.00028310283	0.0055159717	-0.0024843803	-0.0008060707	7.579102e-06	40870.90862751007
496	0.0	0.0	0.0	0.0	0.0	0.0	0.0	0.0	1000.0	1000.0	1983999	0.0007534486	0.00029437576	0.0055160467	-0.0025656484	-0.0007534493	7.5856037e-06	40954.40404629707
497	0.0	0.0	0.0	0.0	0.0	0.0	0.0	0.0	1000.0	1000.0	1987999	0.0008146946	0.0002652791	0.0049132826	-0.0019740083	-0.00081469177	7.5694165e-06	41037.7137260437
498	0.0	0.0	0.0	0.0	0.0	0.0	0.0	0.0	1000.0	1000.0	1991999	0.00082319556	0.0003326977	0.005566212	-0.0025357206	-0.00082320545	1.0108782e-05	41121.22681713104
499	0.0	0.0	0.0	0.0	0.0	0.0	0.0	0.0	1000.0	1000.0	1995999	0.00082762877	0.0002797869	0.0052240537	-0.0021323273	-0.00082762557	7.577341e-06	41204.415946006775
500	0.0	0.0	0.0	0.0	0.0	0.0	0.0	0.0	1000.0	1000.0	1999999	0.00074233115	0.00024946925	0.0056825387	-0.00278414	-0.0007423197	5.0598064e-06	41287.66422080994
