Epoch	AverageEpRet	StdEpRet	MaxEpRet	MinEpRet	AverageTestEpRet	StdTestEpRet	MaxTestEpRet	MinTestEpRet	EpLen	TestEpLen	TotalEnvInteracts	AverageQVals	StdQVals	MaxQVals	MinQVals	LossPi	LossQ	Time
1	0.0	0.0	0.0	0.0	4.2	12.599999	42.0	0.0	1000.0	1000.0	3999	0.09160695	0.035257045	0.42462683	-0.266076	-0.10157328	6.322279e-05	47.689351081848145
2	20.75	20.753012	42.0	0.0	0.2	0.59999996	2.0	0.0	1000.0	1000.0	7999	0.24752004	0.14747633	2.8200731	-0.026044162	-0.25176528	0.0014328825	106.93041157722473
3	0.25	0.4330127	1.0	0.0	0.5	1.024695	3.0	0.0	1000.0	1000.0	11999	0.31742907	0.24667381	5.358662	0.110512875	-0.31368977	0.0013506141	166.44341015815735
4	0.0	0.0	0.0	0.0	0.1	0.29999998	1.0	0.0	1000.0	1000.0	15999	0.40863007	0.26527625	5.9906216	0.14958799	-0.40898594	0.00067090965	227.09303522109985
5	0.0	0.0	0.0	0.0	0.9	1.4456831	4.0	0.0	1000.0	1000.0	19999	0.45695058	0.26970255	5.6139426	0.12697184	-0.45770264	0.00052504067	291.09794878959656
6	1.5	1.6583124	4.0	0.0	11.2	33.600002	112.0	0.0	1000.0	1000.0	23999	0.5506923	0.35458505	6.2079225	0.11748171	-0.56262696	0.00093028153	351.88691210746765
7	0.0	0.0	0.0	0.0	0.0	0.0	0.0	0.0	1000.0	1000.0	27999	0.88154435	0.38315776	5.888655	0.19764291	-0.89598376	0.00075959647	412.7641942501068
8	0.0	0.0	0.0	0.0	0.8	1.2489996	3.0	0.0	1000.0	1000.0	31999	0.9801004	0.36075643	6.673659	0.43969995	-0.98779833	0.00062833383	474.5420367717743
9	1.0	1.7320508	4.0	0.0	9.5	26.87471	90.0	0.0	1000.0	1000.0	35999	0.91780806	0.31526074	5.5008135	0.48409623	-0.920129	0.0006627076	536.5549991130829
10	0.0	0.0	0.0	0.0	8.7	25.11593	84.0	0.0	1000.0	1000.0	39999	0.7736988	0.29835793	5.072663	0.35430202	-0.77211565	0.0006771834	598.7875916957855
11	0.0	0.0	0.0	0.0	0.0	0.0	0.0	0.0	1000.0	1000.0	43999	0.6210052	0.29627636	4.632372	0.27062327	-0.6177987	0.00058570085	666.0460963249207
12	0.0	0.0	0.0	0.0	20.2	41.801437	125.0	0.0	1000.0	1000.0	47999	0.44919673	0.28031144	4.8461466	0.22939193	-0.44477904	0.00056484627	735.3726603984833
13	0.0	0.0	0.0	0.0	11.7	34.438496	115.0	0.0	1000.0	1000.0	51999	0.3305141	0.22774313	4.7512703	0.1891493	-0.3276995	0.0005202751	798.2703137397766
14	28.5	49.36345	114.0	0.0	0.2	0.59999996	2.0	0.0	1000.0	1000.0	55999	0.2562145	0.19048624	4.5443063	0.16837172	-0.25423068	0.0012713245	868.5964195728302
15	0.0	0.0	0.0	0.0	11.1	33.3	111.0	0.0	1000.0	1000.0	59999	0.23554465	0.1530425	5.0979924	0.16822019	-0.23429298	0.0024265123	935.4770750999451
16	0.0	0.0	0.0	0.0	0.2	0.59999996	2.0	0.0	1000.0	1000.0	63999	0.23410408	0.1332	4.897169	0.14858447	-0.23326631	0.0021667962	1006.6961269378662
17	0.0	0.0	0.0	0.0	1.2	1.8330302	4.0	0.0	1000.0	1000.0	67999	0.22844845	0.12244291	5.147692	0.18271396	-0.22754832	0.0021277638	1085.598111629486
18	0.75	1.299038	3.0	0.0	0.0	0.0	0.0	0.0	1000.0	1000.0	71999	0.22428639	0.11628043	4.929074	0.16894363	-0.22343649	0.0020206056	1170.511684179306
19	1.5	1.6583124	4.0	0.0	12.3	36.9	123.0	0.0	1000.0	1000.0	75999	0.22019297	0.11212333	4.7596693	0.1744089	-0.21964477	0.00192694	1256.3173944950104
20	0.0	0.0	0.0	0.0	0.4	0.9165151	3.0	0.0	1000.0	1000.0	79999	0.22403467	0.12410317	4.666922	0.16497903	-0.22383362	0.0020706155	1343.7542815208435
21	24.5	39.048046	92.0	0.0	0.0	0.0	0.0	0.0	1000.0	1000.0	83999	0.23173256	0.15451266	4.5766325	0.15404369	-0.2321232	0.0020296387	1431.6712081432343
22	0.0	0.0	0.0	0.0	0.6	1.2	3.0	0.0	1000.0	1000.0	87999	0.25171033	0.2136463	5.3344254	0.17490576	-0.2522061	0.0028475497	1520.2869997024536
23	1.0	1.7320508	4.0	0.0	8.3	24.9	83.0	0.0	1000.0	1000.0	91999	0.26037943	0.24639967	4.5068035	0.15989794	-0.259841	0.002841157	1608.966959476471
24	22.25	38.53813	89.0	0.0	0.3	0.90000004	3.0	0.0	1000.0	1000.0	95999	0.2706225	0.26089978	4.0703125	0.18332933	-0.27049538	0.003737023	1697.6682596206665
25	0.0	0.0	0.0	0.0	0.3	0.90000004	3.0	0.0	1000.0	1000.0	99999	0.29035002	0.27415565	4.165074	0.17881611	-0.28989846	0.0039620963	1786.4714195728302
26	0.0	0.0	0.0	0.0	0.5	1.5	5.0	0.0	1000.0	1000.0	103999	0.29725328	0.2554061	4.23612	0.23449135	-0.29670453	0.0036902977	1873.3327724933624
27	0.0	0.0	0.0	0.0	0.4	1.1999999	4.0	0.0	1000.0	1000.0	107999	0.30769378	0.27704257	4.5957246	0.2560543	-0.30802074	0.0034312243	1962.0309240818024
28	30.0	51.961525	120.0	0.0	11.4	32.888294	110.0	0.0	1000.0	1000.0	111999	0.315939	0.29371953	5.172091	0.23719612	-0.31557372	0.003856596	2048.1153054237366
29	0.0	0.0	0.0	0.0	0.4	0.91651505	3.0	0.0	1000.0	1000.0	115999	0.3310875	0.28934297	4.844697	0.25804985	-0.33073536	0.004444692	2132.6652500629425
30	19.75	34.208004	79.0	0.0	0.0	0.0	0.0	0.0	1000.0	1000.0	119999	0.3466862	0.28651297	6.018946	0.28639132	-0.34629393	0.004460293	2217.214790582657
31	29.75	51.52851	119.0	0.0	13.7	41.1	137.0	0.0	1000.0	1000.0	123999	0.36263648	0.23270996	6.335934	0.30298236	-0.36220446	0.0053078453	2303.222065925598
32	0.0	0.0	0.0	0.0	0.4	1.1999999	4.0	0.0	1000.0	1000.0	127999	0.39053243	0.21222615	5.605899	0.31318843	-0.39018577	0.0054931436	2392.082225561142
33	0.5	0.8660254	2.0	0.0	12.7	36.122158	121.0	0.0	1000.0	1000.0	131999	0.41523796	0.21497706	6.488157	0.35114604	-0.41544712	0.0054056803	2478.9601142406464
34	0.0	0.0	0.0	0.0	0.4	1.1999999	4.0	0.0	1000.0	1000.0	135999	0.43971917	0.24490486	5.8169284	0.30176598	-0.43957824	0.005376466	2563.9955191612244
35	0.0	0.0	0.0	0.0	0.0	0.0	0.0	0.0	1000.0	1000.0	139999	0.44708815	0.22513497	5.2880516	0.39898843	-0.44667894	0.0049053747	2649.5316863059998
36	27.75	48.06441	111.0	0.0	0.5	1.5	5.0	0.0	1000.0	1000.0	143999	0.45649508	0.19723836	4.8793883	0.36669275	-0.45644075	0.0055961157	2734.033576965332
37	0.0	0.0	0.0	0.0	29.3	46.84453	117.0	0.0	1000.0	1000.0	147999	0.4779244	0.22922403	4.9863925	0.4270003	-0.47787336	0.0055857813	2818.4721071720123
38	0.0	0.0	0.0	0.0	0.0	0.0	0.0	0.0	1000.0	1000.0	151999	0.48084038	0.18306056	5.719459	0.41188103	-0.48002842	0.0053212377	2903.0878517627716
39	0.0	0.0	0.0	0.0	22.4	44.90924	119.0	0.0	1000.0	1000.0	155999	0.483742	0.17670883	4.559359	0.4077719	-0.48364276	0.0050946292	2990.7660636901855
40	0.25	0.4330127	1.0	0.0	0.0	0.0	0.0	0.0	1000.0	1000.0	159999	0.48346737	0.17122604	5.2815776	0.43743128	-0.48318797	0.0050500906	3077.0766172409058
41	0.0	0.0	0.0	0.0	5.4	16.199999	54.0	0.0	1000.0	1000.0	163999	0.48020825	0.15418914	5.489566	0.4562377	-0.4799375	0.0048842337	3161.7831926345825
42	2.0	2.0	4.0	0.0	0.0	0.0	0.0	0.0	1000.0	1000.0	167999	0.48556072	0.19799012	5.8058558	0.3979968	-0.4855446	0.0051088072	3249.017354488373
43	1.0	1.7320508	4.0	0.0	0.0	0.0	0.0	0.0	1000.0	1000.0	171999	0.48526007	0.20762935	6.3522077	0.41375595	-0.48489293	0.0048546065	3337.241950750351
44	0.0	0.0	0.0	0.0	3.9	10.143471	34.0	0.0	1000.0	1000.0	175999	0.4799329	0.19231418	7.0453825	0.39960295	-0.47973534	0.0049667475	3422.087795972824
45	0.0	0.0	0.0	0.0	0.6	1.4966631	5.0	0.0	1000.0	1000.0	179999	0.47422272	0.18516847	6.878826	0.42107856	-0.47382307	0.0047344244	3508.719340801239
46	0.0	0.0	0.0	0.0	14.0	39.69131	133.0	0.0	1000.0	1000.0	183999	0.46567082	0.15916236	7.28548	0.42355964	-0.465448	0.0045531485	3596.503096342087
47	31.0	53.693577	124.0	0.0	1.2	3.6000001	12.0	0.0	1000.0	1000.0	187999	0.46506828	0.16367434	6.2136426	0.3870709	-0.46487072	0.005117603	3684.9562623500824
48	0.25	0.4330127	1.0	0.0	0.3	0.90000004	3.0	0.0	1000.0	1000.0	191999	0.4699143	0.17873406	6.8477807	0.44560635	-0.46980116	0.0049543926	3774.132668495178
49	0.0	0.0	0.0	0.0	0.0	0.0	0.0	0.0	1000.0	1000.0	195999	0.47404796	0.20241992	5.9285784	0.44716668	-0.47397318	0.0050780056	3863.522796392441
50	1.0	1.7320508	4.0	0.0	0.2	0.59999996	2.0	0.0	1000.0	1000.0	199999	0.473797	0.19787899	5.49356	0.43872064	-0.47341222	0.0049157185	3948.9319081306458
51	0.0	0.0	0.0	0.0	0.0	0.0	0.0	0.0	1000.0	1000.0	203999	0.46595335	0.1354549	5.9999037	0.37354493	-0.46551862	0.0048088552	4034.098223209381
52	0.0	0.0	0.0	0.0	0.0	0.0	0.0	0.0	1000.0	1000.0	207999	0.463944	0.15139666	6.3660426	0.42606112	-0.46410692	0.0046358174	4120.007532119751
53	0.0	0.0	0.0	0.0	0.4	1.1999999	4.0	0.0	1000.0	1000.0	211999	0.46334	0.20878543	6.146842	0.41247284	-0.46310467	0.0045599854	4208.4218645095825
54	1.0	1.7320508	4.0	0.0	0.4	1.1999999	4.0	0.0	1000.0	1000.0	215999	0.4500094	0.18091582	6.748706	0.37448174	-0.44954383	0.0045534247	4295.153299808502
55	1.25	1.299038	3.0	0.0	0.4	1.1999999	4.0	0.0	1000.0	1000.0	219999	0.4449581	0.18673481	5.633827	0.34652704	-0.44500825	0.004699404	4384.189690351486
56	21.25	36.80608	85.0	0.0	0.2	0.59999996	2.0	0.0	1000.0	1000.0	223999	0.45099863	0.23444505	7.221678	0.2415849	-0.45154533	0.0053045736	4473.329482793808
57	0.0	0.0	0.0	0.0	0.2	0.59999996	2.0	0.0	1000.0	1000.0	227999	0.4665564	0.29669952	8.521314	0.036455512	-0.46706507	0.005741758	4562.379012823105
58	0.0	0.0	0.0	0.0	6.5	18.205769	61.0	0.0	1000.0	1000.0	231999	0.4734442	0.3193499	10.84985	-0.6526905	-0.47420233	0.006033216	4649.666516542435
59	0.0	0.0	0.0	0.0	1.1	1.7	4.0	0.0	1000.0	1000.0	235999	0.48877737	0.37290332	12.496643	-1.7568384	-0.4893959	0.0061045447	4736.8087248802185
60	0.75	1.299038	3.0	0.0	0.3	0.90000004	3.0	0.0	1000.0	1000.0	239999	0.4921109	0.3822377	11.847686	-2.6502728	-0.49343222	0.0064739273	4822.621049880981
61	0.0	0.0	0.0	0.0	0.5	1.5	5.0	0.0	1000.0	1000.0	243999	0.51406175	0.42275897	18.293444	-1.614451	-0.51593715	0.006236081	4907.432219028473
62	0.5	0.8660254	2.0	0.0	0.0	0.0	0.0	0.0	1000.0	1000.0	247999	0.52066565	0.39042068	15.736213	-1.243378	-0.52270615	0.005860185	4992.099477529526
63	0.0	0.0	0.0	0.0	0.5	1.2041595	4.0	0.0	1000.0	1000.0	251999	0.5209627	0.3709861	8.234934	-0.42973384	-0.5222154	0.0050466442	5077.08308506012
64	1.0	1.7320508	4.0	0.0	0.0	0.0	0.0	0.0	1000.0	1000.0	255999	0.50655365	0.3389938	8.332302	-0.16975993	-0.50716174	0.004954975	5161.802016496658
65	0.0	0.0	0.0	0.0	13.1	37.985394	127.0	0.0	1000.0	1000.0	259999	0.48560563	0.2938801	6.7850447	-0.35642016	-0.48571134	0.004659376	5249.762923002243
66	0.0	0.0	0.0	0.0	0.0	0.0	0.0	0.0	1000.0	1000.0	263999	0.4599906	0.24416165	5.878597	-0.6475685	-0.46016827	0.004137973	5338.656788110733
67	1.25	2.1650636	5.0	0.0	11.8	34.411625	115.0	0.0	1000.0	1000.0	267999	0.4395266	0.19846332	5.6325235	-0.6517596	-0.4393756	0.004207431	5427.620596170425
68	0.0	0.0	0.0	0.0	0.0	0.0	0.0	0.0	1000.0	1000.0	271999	0.42270926	0.1578785	5.996917	-0.5104698	-0.4225482	0.004072503	5516.430635213852
69	0.0	0.0	0.0	0.0	0.0	0.0	0.0	0.0	1000.0	1000.0	275999	0.4120884	0.15151672	5.8899655	0.14726605	-0.412077	0.004003554	5605.3431441783905
70	28.75	46.9541	110.0	0.0	1.3	2.0024984	5.0	0.0	1000.0	1000.0	279999	0.40810013	0.16733672	6.0200305	0.039572746	-0.40841267	0.0041688997	5694.26109457016
71	1.0	1.7320508	4.0	0.0	11.2	33.600002	112.0	0.0	1000.0	1000.0	283999	0.40735903	0.17467907	6.167586	-0.14679876	-0.4074085	0.0045005046	5781.712696552277
72	0.0	0.0	0.0	0.0	9.0	25.3535	85.0	0.0	1000.0	1000.0	287999	0.40748125	0.16595589	5.788156	4.5895576e-05	-0.40755102	0.0045391945	5866.774157047272
73	0.0	0.0	0.0	0.0	16.8	40.06195	134.0	0.0	1000.0	1000.0	291999	0.4092813	0.18212524	5.979783	0.13251147	-0.4096363	0.0044291425	5951.817175388336
74	0.0	0.0	0.0	0.0	0.0	0.0	0.0	0.0	1000.0	1000.0	295999	0.4110412	0.18894969	6.4323277	0.0058959126	-0.41129473	0.00445429	6037.12625002861
75	0.0	0.0	0.0	0.0	0.7	1.4177446	4.0	0.0	1000.0	1000.0	299999	0.40738174	0.18034862	6.1841607	-0.059458524	-0.4073298	0.00451503	6123.248966932297
76	0.0	0.0	0.0	0.0	11.1	33.3	111.0	0.0	1000.0	1000.0	303999	0.39982668	0.16663995	5.264845	-0.11258924	-0.39979944	0.004212524	6212.185857057571
77	0.0	0.0	0.0	0.0	0.3	0.90000004	3.0	0.0	1000.0	1000.0	307999	0.39472452	0.16215038	5.6559215	-0.023838848	-0.39473	0.0040909345	6302.457282066345
78	33.5	58.0237	134.0	0.0	10.8	30.749958	103.0	0.0	1000.0	1000.0	311999	0.38662094	0.15064637	5.6727767	-0.028312504	-0.38673988	0.004171618	6391.581991910934
79	1.25	2.1650636	5.0	0.0	7.8	22.080761	74.0	0.0	1000.0	1000.0	315999	0.38914782	0.1630194	5.967109	-0.18182126	-0.3891232	0.0043827896	6478.87118434906
80	0.0	0.0	0.0	0.0	0.0	0.0	0.0	0.0	1000.0	1000.0	319999	0.39039043	0.16619332	5.1825523	-0.5679029	-0.39045975	0.0045907404	6567.18834400177
81	31.5	52.27571	122.0	0.0	10.4	28.566414	96.0	0.0	1000.0	1000.0	323999	0.39485472	0.16475406	5.4676943	-0.5983903	-0.39475483	0.0048328	6654.575846672058
82	0.75	1.299038	3.0	0.0	12.9	37.385693	125.0	0.0	1000.0	1000.0	327999	0.4007649	0.14462459	5.6430664	-0.48011446	-0.4007811	0.0048696613	6744.05103969574
83	1.0	1.7320508	4.0	0.0	0.4	1.1999999	4.0	0.0	1000.0	1000.0	331999	0.406762	0.1546692	4.728314	-0.5415333	-0.4068548	0.004771924	6833.251789093018
84	0.0	0.0	0.0	0.0	0.0	0.0	0.0	0.0	1000.0	1000.0	335999	0.41111505	0.17109147	5.6391363	-0.1314295	-0.41103467	0.0047323853	6919.404490709305
85	0.0	0.0	0.0	0.0	13.3	38.5851	129.0	0.0	1000.0	1000.0	339999	0.40715492	0.14953636	5.174887	-0.26281786	-0.40700403	0.0045417054	7004.68359041214
86	0.0	0.0	0.0	0.0	0.4	1.1999999	4.0	0.0	1000.0	1000.0	343999	0.41207355	0.1768357	5.236061	-0.4439514	-0.4122763	0.004801625	7092.7638692855835
87	0.0	0.0	0.0	0.0	0.0	0.0	0.0	0.0	1000.0	1000.0	347999	0.41125464	0.18707673	5.756876	-0.9036509	-0.41096547	0.0044793217	7182.512962341309
88	0.0	0.0	0.0	0.0	0.6	1.8000001	6.0	0.0	1000.0	1000.0	351999	0.40518567	0.14854953	4.5921984	-0.34613755	-0.40495417	0.004449168	7271.892291307449
89	1.0	1.7320508	4.0	0.0	0.3	0.64031243	2.0	0.0	1000.0	1000.0	355999	0.4045572	0.14593369	5.496144	-0.27600092	-0.40453982	0.0044208695	7361.346622467041
90	0.0	0.0	0.0	0.0	21.7	44.452335	130.0	0.0	1000.0	1000.0	359999	0.40321785	0.13796633	5.2562294	0.020996273	-0.40312952	0.0042810827	7450.5461139678955
91	0.0	0.0	0.0	0.0	3.8	9.474175	32.0	0.0	1000.0	1000.0	363999	0.399385	0.12956752	6.0572915	-0.13373569	-0.39934826	0.004129014	7539.769661188126
92	77.75	49.458946	124.0	0.0	0.4	1.1999999	4.0	0.0	1000.0	1000.0	367999	0.3980451	0.1279269	5.7374125	-0.15833548	-0.39789203	0.004532507	7626.347086429596
93	0.25	0.4330127	1.0	0.0	3.6	9.840732	33.0	0.0	1000.0	1000.0	371999	0.40814883	0.11755863	5.3417625	-0.36788553	-0.4081272	0.0049800305	7711.529413461685
94	0.0	0.0	0.0	0.0	0.0	0.0	0.0	0.0	1000.0	1000.0	375999	0.42040712	0.14751284	5.516811	-0.016698807	-0.42053476	0.0049666823	7796.823507785797
95	0.0	0.0	0.0	0.0	0.2	0.59999996	2.0	0.0	1000.0	1000.0	379999	0.4292997	0.16950153	5.29992	-1.1759813	-0.42932028	0.004960533	7883.688028335571
96	29.25	50.662487	117.0	0.0	0.0	0.0	0.0	0.0	1000.0	1000.0	383999	0.43609628	0.17779623	4.745448	-1.1957676	-0.43611822	0.0052821804	7973.215151309967
97	29.5	51.095497	118.0	0.0	0.0	0.0	0.0	0.0	1000.0	1000.0	387999	0.4456827	0.16671182	4.355794	-0.73176324	-0.445633	0.0053926143	8062.883720159531
98	0.0	0.0	0.0	0.0	0.8	1.6613247	5.0	0.0	1000.0	1000.0	391999	0.45543104	0.16955875	5.164676	-0.8704964	-0.45552245	0.005530243	8150.425167322159
99	0.0	0.0	0.0	0.0	5.1	15.3	51.0	0.0	1000.0	1000.0	395999	0.46650606	0.19592647	5.2461934	-0.23023254	-0.46661547	0.005278228	8235.787134170532
100	0.0	0.0	0.0	0.0	0.0	0.0	0.0	0.0	1000.0	1000.0	399999	0.4701706	0.17315839	6.318215	-0.1266053	-0.47015712	0.0052351905	8323.217435598373
101	15.25	26.413774	61.0	0.0	11.5	23.087875	62.0	0.0	1000.0	1000.0	403999	0.47554484	0.15335572	5.939361	-0.07396412	-0.47564855	0.0053867134	8410.211464881897
102	0.0	0.0	0.0	0.0	0.0	0.0	0.0	0.0	1000.0	1000.0	407999	0.48071247	0.13761501	5.5769334	-0.16266069	-0.48072597	0.005324827	8496.253597974777
103	0.0	0.0	0.0	0.0	12.4	35.886486	120.0	0.0	1000.0	1000.0	411999	0.48713595	0.15995196	5.1345778	0.029788613	-0.48733225	0.0054243775	8585.555335998535
104	0.0	0.0	0.0	0.0	0.3	0.90000004	3.0	0.0	1000.0	1000.0	415999	0.4893042	0.14902546	5.6082354	-0.18472901	-0.48942316	0.0050956337	8674.830166816711
105	0.0	0.0	0.0	0.0	3.6	10.8	36.0	0.0	1000.0	1000.0	419999	0.49103644	0.14648783	5.360088	-0.36175564	-0.4912395	0.005275992	8762.284901618958
106	0.0	0.0	0.0	0.0	0.4	1.1999999	4.0	0.0	1000.0	1000.0	423999	0.4959757	0.16333793	5.515303	-0.2749015	-0.4963999	0.00543601	8847.665671825409
107	0.0	0.0	0.0	0.0	11.8	35.399998	118.0	0.0	1000.0	1000.0	427999	0.49623296	0.1768603	5.9139376	-0.397118	-0.496469	0.0050612153	8935.717504501343
108	0.0	0.0	0.0	0.0	22.7	43.90911	124.0	0.0	1000.0	1000.0	431999	0.49408948	0.17189826	4.830524	-0.38317	-0.4942542	0.005137631	9023.821732521057
109	11.5	19.918585	46.0	0.0	0.0	0.0	0.0	0.0	1000.0	1000.0	435999	0.4906089	0.17334075	6.372745	-0.5854982	-0.49078438	0.0050540618	9108.925992488861
110	1.0	1.7320508	4.0	0.0	15.7	31.496191	84.0	0.0	1000.0	1000.0	439999	0.4886922	0.15262873	6.474074	-0.27356052	-0.4887076	0.005102675	9197.993065357208
111	1.0	1.7320508	4.0	0.0	0.0	0.0	0.0	0.0	1000.0	1000.0	443999	0.48687264	0.15905513	7.1091638	-0.12359211	-0.48711962	0.0051027224	9283.932737350464
112	0.0	0.0	0.0	0.0	0.0	0.0	0.0	0.0	1000.0	1000.0	447999	0.48531434	0.15738449	7.1261187	-0.7751514	-0.48542345	0.0050847707	9373.251782417297
113	0.5	0.8660254	2.0	0.0	12.6	36.48616	122.0	0.0	1000.0	1000.0	451999	0.4803564	0.14104888	5.540387	-0.8095485	-0.4804155	0.0048951777	9460.814460277557
114	33.25	57.59069	133.0	0.0	17.7	35.08575	107.0	0.0	1000.0	1000.0	455999	0.47521055	0.14374267	4.195716	-0.067593634	-0.47529474	0.00488505	9547.155984640121
115	1.0	1.7320508	4.0	0.0	0.4	1.1999999	4.0	0.0	1000.0	1000.0	459999	0.4769195	0.1604307	5.2165413	0.081400484	-0.47725424	0.005447505	9632.057668685913
116	0.0	0.0	0.0	0.0	13.0	37.68554	126.0	0.0	1000.0	1000.0	463999	0.48030585	0.17320241	5.580845	-0.032969445	-0.4804416	0.005265046	9720.689903974533
117	8.25	14.289419	33.0	0.0	0.4	1.1999999	4.0	0.0	1000.0	1000.0	467999	0.48249188	0.17207247	6.873996	-0.76524955	-0.48270866	0.0054638158	9807.637255191803
118	0.0	0.0	0.0	0.0	0.6	1.2	3.0	0.0	1000.0	1000.0	471999	0.48796013	0.18987074	5.7229643	-0.40966353	-0.4883211	0.005566337	9893.039347410202
119	0.0	0.0	0.0	0.0	0.0	0.0	0.0	0.0	1000.0	1000.0	475999	0.49405774	0.2088579	6.6601033	-0.50041234	-0.49448404	0.0055456646	9980.256021976471
120	0.5	0.8660254	2.0	0.0	0.0	0.0	0.0	0.0	1000.0	1000.0	479999	0.4950805	0.21949637	7.6290994	-0.9192091	-0.4951463	0.0055513913	10069.485223054886
121	0.0	0.0	0.0	0.0	0.0	0.0	0.0	0.0	1000.0	1000.0	483999	0.4900961	0.17769039	5.921948	-0.49469492	-0.49017793	0.005276172	10158.59279179573
122	0.0	0.0	0.0	0.0	0.5	1.2041595	4.0	0.0	1000.0	1000.0	487999	0.4808596	0.14826883	5.9896183	-0.11544791	-0.48076826	0.0051005306	10247.71384525299
123	0.0	0.0	0.0	0.0	0.3	0.90000004	3.0	0.0	1000.0	1000.0	491999	0.47670126	0.15073754	5.5232267	0.13558549	-0.4768032	0.005052563	10337.257667541504
124	0.0	0.0	0.0	0.0	0.0	0.0	0.0	0.0	1000.0	1000.0	495999	0.4708774	0.15745077	6.21963	0.04563853	-0.47093648	0.0048737484	10427.413836956024
125	0.75	1.299038	3.0	0.0	0.4	1.1999999	4.0	0.0	1000.0	1000.0	499999	0.46952632	0.1571663	5.8905573	-0.36288083	-0.46968672	0.0050938874	10515.950078725815
126	0.0	0.0	0.0	0.0	1.8	4.489989	15.0	0.0	1000.0	1000.0	503999	0.46484816	0.15338485	6.015147	-0.18721777	-0.46480852	0.004884696	10603.917441606522
127	0.0	0.0	0.0	0.0	16.0	32.97575	103.0	0.0	1000.0	1000.0	507999	0.4603103	0.14380527	5.249356	0.065324396	-0.4603369	0.00483253	10690.662266731262
128	0.0	0.0	0.0	0.0	6.2	16.998823	57.0	0.0	1000.0	1000.0	511999	0.45640942	0.14471184	4.983911	-0.36646146	-0.4564171	0.004907772	10775.789547920227
129	0.0	0.0	0.0	0.0	9.6	28.46823	95.0	0.0	1000.0	1000.0	515999	0.4558264	0.15199593	5.4096346	-0.36165568	-0.4559021	0.0048481133	10861.39146900177
130	0.0	0.0	0.0	0.0	0.0	0.0	0.0	0.0	1000.0	1000.0	519999	0.45347816	0.14479256	5.6129837	-0.7200887	-0.45363697	0.0048662135	10950.621762037277
131	1.0	1.7320508	4.0	0.0	0.0	0.0	0.0	0.0	1000.0	1000.0	523999	0.45087758	0.16448693	5.4193697	-0.2928352	-0.45071685	0.0049756346	11039.961478233337
132	0.0	0.0	0.0	0.0	0.0	0.0	0.0	0.0	1000.0	1000.0	527999	0.44398603	0.15615526	5.7604995	-0.3994883	-0.44391564	0.004691952	11129.224096298218
133	0.0	0.0	0.0	0.0	0.0	0.0	0.0	0.0	1000.0	1000.0	531999	0.4418689	0.14617708	5.1663203	-0.5202476	-0.44194427	0.004817465	11218.429932832718
134	0.0	0.0	0.0	0.0	0.5	1.5	5.0	0.0	1000.0	1000.0	535999	0.440985	0.13489299	5.0969443	-0.86988974	-0.44095066	0.0049533383	11307.739775180817
135	1.0	1.7320508	4.0	0.0	10.7	30.789774	103.0	0.0	1000.0	1000.0	539999	0.43986702	0.14482033	5.7526164	-0.7040126	-0.4399375	0.0048338766	11396.797106027603
136	1.0	1.7320508	4.0	0.0	3.8	10.438391	35.0	0.0	1000.0	1000.0	543999	0.43878618	0.15689407	6.501427	-0.5555444	-0.43924147	0.0052741165	11485.97388124466
137	0.0	0.0	0.0	0.0	0.0	0.0	0.0	0.0	1000.0	1000.0	547999	0.44096985	0.18441433	7.0214896	-0.57244647	-0.4408261	0.005310006	11575.021585941315
138	0.0	0.0	0.0	0.0	0.3	0.90000004	3.0	0.0	1000.0	1000.0	551999	0.43685856	0.1727084	5.527943	-0.4380773	-0.4367406	0.0046853246	11662.542958259583
139	0.5	0.8660254	2.0	0.0	0.9	1.5779734	4.0	0.0	1000.0	1000.0	555999	0.42774555	0.15547487	4.5718665	-0.65438414	-0.42751417	0.0046869027	11749.882999897003
140	0.0	0.0	0.0	0.0	8.2	23.297213	78.0	0.0	1000.0	1000.0	559999	0.4222793	0.16307387	5.306897	-1.2249156	-0.42225543	0.0044793305	11839.111535072327
141	0.75	1.299038	3.0	0.0	12.7	38.100002	127.0	0.0	1000.0	1000.0	563999	0.4158933	0.15657406	4.816643	-0.37493452	-0.41553986	0.0045555383	11928.437209367752
142	0.0	0.0	0.0	0.0	0.5	1.5	5.0	0.0	1000.0	1000.0	567999	0.40889794	0.15746821	7.1898484	-0.4394443	-0.4086186	0.0045915158	12018.642520904541
143	0.0	0.0	0.0	0.0	10.3	29.913372	100.0	0.0	1000.0	1000.0	571999	0.40557316	0.15720376	6.6831794	-0.48911983	-0.4053507	0.0044795536	12104.051425218582
144	19.0	30.643106	72.0	0.0	13.3	38.91028	130.0	0.0	1000.0	1000.0	575999	0.4058745	0.16793399	6.2786403	-0.28897053	-0.40578917	0.0045244377	12189.344302654266
145	0.0	0.0	0.0	0.0	7.2	20.619408	69.0	0.0	1000.0	1000.0	579999	0.40500015	0.16270939	5.352146	-0.35134903	-0.4045517	0.0044254465	12274.69220662117
146	2.0	2.1213202	5.0	0.0	0.1	0.29999998	1.0	0.0	1000.0	1000.0	583999	0.40283728	0.15726036	5.2731314	-0.7375616	-0.4026359	0.0043218937	12359.993263244629
147	1.25	2.1650636	5.0	0.0	0.0	0.0	0.0	0.0	1000.0	1000.0	587999	0.40330112	0.17401606	6.1276336	-0.36596915	-0.4030346	0.0044193063	12445.459183454514
148	0.0	0.0	0.0	0.0	9.9	29.699997	99.0	0.0	1000.0	1000.0	591999	0.40174568	0.17355442	5.8402452	-0.70872307	-0.4012892	0.0043510706	12533.050143241882
149	0.0	0.0	0.0	0.0	0.3	0.90000004	3.0	0.0	1000.0	1000.0	595999	0.39915544	0.1889652	6.9377337	-0.65380085	-0.39890826	0.0044939155	12620.35461306572
150	0.75	1.299038	3.0	0.0	22.2	45.67888	135.0	0.0	1000.0	1000.0	599999	0.39760208	0.20098506	5.2922373	-0.44924462	-0.39713165	0.0044388263	12708.021413564682
151	0.0	0.0	0.0	0.0	0.3	0.64031243	2.0	0.0	1000.0	1000.0	603999	0.39241675	0.20285554	6.3834767	-0.45546386	-0.39212888	0.0043990877	12797.552572011948
152	1.0	1.7320508	4.0	0.0	0.5	1.024695	3.0	0.0	1000.0	1000.0	607999	0.38919	0.22588661	6.190818	-0.67209494	-0.38883296	0.004398555	12887.010349035263
153	0.0	0.0	0.0	0.0	0.2	0.59999996	2.0	0.0	1000.0	1000.0	611999	0.38468742	0.2248717	5.5204625	-0.64577913	-0.38435468	0.0042421487	12973.294580459595
154	0.0	0.0	0.0	0.0	10.4	28.900518	97.0	0.0	1000.0	1000.0	615999	0.3823612	0.2149879	4.580415	-0.6746231	-0.3820026	0.004248496	13060.407706975937
155	0.0	0.0	0.0	0.0	11.8	34.087536	114.0	0.0	1000.0	1000.0	619999	0.3814931	0.22012098	5.228858	-0.57453656	-0.38131416	0.004256008	13149.26050066948
156	0.0	0.0	0.0	0.0	18.2	35.818436	97.0	0.0	1000.0	1000.0	623999	0.38189554	0.2353014	5.3542137	-0.55140084	-0.38172063	0.004291556	13238.691863536835
157	1.25	2.1650636	5.0	0.0	0.2	0.59999996	2.0	0.0	1000.0	1000.0	627999	0.382445	0.2340136	4.85205	-0.53439426	-0.3820501	0.0044096853	13324.327025413513
158	0.0	0.0	0.0	0.0	11.6	33.16685	111.0	0.0	1000.0	1000.0	631999	0.38071364	0.22845384	5.451731	-0.77673924	-0.38030288	0.004116665	13409.475010871887
159	0.0	0.0	0.0	0.0	0.0	0.0	0.0	0.0	1000.0	1000.0	635999	0.37925634	0.2440551	5.3917336	-0.5140471	-0.37901765	0.004374175	13494.47015094757
160	0.0	0.0	0.0	0.0	0.0	0.0	0.0	0.0	1000.0	1000.0	639999	0.37304294	0.25397527	5.558083	-0.71507657	-0.3724031	0.0040188855	13579.83392739296
161	1.0	1.7320508	4.0	0.0	5.4	14.568458	49.0	0.0	1000.0	1000.0	643999	0.36417782	0.2396902	4.315832	-0.62140393	-0.36335313	0.0042358637	13666.30946278572
162	0.0	0.0	0.0	0.0	0.4	1.1999999	4.0	0.0	1000.0	1000.0	647999	0.3591259	0.24867731	5.857587	-0.49149978	-0.35856873	0.004160384	13752.532282590866
163	31.0	53.693577	124.0	0.0	10.0	29.01379	97.0	0.0	1000.0	1000.0	651999	0.35917836	0.27633187	6.1313086	-0.72109103	-0.35863915	0.0043630493	13841.768646717072
164	0.0	0.0	0.0	0.0	5.1	15.3	51.0	0.0	1000.0	1000.0	655999	0.35157505	0.28870022	6.575499	-0.6140708	-0.35064977	0.0042215753	13926.992108345032
165	0.0	0.0	0.0	0.0	18.4	36.3296	94.0	0.0	1000.0	1000.0	659999	0.34173906	0.29611742	5.589442	-0.5974214	-0.34083247	0.004358743	14012.123601436615
166	30.75	53.260563	123.0	0.0	0.2	0.59999996	2.0	0.0	1000.0	1000.0	663999	0.3330941	0.31017298	4.563959	-0.6421644	-0.3317624	0.0046427557	14099.106045007706
167	1.0	1.7320508	4.0	0.0	0.0	0.0	0.0	0.0	1000.0	1000.0	667999	0.3232849	0.3326359	5.6174326	-0.9249402	-0.32223725	0.004731929	14188.01273393631
168	0.0	0.0	0.0	0.0	1.7	1.7349352	4.0	0.0	1000.0	1000.0	671999	0.31756365	0.34963873	5.6415253	-0.8122051	-0.3170603	0.004922413	14274.929488658905
169	0.0	0.0	0.0	0.0	10.2	30.6	102.0	0.0	1000.0	1000.0	675999	0.30966422	0.3703906	4.7329154	-1.1529399	-0.30905804	0.0049968706	14361.390012979507
170	0.5	0.8660254	2.0	0.0	0.2	0.59999996	2.0	0.0	1000.0	1000.0	679999	0.29967812	0.40355185	4.2895527	-1.2446823	-0.29916695	0.0055361544	14446.856006145477
171	0.0	0.0	0.0	0.0	6.1	16.7	56.0	0.0	1000.0	1000.0	683999	0.30808264	0.43924654	4.7884655	-1.428437	-0.3080432	0.005806494	14534.01715540886
172	0.0	0.0	0.0	0.0	0.3	0.90000004	3.0	0.0	1000.0	1000.0	687999	0.30809364	0.46047202	5.203293	-1.3329386	-0.30790794	0.00562726	14623.492449998856
173	0.0	0.0	0.0	0.0	13.0	39.0	130.0	0.0	1000.0	1000.0	691999	0.30189854	0.47641665	4.105179	-1.1546416	-0.30119574	0.0056821145	14711.729939222336
174	1.0	1.7320508	4.0	0.0	12.2	35.286827	118.0	0.0	1000.0	1000.0	695999	0.29542944	0.47673568	4.224694	-1.3619162	-0.29477078	0.0057275933	14800.439978599548
175	2.25	2.2776084	5.0	0.0	0.0	0.0	0.0	0.0	1000.0	1000.0	699999	0.30254698	0.4809387	4.7841268	-1.3415618	-0.30294457	0.0059754415	14889.69906926155
176	29.75	51.52851	119.0	0.0	6.7	18.80452	63.0	0.0	1000.0	1000.0	703999	0.32431686	0.48492262	5.434375	-1.4759748	-0.32488856	0.0061467686	14976.883199453354
177	0.0	0.0	0.0	0.0	10.5	31.5	105.0	0.0	1000.0	1000.0	707999	0.33555993	0.47881347	4.2846966	-1.6199722	-0.33559033	0.006210049	15065.881697893143
178	0.0	0.0	0.0	0.0	0.0	0.0	0.0	0.0	1000.0	1000.0	711999	0.34666625	0.46916336	4.4517126	-1.6231054	-0.34753558	0.006310881	15152.911868333817
179	22.0	38.105118	88.0	0.0	23.6	47.208477	120.0	0.0	1000.0	1000.0	715999	0.3552243	0.47627366	5.4139776	-1.7842743	-0.35540748	0.0064122486	15238.39895272255
180	1.5	1.6583124	4.0	0.0	0.0	0.0	0.0	0.0	1000.0	1000.0	719999	0.3377418	0.49239448	5.753143	-2.1581278	-0.33647057	0.006533551	15323.817399024963
181	0.0	0.0	0.0	0.0	0.0	0.0	0.0	0.0	1000.0	1000.0	723999	0.32153454	0.50748885	5.6384554	-2.033692	-0.32068664	0.0067661554	15411.858994483948
182	45.75	55.174156	137.0	0.0	0.7	1.4177446	4.0	0.0	1000.0	1000.0	727999	0.3137428	0.5257505	5.3406053	-2.706092	-0.31305212	0.0069896136	15501.211890220642
183	0.0	0.0	0.0	0.0	0.0	0.0	0.0	0.0	1000.0	1000.0	731999	0.3135179	0.5468968	5.6621494	-2.5746047	-0.3129216	0.0073491195	15589.23175406456
184	0.0	0.0	0.0	0.0	0.0	0.0	0.0	0.0	1000.0	1000.0	735999	0.3131871	0.579213	6.299519	-2.8191051	-0.31166637	0.0076726275	15678.565726995468
185	0.0	0.0	0.0	0.0	0.0	0.0	0.0	0.0	1000.0	1000.0	739999	0.2946763	0.6134924	6.359558	-2.9269767	-0.29329437	0.0076566087	15767.679721832275
186	0.0	0.0	0.0	0.0	1.8	5.4	18.0	0.0	1000.0	1000.0	743999	0.28964853	0.6452882	6.9008007	-3.2756197	-0.2876502	0.0075932825	15855.154042959213
187	2.25	2.2776084	5.0	0.0	1.1	1.7578397	5.0	0.0	1000.0	1000.0	747999	0.2648032	0.67695564	6.228877	-3.5428298	-0.26167408	0.007889002	15940.539738416672
188	0.0	0.0	0.0	0.0	0.4	1.1999999	4.0	0.0	1000.0	1000.0	751999	0.23249367	0.7050102	7.6782446	-3.625045	-0.22932257	0.007974031	16025.77393078804
189	29.5	51.095497	118.0	0.0	0.9	1.8138357	5.0	0.0	1000.0	1000.0	755999	0.20831005	0.72529536	7.3292027	-3.9129739	-0.20443685	0.008236084	16111.18448972702
190	0.0	0.0	0.0	0.0	12.3	36.9	123.0	0.0	1000.0	1000.0	759999	0.17124954	0.7497646	7.2135286	-4.0565214	-0.16758491	0.008314191	16198.503263235092
191	1.25	1.299038	3.0	0.0	0.5	1.5	5.0	0.0	1000.0	1000.0	763999	0.16047068	0.76839936	9.3457155	-4.256954	-0.15771222	0.008799801	16286.532375574112
192	0.0	0.0	0.0	0.0	22.0	43.328976	114.0	0.0	1000.0	1000.0	767999	0.15193105	0.78010154	6.237114	-4.2765856	-0.14929499	0.009087362	16372.904554843903
193	0.0	0.0	0.0	0.0	0.4	1.1999999	4.0	0.0	1000.0	1000.0	771999	0.15116338	0.8009935	8.485962	-4.354783	-0.14873978	0.009346898	16460.3568816185
194	28.75	48.080013	112.0	0.0	0.9	1.9209373	6.0	0.0	1000.0	1000.0	775999	0.15150066	0.81384164	6.7112875	-4.737712	-0.14916638	0.009051428	16548.256261587143
195	0.5	0.8660254	2.0	0.0	0.4	1.1999999	4.0	0.0	1000.0	1000.0	779999	0.15889403	0.82843435	8.376069	-5.2391176	-0.1569737	0.009737228	16633.551335573196
196	0.0	0.0	0.0	0.0	0.6	1.2806249	4.0	0.0	1000.0	1000.0	783999	0.17386326	0.83961004	8.101107	-5.3350296	-0.17251112	0.009469329	16723.13217973709
197	1.0	1.0	2.0	0.0	0.0	0.0	0.0	0.0	1000.0	1000.0	787999	0.2077088	0.84936035	6.585196	-5.356223	-0.20788884	0.00976601	16812.588378429413
198	20.25	35.074028	81.0	0.0	13.3	39.899998	133.0	0.0	1000.0	1000.0	791999	0.25126112	0.8526222	6.1542883	-4.992111	-0.25152627	0.009930578	16898.853532791138
199	0.0	0.0	0.0	0.0	0.6	1.8000001	6.0	0.0	1000.0	1000.0	795999	0.27048415	0.84229094	6.088951	-5.0435076	-0.27002162	0.010007824	16985.75598549843
200	0.0	0.0	0.0	0.0	0.5	1.5	5.0	0.0	1000.0	1000.0	799999	0.29213485	0.8347707	6.2871923	-4.9547443	-0.29226264	0.009971557	17075.366644382477
201	0.0	0.0	0.0	0.0	11.7	24.53589	75.0	0.0	1000.0	1000.0	803999	0.321175	0.83146554	6.0104685	-5.157736	-0.32187086	0.009956917	17164.732568979263
202	24.5	40.721615	95.0	0.0	12.7	36.786003	123.0	0.0	1000.0	1000.0	807999	0.34035552	0.8218864	5.7634153	-4.7656994	-0.33989134	0.009798827	17251.1116502285
203	2.0	2.1213202	5.0	0.0	0.0	0.0	0.0	0.0	1000.0	1000.0	811999	0.34904432	0.81092817	5.5382757	-5.019385	-0.34830287	0.009727389	17337.37742638588
204	0.0	0.0	0.0	0.0	0.0	0.0	0.0	0.0	1000.0	1000.0	815999	0.35704124	0.80451006	6.9340367	-5.208845	-0.3570621	0.009969094	17426.774985313416
205	31.5	52.27571	122.0	0.0	4.5	13.5	45.0	0.0	1000.0	1000.0	819999	0.38321766	0.79234856	4.8555536	-4.801505	-0.38436967	0.010083725	17516.13469672203
206	1.25	2.1650636	5.0	0.0	0.4	1.1999999	4.0	0.0	1000.0	1000.0	823999	0.41922173	0.7779165	5.027626	-4.5063143	-0.4209621	0.009642572	17604.37382531166
207	0.0	0.0	0.0	0.0	0.4	1.1999999	4.0	0.0	1000.0	1000.0	827999	0.45109886	0.7619202	5.121619	-4.273549	-0.45263994	0.009637987	17693.704322099686
208	0.0	0.0	0.0	0.0	0.0	0.0	0.0	0.0	1000.0	1000.0	831999	0.48228392	0.749219	4.9975653	-4.158202	-0.48431802	0.009622066	17781.439136743546
209	0.0	0.0	0.0	0.0	0.0	0.0	0.0	0.0	1000.0	1000.0	835999	0.51431865	0.741386	6.1012163	-4.1793795	-0.5170253	0.00952535	17869.70587205887
210	0.0	0.0	0.0	0.0	12.6	36.16407	121.0	0.0	1000.0	1000.0	839999	0.5536549	0.7283848	5.68033	-4.060056	-0.55665046	0.009255861	17959.11711192131
211	32.0	54.277065	126.0	0.0	8.9	26.699999	89.0	0.0	1000.0	1000.0	843999	0.59608185	0.71715117	6.0074806	-3.7919934	-0.59956396	0.009210816	18046.78951191902
212	1.25	2.1650636	5.0	0.0	0.0	0.0	0.0	0.0	1000.0	1000.0	847999	0.6378993	0.70042384	5.413685	-3.379345	-0.64099425	0.009337685	18136.378426790237
213	0.0	0.0	0.0	0.0	0.0	0.0	0.0	0.0	1000.0	1000.0	851999	0.6629336	0.6878531	5.5171576	-3.2339633	-0.665515	0.009413073	18226.031203508377
214	0.0	0.0	0.0	0.0	8.8	26.4	88.0	0.0	1000.0	1000.0	855999	0.66901827	0.68419474	4.9078283	-3.168864	-0.6702674	0.009157283	18315.449250936508
215	1.25	2.1650636	5.0	0.0	18.9	40.23046	128.0	0.0	1000.0	1000.0	859999	0.64152884	0.68363464	5.1526656	-3.0280344	-0.6410922	0.009289228	18404.934441566467
216	0.0	0.0	0.0	0.0	0.0	0.0	0.0	0.0	1000.0	1000.0	863999	0.6020957	0.6876092	4.1728477	-2.8482049	-0.6014421	0.009336466	18494.60003399849
217	0.0	0.0	0.0	0.0	9.7	28.114231	94.0	0.0	1000.0	1000.0	867999	0.57174575	0.6920954	4.6818624	-3.007188	-0.5710361	0.009445881	18581.789130210876
218	0.0	0.0	0.0	0.0	0.0	0.0	0.0	0.0	1000.0	1000.0	871999	0.5383147	0.7066322	5.0422606	-3.1093996	-0.5371581	0.009615198	18667.540385961533
219	0.0	0.0	0.0	0.0	0.3	0.90000004	3.0	0.0	1000.0	1000.0	875999	0.49659523	0.72662425	5.4861193	-3.0757563	-0.49505472	0.010050506	18752.794537305832
220	1.75	3.0310888	7.0	0.0	0.3	0.90000004	3.0	0.0	1000.0	1000.0	879999	0.46993968	0.7466144	5.347329	-3.7676406	-0.46853626	0.0100878365	18838.105536460876
221	0.0	0.0	0.0	0.0	5.2	15.6	52.0	0.0	1000.0	1000.0	883999	0.44184768	0.75336045	5.4291363	-3.5202103	-0.44021	0.010062059	18923.28573703766
222	0.5	0.8660254	2.0	0.0	5.8	16.424372	55.0	0.0	1000.0	1000.0	887999	0.41444036	0.756276	5.716129	-4.322588	-0.41315925	0.010347017	19010.375952720642
223	23.75	40.56091	94.0	0.0	0.8	1.6	4.0	0.0	1000.0	1000.0	891999	0.3885176	0.7601205	6.6442795	-3.3929276	-0.38677567	0.010211349	19099.653735876083
224	0.0	0.0	0.0	0.0	12.2	36.600002	122.0	0.0	1000.0	1000.0	895999	0.3607106	0.76576996	6.5894194	-3.483306	-0.3582085	0.010677927	19185.16829609871
225	33.75	58.456715	135.0	0.0	0.0	0.0	0.0	0.0	1000.0	1000.0	899999	0.32197756	0.77480406	6.2277517	-3.1208808	-0.31887385	0.0104824025	19270.674113035202
226	0.0	0.0	0.0	0.0	7.1	21.300001	71.0	0.0	1000.0	1000.0	903999	0.2899743	0.7819192	6.3062143	-3.1341846	-0.2872647	0.011186315	19357.638501882553
227	1.75	1.7853571	4.0	0.0	0.4	1.1999999	4.0	0.0	1000.0	1000.0	907999	0.26832274	0.78992444	6.545292	-3.5372403	-0.2650813	0.011075029	19446.874210119247
228	10.25	17.753521	41.0	0.0	0.0	0.0	0.0	0.0	1000.0	1000.0	911999	0.24161161	0.7910104	7.1375237	-4.2131844	-0.23871078	0.0111844465	19532.370457410812
229	1.0	1.7320508	4.0	0.0	6.4	19.199999	64.0	0.0	1000.0	1000.0	915999	0.22928639	0.7920669	6.668126	-3.8599753	-0.22627273	0.010988932	19617.724163770676
230	0.0	0.0	0.0	0.0	0.0	0.0	0.0	0.0	1000.0	1000.0	919999	0.20460021	0.7908429	6.966679	-3.3815331	-0.20080584	0.011302495	19702.83921813965
231	11.75	20.351597	47.0	0.0	3.8	11.4	38.0	0.0	1000.0	1000.0	923999	0.17613177	0.7956991	7.058571	-3.453782	-0.17149329	0.011467746	19788.153028964996
232	0.5	0.8660254	2.0	0.0	0.3	0.90000004	3.0	0.0	1000.0	1000.0	927999	0.14669025	0.80921155	5.7387686	-3.2010405	-0.1423318	0.011660191	19873.348237276077
233	0.0	0.0	0.0	0.0	6.9	20.699999	69.0	0.0	1000.0	1000.0	931999	0.11735697	0.8219564	6.883887	-3.2746644	-0.11262335	0.011992904	19962.161907672882
234	0.0	0.0	0.0	0.0	6.4	17.56246	59.0	0.0	1000.0	1000.0	935999	0.09467489	0.83259004	6.111284	-3.8047433	-0.09013777	0.011726086	20051.45589375496
235	0.0	0.0	0.0	0.0	0.3	0.90000004	3.0	0.0	1000.0	1000.0	939999	0.07969985	0.85244393	5.3312626	-4.5149813	-0.07513708	0.011574985	20140.782121896744
236	0.0	0.0	0.0	0.0	0.4	1.1999999	4.0	0.0	1000.0	1000.0	943999	0.071724795	0.8677825	6.2397175	-4.296569	-0.06838644	0.01190144	20227.540518283844
237	0.0	0.0	0.0	0.0	0.0	0.0	0.0	0.0	1000.0	1000.0	947999	0.08938316	0.8888267	7.452998	-4.046663	-0.086815074	0.012077335	20316.969144821167
238	0.0	0.0	0.0	0.0	10.5	31.5	105.0	0.0	1000.0	1000.0	951999	0.11558987	0.9252186	6.3790846	-4.275688	-0.11354302	0.011836389	20406.367146253586
239	0.0	0.0	0.0	0.0	16.5	34.5	105.0	0.0	1000.0	1000.0	955999	0.14701223	0.9680859	6.0111766	-4.2255354	-0.14539914	0.011776169	20494.17712187767
240	0.0	0.0	0.0	0.0	0.2	0.59999996	2.0	0.0	1000.0	1000.0	959999	0.17244712	1.0069519	7.194824	-4.355876	-0.17082034	0.01159642	20581.386328458786
241	0.0	0.0	0.0	0.0	1.0	1.264911	3.0	0.0	1000.0	1000.0	963999	0.19115877	1.0483004	6.196399	-4.0182476	-0.18880224	0.011288825	20668.33096075058
242	0.0	0.0	0.0	0.0	0.1	0.29999998	1.0	0.0	1000.0	1000.0	967999	0.1940888	1.0834095	5.39269	-4.1943455	-0.19181547	0.010792781	20757.79862523079
243	0.0	0.0	0.0	0.0	11.6	32.82438	110.0	0.0	1000.0	1000.0	971999	0.21173032	1.1130995	5.687163	-4.3540993	-0.20997849	0.0107675325	20847.4115254879
244	1.25	2.1650636	5.0	0.0	1.9	4.5265884	15.0	0.0	1000.0	1000.0	975999	0.21428303	1.1340027	5.0055475	-4.2767124	-0.21150208	0.010337034	20937.036552667618
245	0.5	0.8660254	2.0	0.0	9.9	29.699997	99.0	0.0	1000.0	1000.0	979999	0.17705657	1.1637282	4.666441	-5.1968565	-0.17286594	0.010825316	21026.60716867447
246	0.0	0.0	0.0	0.0	0.3	0.90000004	3.0	0.0	1000.0	1000.0	983999	0.13983291	1.187338	4.8439636	-6.3743696	-0.1346727	0.011261013	21116.174955368042
247	15.5	26.846788	62.0	0.0	0.3	0.90000004	3.0	0.0	1000.0	1000.0	987999	0.09092974	1.219612	5.941737	-7.036866	-0.08590599	0.011655632	21204.134964466095
248	0.0	0.0	0.0	0.0	0.0	0.0	0.0	0.0	1000.0	1000.0	991999	0.04334461	1.2400757	7.0025043	-7.9454184	-0.03754834	0.012399781	21289.51578760147
249	0.0	0.0	0.0	0.0	0.7	1.2688577	4.0	0.0	1000.0	1000.0	995999	-0.0024945992	1.2416025	6.219613	-8.208167	0.008254477	0.012466722	21378.93818616867
250	0.0	0.0	0.0	0.0	1.2	1.8867961	5.0	0.0	1000.0	1000.0	999999	0.15796801	1.2085541	9.36468	-8.461105	-0.18643926	0.022510458	21467.079017162323
251	23.25	38.557587	90.0	0.0	0.4	1.1999999	4.0	0.0	1000.0	1000.0	1003999	0.96844995	1.629734	21.129602	-6.75016	-1.0535103	0.033123787	21552.755173444748
252	10.25	17.753521	41.0	0.0	0.1	0.29999998	1.0	0.0	1000.0	1000.0	1007999	2.7583952	2.060903	35.8343	-7.891941	-2.8221173	0.041856635	21636.13793683052
253	0.0	0.0	0.0	0.0	1.1	1.8138357	5.0	0.0	1000.0	1000.0	1011999	2.7662904	3.1777534	35.53715	-6.6542807	-2.7659824	0.052670322	21719.702454805374
254	0.0	0.0	0.0	0.0	0.0	0.0	0.0	0.0	1000.0	1000.0	1015999	2.296994	2.3873425	30.767725	-7.273321	-2.3069353	0.04017498	21802.92307829857
255	1.0	1.7320508	4.0	0.0	42.8	66.51887	159.0	0.0	1000.0	1000.0	1019999	2.1824973	2.1585379	29.803215	-6.14968	-2.1952767	0.027168117	21886.177332639694
256	0.0	0.0	0.0	0.0	8.8	20.850899	69.0	0.0	1000.0	1000.0	1023999	1.9205146	1.8869407	26.76298	-4.7698717	-1.9288129	0.018899554	21969.644804239273
257	6.0	10.392304	24.0	0.0	0.0	0.0	0.0	0.0	1000.0	1000.0	1027999	1.6347524	1.5033785	28.06026	-2.8958127	-1.6405336	0.014593738	22053.29313135147
258	0.0	0.0	0.0	0.0	0.6	1.0198039	3.0	0.0	1000.0	1000.0	1031999	1.7341783	2.0517173	33.065002	-2.854966	-1.7743239	0.023438424	22137.403020858765
259	0.5	0.8660254	2.0	0.0	0.3	0.90000004	3.0	0.0	1000.0	1000.0	1035999	1.8137008	2.7162807	34.2695	-7.5385137	-1.831081	0.02975912	22224.65939950943
260	0.0	0.0	0.0	0.0	0.2	0.59999996	2.0	0.0	1000.0	1000.0	1039999	1.9321275	3.2759874	37.75062	-3.8933856	-1.9662788	0.029765675	22311.846823215485
261	9.75	16.887495	39.0	0.0	38.3	113.90352	380.0	0.0	1000.0	1000.0	1043999	2.1344838	3.9033792	34.906986	-3.4426763	-2.1629553	0.028206432	22399.10264158249
262	0.0	0.0	0.0	0.0	0.3	0.90000004	3.0	0.0	1000.0	1000.0	1047999	2.1239343	3.8696249	31.381472	-0.32088393	-2.1491401	0.020945039	22486.440928936005
263	0.0	0.0	0.0	0.0	0.0	0.0	0.0	0.0	1000.0	1000.0	1051999	2.1311562	3.923292	38.729992	0.07873362	-2.163857	0.015187525	22573.852639198303
264	0.0	0.0	0.0	0.0	92.8	278.4	928.0	0.0	1000.0	1000.0	1055999	2.4064288	4.352136	44.22431	0.74633497	-2.4587612	0.023510853	22659.899441719055
265	0.0	0.0	0.0	0.0	1.0	1.3416407	4.0	0.0	1000.0	1000.0	1059999	2.964498	5.033312	44.86517	0.6995749	-3.026903	0.018548314	22747.16935992241
266	0.0	0.0	0.0	0.0	0.0	0.0	0.0	0.0	1000.0	1000.0	1063999	3.1751094	5.2774305	46.951286	-0.42408717	-3.2148585	0.013812304	22834.338248968124
267	0.0	0.0	0.0	0.0	0.0	0.0	0.0	0.0	1000.0	1000.0	1067999	3.2620318	5.392422	47.507576	-1.440123	-3.3138711	0.013178897	22921.155558109283
268	19.5	33.77499	78.0	0.0	0.9	2.7	9.0	0.0	1000.0	1000.0	1071999	3.5053837	5.8607326	47.727627	-1.5284808	-3.558767	0.012823934	23008.44639158249
269	0.25	0.4330127	1.0	0.0	0.0	0.0	0.0	0.0	1000.0	1000.0	1075999	3.6711037	6.227114	49.88305	-1.5080885	-3.7271118	0.013506116	23094.191077709198
270	0.25	0.4330127	1.0	0.0	0.1	0.29999998	1.0	0.0	1000.0	1000.0	1079999	3.9168215	6.3534265	48.286026	-0.90485543	-3.9753218	0.013400251	23177.73109960556
271	1.0	1.7320508	4.0	0.0	22.3	65.57751	219.0	0.0	1000.0	1000.0	1083999	3.979513	6.355953	48.1461	-1.0437553	-4.04784	0.015045231	23261.41102361679
272	1.25	2.1650636	5.0	0.0	0.0	0.0	0.0	0.0	1000.0	1000.0	1087999	4.9484715	6.7852407	51.699574	-0.9879926	-5.0777793	0.018038666	23344.51670050621
273	48.75	82.14431	191.0	0.0	0.5	1.024695	3.0	0.0	1000.0	1000.0	1091999	7.579024	7.2198067	61.81171	0.53228647	-7.9044523	0.025910057	23427.37313055992
274	0.5	0.8660254	2.0	0.0	11.7	34.11173	114.0	0.0	1000.0	1000.0	1095999	14.536883	7.0947847	206.39226	3.4476473	-15.176516	0.07116996	23511.688997983932
275	13.5	20.59733	49.0	0.0	0.4	1.1999999	4.0	0.0	1000.0	1000.0	1099999	26.315802	8.679772	197.54703	10.116941	-27.263805	0.07331288	23598.204927444458
276	0.0	0.0	0.0	0.0	0.5	1.5	5.0	0.0	1000.0	1000.0	1103999	36.624634	11.013062	160.87312	9.697161	-37.244717	0.049375165	23684.226357221603
277	2.5	3.2787192	8.0	0.0	15.4	19.905777	52.0	0.0	1000.0	1000.0	1107999	40.488094	13.168014	133.55556	10.350513	-40.93885	0.05604474	23767.92730808258
278	2.25	2.8613808	7.0	0.0	12.2	32.73469	110.0	0.0	1000.0	1000.0	1111999	39.91551	13.773565	107.86799	10.117914	-40.097977	0.036358055	23853.246067285538
279	9.0	13.379088	32.0	0.0	36.7	104.796036	351.0	0.0	1000.0	1000.0	1115999	34.115406	11.206878	90.258064	10.3821535	-34.102524	0.030784355	23939.39996790886
280	0.0	0.0	0.0	0.0	0.8	1.6613246	5.0	0.0	1000.0	1000.0	1119999	28.536282	8.879861	75.582275	8.674517	-28.542078	0.028459754	24025.389127254486
281	0.5	0.8660254	2.0	0.0	0.1	0.29999998	1.0	0.0	1000.0	1000.0	1123999	24.087158	7.1601458	66.619	7.207681	-24.135923	0.02367545	24111.521250724792
282	35.0	55.547276	131.0	0.0	0.5	1.024695	3.0	0.0	1000.0	1000.0	1127999	21.26043	5.9191055	49.822826	6.5470185	-21.319715	0.021586549	24197.289473056793
283	25.75	44.600307	103.0	0.0	1.4	3.0066593	10.0	0.0	1000.0	1000.0	1131999	19.195452	4.802984	40.34446	6.0306993	-19.283478	0.017829072	24281.959175109863
284	19.25	33.341976	77.0	0.0	0.3	0.90000004	3.0	0.0	1000.0	1000.0	1135999	17.571054	3.9862194	29.87496	5.4367046	-17.660437	0.017179795	24364.049765586853
285	0.75	1.299038	3.0	0.0	0.4	0.9165151	3.0	0.0	1000.0	1000.0	1139999	16.211172	3.3554845	25.723951	5.6964974	-16.291819	0.015463946	24449.457418441772
286	0.75	1.299038	3.0	0.0	0.2	0.59999996	2.0	0.0	1000.0	1000.0	1143999	15.224136	2.4663227	22.317778	5.180843	-15.349425	0.015563879	24535.55200457573
287	0.25	0.4330127	1.0	0.0	6.5	17.86197	60.0	0.0	1000.0	1000.0	1147999	14.466257	2.1940095	20.80532	5.1402345	-14.538913	0.013714601	24618.34815955162
288	0.75	1.299038	3.0	0.0	3.1	9.299999	31.0	0.0	1000.0	1000.0	1151999	12.759233	1.7715191	18.234234	3.8050292	-12.805236	0.013486447	24700.924233675003
289	20.5	33.797188	79.0	0.0	21.7	65.1	217.0	0.0	1000.0	1000.0	1155999	11.613149	1.6526936	16.494217	3.1052556	-11.643744	0.011421195	24786.527999401093
290	5.75	2.8613808	9.0	2.0	8.4	9.520504	23.0	0.0	1000.0	1000.0	1159999	9.807831	1.321734	14.852267	1.9333874	-9.818258	0.01061347	24872.619040727615
291	0.75	1.299038	3.0	0.0	19.6	39.097828	118.0	0.0	1000.0	1000.0	1163999	8.682599	1.1754814	14.544167	1.8162963	-8.712714	0.010482366	24958.84217095375
292	9.5	9.526279	24.0	0.0	0.3	0.90000004	3.0	0.0	1000.0	1000.0	1167999	7.5684314	1.1539901	14.740569	1.1572969	-7.5976334	0.0101585295	25043.810324668884
293	23.25	40.27018	93.0	0.0	82.3	120.64829	317.0	0.0	1000.0	1000.0	1171999	6.8071074	1.5167253	16.251991	0.7186099	-6.8365674	0.011161773	25127.931916236877
294	23.25	35.123886	84.0	0.0	150.5	300.49734	942.0	0.0	1000.0	1000.0	1175999	6.3053207	1.8798974	17.254921	0.6606478	-6.3516393	0.011343893	25211.5573925972
295	58.0	64.265076	166.0	0.0	0.6	1.2806249	4.0	0.0	1000.0	1000.0	1179999	5.8321	2.319744	17.654348	0.665688	-5.8610663	0.011716526	25295.932524204254
296	47.0	69.810455	167.0	0.0	98.7	294.4371	982.0	0.0	1000.0	1000.0	1183999	5.545868	2.7494934	20.517628	0.6674172	-5.607331	0.013304646	25382.37629532814
297	215.75	181.59622	481.0	0.0	129.3	276.73672	933.0	0.0	1000.0	1000.0	1187999	6.241946	3.0773072	26.069138	0.68287826	-6.3606014	0.016503425	25468.8220846653
298	62.5	95.43715	227.0	0.0	30.0	66.49361	224.0	0.0	1000.0	1000.0	1191999	7.1919146	3.4520004	27.399836	0.689925	-7.2964587	0.021062542	25555.69596719742
299	166.5	96.96778	280.0	30.0	284.5	432.86493	958.0	0.0	1000.0	1000.0	1195999	7.6385794	4.036256	31.992496	-0.23534673	-7.737328	0.027084056	25642.075021266937
300	85.25	104.922295	257.0	0.0	107.0	288.8737	972.0	0.0	1000.0	1000.0	1199999	8.361977	5.1088295	36.20592	-4.0426073	-8.487177	0.03366831	25727.39409160614
301	114.25	152.80441	372.0	0.0	5.7	7.6426435	23.0	0.0	1000.0	1000.0	1203999	9.188362	6.0681753	37.91656	-5.4021316	-9.308709	0.03593148	25814.69906783104
302	53.0	87.80376	205.0	0.0	0.5	1.2041595	4.0	0.0	1000.0	1000.0	1207999	9.527204	6.779228	39.154465	-5.4985304	-9.639492	0.03495946	25899.998070716858
303	188.75	290.99173	691.0	0.0	89.2	267.59998	892.0	0.0	1000.0	1000.0	1211999	9.824711	7.5927954	39.795177	-5.7000904	-9.943451	0.035257712	25986.682942390442
304	0.0	0.0	0.0	0.0	115.2	280.26016	934.0	0.0	1000.0	1000.0	1215999	9.920859	8.3310375	39.704678	-2.3055346	-10.023265	0.032997165	26070.723271608353
305	459.0	454.52228	918.0	0.0	192.9	385.87936	982.0	0.0	1000.0	1000.0	1219999	10.318864	8.7007675	41.480434	0.6894597	-10.460035	0.03465362	26156.985882997513
306	0.5	0.8660254	2.0	0.0	74.5	139.08577	423.0	0.0	1000.0	1000.0	1223999	11.085391	8.971649	44.1498	0.7844493	-11.252261	0.039218556	26242.758393764496
307	219.25	345.43262	816.0	0.0	245.8	383.298	957.0	0.0	1000.0	1000.0	1227999	11.821609	9.10026	46.7662	0.7937841	-11.958201	0.0445392	26326.930217027664
308	250.75	351.5703	850.0	0.0	45.6	133.14519	445.0	0.0	1000.0	1000.0	1231999	12.216462	9.358419	52.304447	0.46604544	-12.370052	0.048823576	26410.179334402084
309	121.25	162.99597	399.0	0.0	245.8	376.17224	962.0	0.0	1000.0	1000.0	1235999	12.942469	9.9372225	57.297783	-1.5059006	-13.117767	0.058167063	26493.79104757309
310	530.5	434.26978	976.0	0.0	244.4	393.335	982.0	0.0	1000.0	1000.0	1239999	13.900385	10.998277	64.017944	-7.6893177	-14.082777	0.0663357	26578.551622629166
311	245.25	420.17935	973.0	0.0	430.7	452.7485	968.0	0.0	1000.0	1000.0	1243999	14.397915	12.493258	69.899994	-6.895238	-14.549902	0.07469823	26662.999068260193
312	471.75	393.21646	898.0	0.0	656.8	368.40488	987.0	0.0	1000.0	1000.0	1247999	14.902594	14.403167	74.62613	-3.2318153	-15.076775	0.09483687	26746.557585954666
313	681.5	308.5146	955.0	196.0	366.9	451.9607	978.0	0.0	1000.0	1000.0	1251999	15.537131	16.200788	77.72638	0.8947468	-15.714229	0.10783267	26829.90268087387
314	516.5	348.3572	982.0	0.0	188.9	376.0565	944.0	0.0	1000.0	1000.0	1255999	16.088343	17.954386	81.53366	0.9034076	-16.28885	0.11234093	26913.64525771141
315	0.25	0.4330127	1.0	0.0	580.2	471.7927	984.0	0.0	1000.0	1000.0	1259999	17.295622	19.441156	83.55228	0.91599953	-17.524017	0.114150554	27000.71168279648
316	421.75	421.8284	855.0	0.0	407.6	429.234	973.0	0.0	1000.0	1000.0	1263999	18.36772	20.737553	86.01075	0.9462213	-18.602852	0.118298456	27087.84311747551
317	62.75	82.42989	202.0	0.0	201.2	386.50763	989.0	0.0	1000.0	1000.0	1267999	19.142136	22.719227	87.78159	-2.3694868	-19.351206	0.12210611	27174.839770793915
318	324.0	221.59987	598.0	26.0	383.0	457.05096	984.0	0.0	1000.0	1000.0	1271999	19.100182	24.122732	89.43848	-2.0032234	-19.281376	0.11269878	27261.913430690765
319	256.25	397.30743	943.0	0.0	194.5	381.6111	963.0	0.0	1000.0	1000.0	1275999	19.458723	24.84706	91.29851	-14.541308	-19.680094	0.11681481	27348.80718779564
320	240.25	416.1252	961.0	0.0	321.0	432.8718	993.0	0.0	1000.0	1000.0	1279999	20.107988	25.184143	93.551285	-12.953172	-20.346247	0.12516487	27435.768223524094
321	0.0	0.0	0.0	0.0	252.6	393.47003	986.0	0.0	1000.0	1000.0	1283999	20.925497	25.217304	95.24496	-8.3301735	-21.184515	0.12463191	27522.94461131096
322	182.5	313.79413	726.0	0.0	560.5	457.6873	968.0	0.0	1000.0	1000.0	1287999	21.946005	25.404264	96.43582	-16.662039	-22.209124	0.13072374	27607.76434135437
323	490.75	434.68057	969.0	5.0	286.3	437.34927	964.0	0.0	1000.0	1000.0	1291999	22.816023	25.35244	97.61657	-18.791775	-23.095066	0.1400336	27691.490947008133
324	465.0	462.15472	972.0	0.0	201.6	384.68515	979.0	0.0	1000.0	1000.0	1295999	24.630264	24.749907	99.953766	-16.127756	-24.972492	0.1420176	27778.39876317978
325	279.75	236.29153	646.0	5.0	96.5	284.18594	949.0	0.0	1000.0	1000.0	1299999	25.619946	24.387976	101.9687	-12.09936	-25.900507	0.15463741	27864.78964662552
326	354.5	349.54434	813.0	0.0	346.5	355.05698	974.0	0.0	1000.0	1000.0	1303999	27.51884	23.884687	102.92064	-8.992359	-27.899734	0.16447294	27951.83814716339
327	380.75	355.17416	957.0	0.0	510.6	407.23413	990.0	0.0	1000.0	1000.0	1307999	29.057552	23.339437	101.66661	-8.502969	-29.389715	0.16388346	28039.655306100845
328	215.25	372.82394	861.0	0.0	572.8	466.8841	976.0	0.0	1000.0	1000.0	1311999	29.975063	23.4068	101.35263	-15.970684	-30.31516	0.17497185	28127.537911891937
329	189.75	295.57602	700.0	0.0	569.0	465.33105	981.0	0.0	1000.0	1000.0	1315999	30.76134	23.861135	102.7206	-19.208694	-31.05139	0.17491534	28212.598967552185
330	214.75	154.76979	418.0	0.0	186.4	367.2991	961.0	0.0	1000.0	1000.0	1319999	30.311445	24.2045	103.41814	-16.871649	-30.580597	0.17567253	28297.623146295547
331	586.5	348.26535	950.0	118.0	492.4	476.7444	993.0	0.0	1000.0	1000.0	1323999	30.225147	24.345804	104.9122	-24.4787	-30.4877	0.18745358	28384.62079834938
332	176.25	253.27394	614.0	5.0	479.7	477.78992	980.0	0.0	1000.0	1000.0	1327999	29.706335	25.22895	107.260254	-26.086025	-29.952585	0.19681048	28471.192002296448
333	522.75	354.28546	955.0	5.0	224.0	310.431	947.0	0.0	1000.0	1000.0	1331999	29.279142	26.300695	108.68712	-21.12283	-29.535921	0.1998826	28558.44666814804
334	111.0	151.82556	372.0	0.0	513.6	460.037	987.0	0.0	1000.0	1000.0	1335999	28.962778	26.933855	109.004166	-28.47803	-29.208706	0.20604071	28645.837621212006
335	769.75	202.13037	963.0	486.0	485.1	485.20255	993.0	0.0	1000.0	1000.0	1339999	29.458904	26.589273	109.54917	-32.224022	-29.795832	0.20385267	28730.57378435135
336	305.75	401.18723	982.0	4.0	122.4	286.3638	957.0	0.0	1000.0	1000.0	1343999	30.435417	26.372225	109.867424	-39.549553	-30.710772	0.20025267	28815.584918260574
337	121.5	124.8389	306.0	0.0	149.3	312.03653	958.0	0.0	1000.0	1000.0	1347999	30.095625	26.97379	110.345955	-45.715614	-30.341295	0.19637345	28899.809231042862
338	291.0	289.00433	620.0	0.0	96.3	288.9	963.0	0.0	1000.0	1000.0	1351999	29.79139	27.933683	112.374306	-42.923275	-30.073097	0.19533013	28985.70287847519
339	147.5	187.24516	463.0	3.0	675.7	441.25754	991.0	0.0	1000.0	1000.0	1355999	30.216522	28.81956	115.781075	-33.83223	-30.507227	0.19966367	29070.173807621002
340	461.0	453.87387	953.0	0.0	487.0	484.47415	988.0	0.0	1000.0	1000.0	1359999	30.814697	29.875835	117.90045	-36.75522	-31.12498	0.19002661	29157.052127599716
341	960.0	20.530466	980.0	926.0	628.1	433.3921	993.0	0.0	1000.0	1000.0	1363999	31.75917	30.839762	121.9044	-35.124954	-32.08376	0.19704892	29242.128356933594
342	540.0	350.89813	893.0	0.0	684.8	447.31842	998.0	0.0	1000.0	1000.0	1367999	32.61545	31.946089	124.55215	-32.457714	-32.93368	0.20562561	29326.329719781876
343	619.75	399.13806	985.0	0.0	577.2	471.33252	976.0	0.0	1000.0	1000.0	1371999	33.139343	33.13185	127.743744	-36.09878	-33.449562	0.2254939	29410.45845890045
344	549.0	284.64804	959.0	244.0	578.9	472.11276	976.0	0.0	1000.0	1000.0	1375999	33.45308	34.000305	131.37799	-41.61927	-33.779305	0.24982351	29497.78272485733
345	462.5	463.12445	959.0	0.0	524.9	448.31137	987.0	0.0	1000.0	1000.0	1379999	34.11998	34.974857	133.08275	-43.623394	-34.44681	0.25955072	29583.51471710205
346	479.0	425.89728	934.0	0.0	684.8	377.4339	983.0	0.0	1000.0	1000.0	1383999	34.863895	35.804	135.83682	-41.529385	-35.215595	0.27405536	29667.78706383705
347	419.0	392.52707	958.0	41.0	525.4	450.1045	981.0	0.0	1000.0	1000.0	1387999	35.76092	36.55517	138.77008	-48.604088	-36.11885	0.3023935	29751.9697432518
348	264.25	377.33698	910.0	0.0	600.8	404.18826	976.0	6.0	1000.0	1000.0	1391999	36.86242	37.1585	139.99098	-50.405113	-37.26995	0.33516955	29837.6521961689
349	453.0	344.4394	970.0	0.0	553.3	459.77493	990.0	0.0	1000.0	1000.0	1395999	38.26085	37.460503	139.92303	-53.079453	-38.622025	0.35702965	29921.997968912125
350	539.75	327.18982	862.0	0.0	259.4	400.9766	963.0	0.0	1000.0	1000.0	1399999	39.048504	37.85142	141.30731	-52.242535	-39.441875	0.36945623	30008.700121164322
351	398.75	307.86554	767.0	0.0	461.1	407.6014	977.0	0.0	1000.0	1000.0	1403999	39.79395	38.337822	141.6061	-57.999317	-40.177284	0.40009564	30094.91390800476
352	449.5	424.47644	968.0	3.0	728.4	391.77652	989.0	0.0	1000.0	1000.0	1407999	40.50443	38.636387	141.25153	-61.04813	-40.904366	0.41583928	30179.05457186699
353	592.0	414.3724	992.0	0.0	677.0	443.4767	989.0	0.0	1000.0	1000.0	1411999	41.294594	39.130993	140.3742	-66.02634	-41.682766	0.42040578	30263.068417549133
354	701.25	361.59534	987.0	99.0	185.6	309.02628	945.0	0.0	1000.0	1000.0	1415999	41.655872	39.544037	141.2686	-62.524036	-42.03615	0.43400416	30348.035402536392
355	473.5	470.64078	960.0	0.0	862.4	287.78403	973.0	0.0	1000.0	1000.0	1419999	42.86571	39.46531	142.88048	-50.318848	-43.316307	0.47567403	30435.716012001038
356	483.0	401.0162	933.0	39.0	470.1	465.6665	991.0	0.0	1000.0	1000.0	1423999	44.910934	39.09851	144.37811	-50.880936	-45.422203	0.5214419	30523.741040945053
357	657.25	339.1846	955.0	81.0	523.6	440.11777	968.0	0.0	1000.0	1000.0	1427999	47.70427	38.2149	145.8109	-43.3608	-48.216095	0.52262175	30611.831591129303
358	482.5	481.85138	990.0	0.0	487.4	484.28156	991.0	0.0	1000.0	1000.0	1431999	48.5024	39.734573	147.34312	-37.449833	-48.906284	0.50036263	30699.817968845367
359	707.75	256.14584	975.0	335.0	543.4	446.33176	964.0	0.0	1000.0	1000.0	1435999	48.26119	41.593784	149.82208	-32.955067	-48.67404	0.5109612	30787.163311243057
360	408.5	322.87653	942.0	132.0	397.8	466.11044	988.0	0.0	1000.0	1000.0	1439999	49.42026	42.30194	147.33202	-30.368599	-49.91111	0.5305056	30874.95632791519
361	476.0	338.03476	992.0	94.0	378.7	463.21054	968.0	0.0	1000.0	1000.0	1443999	50.2604	42.869606	147.32632	-33.24166	-50.70564	0.53614676	30963.115687847137
362	465.0	426.33673	916.0	0.0	729.2	321.17902	982.0	0.0	1000.0	1000.0	1447999	51.101845	43.385136	147.67	-32.835854	-51.61152	0.51630604	31050.87337732315
363	912.0	46.62081	969.0	849.0	853.6	236.70792	995.0	292.0	1000.0	1000.0	1451999	52.93877	43.05633	146.9577	-30.916943	-53.467125	0.4848388	31138.726825237274
364	463.25	366.1027	954.0	69.0	621.4	413.15134	993.0	0.0	1000.0	1000.0	1455999	54.46674	43.22433	146.10413	-25.918612	-54.986946	0.48169965	31224.500957250595
365	499.75	451.6378	977.0	19.0	534.5	461.41525	997.0	0.0	1000.0	1000.0	1459999	55.499577	42.995483	146.24771	-23.881699	-56.042217	0.48175243	31308.67986178398
366	736.5	131.92137	964.0	641.0	568.5	460.39206	967.0	0.0	1000.0	1000.0	1463999	57.34463	41.76141	147.36981	-17.465837	-57.907642	0.48782867	31396.88890004158
367	782.5	254.05954	989.0	348.0	789.6	377.60092	1000.0	0.0	1000.0	1000.0	1467999	58.17937	40.927208	146.70901	-14.967889	-58.668365	0.47218665	31483.64618086815
368	357.25	406.57434	989.0	0.0	401.5	428.71628	993.0	0.0	1000.0	1000.0	1471999	58.116764	41.052578	142.83313	-9.211427	-58.60414	0.4933789	31570.47384238243
369	761.0	136.29564	941.0	557.0	537.2	426.60748	971.0	0.0	1000.0	1000.0	1475999	58.557304	41.03596	140.22586	-6.2878103	-59.052197	0.5153494	31655.026374578476
370	464.25	464.5473	952.0	0.0	363.9	417.592	979.0	0.0	1000.0	1000.0	1479999	58.529045	41.05232	138.76076	-5.978653	-59.00006	0.54283726	31739.507264375687
371	303.75	283.6771	769.0	0.0	296.1	427.75122	955.0	0.0	1000.0	1000.0	1483999	57.84763	41.733387	139.26085	0.29034233	-58.27964	0.532993	31823.959897994995
372	489.5	473.60242	968.0	3.0	291.7	441.04175	980.0	0.0	1000.0	1000.0	1487999	57.131577	42.60698	138.44543	-2.9086275	-57.55805	0.5441143	31908.994482517242
373	330.0	333.28366	726.0	0.0	483.5	481.91873	972.0	0.0	1000.0	1000.0	1491999	56.64945	43.05355	137.56752	-4.562835	-57.125523	0.5552921	31995.543435573578
374	2.0	2.9154758	7.0	0.0	391.5	479.49728	985.0	0.0	1000.0	1000.0	1495999	57.037914	43.567646	137.54376	-8.608179	-57.533924	0.58750844	32079.991559505463
375	861.25	172.23004	983.0	564.0	585.6	478.2322	989.0	0.0	1000.0	1000.0	1499999	57.24783	44.34761	139.1843	-8.539669	-57.682907	0.57936776	32167.925529956818
376	492.75	492.85666	1000.0	0.0	580.1	473.71606	988.0	0.0	1000.0	1000.0	1503999	56.68283	45.28622	139.36069	-3.8486152	-57.103333	0.56812763	32255.879940271378
377	580.5	376.322	955.0	91.0	538.4	441.30585	989.0	0.0	1000.0	1000.0	1507999	56.23895	45.506966	139.42531	-14.028511	-56.65743	0.5700147	32341.96506047249
378	811.0	190.89787	971.0	489.0	711.1	407.60532	987.0	0.0	1000.0	1000.0	1511999	55.91028	45.222477	139.54065	-29.882862	-56.342125	0.53729343	32427.044843435287
379	545.5	279.43738	798.0	79.0	468.6	455.75064	963.0	0.0	1000.0	1000.0	1515999	56.10165	44.149204	135.33081	-22.334871	-56.576206	0.5149018	32510.78156375885
380	477.25	447.49377	944.0	0.0	580.1	473.7838	994.0	0.0	1000.0	1000.0	1519999	57.118736	43.105183	132.77258	-8.380615	-57.637676	0.5362879	32594.943158388138
381	687.75	391.9167	920.0	9.0	771.1	385.07336	997.0	0.0	1000.0	1000.0	1523999	58.22539	42.121426	131.67447	-11.818862	-58.721176	0.5438349	32682.015964508057
382	747.5	343.3515	957.0	153.0	892.0	120.65985	983.0	596.0	1000.0	1000.0	1527999	59.118065	41.433147	131.96815	0.7154871	-59.64351	0.5347259	32767.968735456467
383	472.5	472.97595	975.0	0.0	640.6	434.5665	979.0	0.0	1000.0	1000.0	1531999	60.23309	40.493683	131.91621	1.8076671	-60.744587	0.5040746	32855.08940267563
384	828.0	110.7452	966.0	678.0	676.8	442.92093	991.0	0.0	1000.0	1000.0	1535999	60.488724	39.68104	131.01448	1.8206147	-60.945812	0.5151387	32940.1004011631
385	721.0	416.74994	985.0	0.0	649.2	427.62756	986.0	0.0	1000.0	1000.0	1539999	60.5174	40.019726	130.75412	1.8233931	-60.995785	0.5214367	33025.8246152401
386	730.5	270.8482	984.0	332.0	672.8	440.89313	989.0	0.0	1000.0	1000.0	1543999	60.76262	40.31736	130.70634	1.8248162	-61.24407	0.48402128	33111.624391794205
387	649.0	387.68222	952.0	0.0	585.4	472.29166	994.0	0.0	1000.0	1000.0	1547999	60.96281	40.653572	130.70245	1.4080005	-61.392105	0.47633338	33199.34919381142
388	718.5	404.61987	972.0	18.0	685.4	444.2603	997.0	0.0	1000.0	1000.0	1551999	60.505177	41.342724	131.33728	1.8260067	-60.96356	0.48004198	33287.08441948891
389	811.75	212.23381	989.0	462.0	580.6	474.2331	1000.0	0.0	1000.0	1000.0	1555999	61.44064	41.685207	133.5195	1.7738214	-61.96412	0.47619507	33374.49091506004
390	948.5	33.826763	986.0	895.0	865.7	289.3911	1000.0	0.0	1000.0	1000.0	1559999	62.75423	41.91135	135.23079	1.8626368	-63.26429	0.4850127	33461.9815094471
391	854.25	72.27162	952.0	762.0	771.0	385.6939	991.0	0.0	1000.0	1000.0	1563999	63.07875	41.872765	135.67424	0.014378428	-63.528126	0.5050188	33549.38101840019
392	885.5	135.70833	978.0	652.0	610.2	448.22644	986.0	0.0	1000.0	1000.0	1567999	62.21654	42.26149	134.95096	-4.3570323	-62.643097	0.493931	33636.88489508629
393	735.75	390.26553	973.0	60.0	569.7	460.45868	962.0	0.0	1000.0	1000.0	1571999	62.05112	42.343792	134.45781	-8.159763	-62.50054	0.49474642	33724.31495285034
394	721.25	396.26782	985.0	39.0	868.4	290.87842	992.0	0.0	1000.0	1000.0	1575999	62.145504	42.65254	133.56494	-13.757016	-62.621788	0.52942836	33811.008742809296
395	967.5	9.069179	983.0	960.0	826.5	309.14243	990.0	0.0	1000.0	1000.0	1579999	62.71976	42.72054	134.08463	-11.765436	-63.195786	0.542684	33895.74280452728
396	934.5	53.48598	970.0	842.0	771.4	386.1016	991.0	0.0	1000.0	1000.0	1583999	63.26904	43.146423	134.46005	-6.862504	-63.72777	0.555678	33979.67392897606
397	735.5	380.89664	971.0	76.0	947.5	59.5974	989.0	774.0	1000.0	1000.0	1587999	63.51804	43.23372	135.55241	-4.7977195	-64.00897	0.5850133	34063.64016890526
398	785.5	257.0141	978.0	343.0	952.6	15.402596	966.0	913.0	1000.0	1000.0	1591999	64.25989	43.808918	137.83919	-2.425144	-64.72286	0.57551855	34147.60195016861
399	741.5	329.73438	981.0	181.0	779.4	389.87927	994.0	0.0	1000.0	1000.0	1595999	64.696144	44.58741	138.60062	-3.5736775	-65.20164	0.57306343	34233.662034749985
400	965.0	9.192389	975.0	950.0	866.7	289.6909	1000.0	0.0	1000.0	1000.0	1599999	65.71048	44.500156	139.0792	-0.92211306	-66.2181	0.5542659	34319.394453048706
401	479.75	405.68607	934.0	18.0	469.9	469.24136	984.0	0.0	1000.0	1000.0	1603999	66.60309	43.891808	139.27933	-6.922903	-67.12064	0.56924856	34403.48045229912
402	764.0	247.52171	997.0	369.0	689.7	429.45386	989.0	0.0	1000.0	1000.0	1607999	67.68937	42.76172	139.71317	-1.9639858	-68.21538	0.57066745	34487.55780029297
403	698.5	181.84677	819.0	384.0	610.6	424.19104	979.0	0.0	1000.0	1000.0	1611999	68.76707	42.196125	140.15662	-19.34049	-69.31276	0.59661084	34572.784536123276
404	904.75	76.36876	972.0	775.0	960.7	24.795362	993.0	917.0	1000.0	1000.0	1615999	69.702225	42.153095	141.02821	-18.43349	-70.21277	0.62758386	34658.29151892662
405	742.75	206.18848	958.0	426.0	923.2	137.84831	988.0	511.0	1000.0	1000.0	1619999	70.26882	42.54899	144.15407	-22.761393	-70.78981	0.61311626	34744.64327836037
406	968.75	11.882235	983.0	953.0	667.3	437.28986	988.0	0.0	1000.0	1000.0	1623999	71.16122	42.89906	148.40807	-26.504356	-71.69828	0.6435668	34828.578696250916
407	920.5	105.9068	995.0	739.0	950.1	30.598856	990.0	882.0	1000.0	1000.0	1627999	71.93523	42.60944	151.8968	-34.012978	-72.44937	0.61756164	34914.75616931915
408	581.0	393.20288	987.0	122.0	671.9	436.91635	981.0	2.0	1000.0	1000.0	1631999	72.46064	42.33032	153.32	-31.025484	-72.984085	0.67162627	35002.23360157013
409	946.5	51.115067	990.0	862.0	869.4	287.46866	988.0	8.0	1000.0	1000.0	1635999	72.76208	42.435944	153.63892	-34.43341	-73.25415	0.6679414	35089.58341097832
410	979.5	9.340771	989.0	964.0	596.4	451.01913	987.0	0.0	1000.0	1000.0	1639999	72.32597	43.13324	153.43166	-37.209263	-72.781425	0.62782747	35175.14525651932
411	839.75	217.86852	983.0	463.0	621.8	428.7164	978.0	0.0	1000.0	1000.0	1643999	72.07211	43.358135	151.03668	-37.937275	-72.55613	0.6627179	35259.78020524979
412	329.25	365.066	953.0	25.0	389.8	464.29642	972.0	0.0	1000.0	1000.0	1647999	72.224365	43.797287	150.36746	-30.746449	-72.71742	0.7093874	35343.770850896835
413	787.0	301.45233	967.0	265.0	473.1	472.99332	973.0	0.0	1000.0	1000.0	1651999	72.790306	44.032326	153.53787	-32.836567	-73.330376	0.7125632	35429.065546274185
414	957.0	23.853722	980.0	922.0	771.6	384.88498	992.0	0.0	1000.0	1000.0	1655999	73.89134	44.20528	153.3353	-31.60271	-74.42872	0.740532	35515.55185985565
415	487.75	474.3582	969.0	1.0	773.7	387.2924	997.0	0.0	1000.0	1000.0	1659999	74.71644	43.7477	152.2571	-24.076042	-75.249596	0.73481995	35602.98569774628
416	722.0	416.9946	975.0	0.0	773.5	384.65887	993.0	0.0	1000.0	1000.0	1663999	75.60987	42.71745	151.76476	-23.69868	-76.19239	0.74778086	35690.403842926025
417	821.25	144.97478	935.0	580.0	904.9	191.36899	1000.0	333.0	1000.0	1000.0	1667999	77.429184	41.822628	150.11316	-22.567408	-78.022644	0.74743503	35777.8850581646
418	606.5	340.65048	988.0	176.0	868.1	289.76382	983.0	1.0	1000.0	1000.0	1671999	78.486275	42.5038	150.0785	-27.287123	-79.06319	0.7442952	35863.34962630272
419	819.0	87.67839	938.0	701.0	676.0	438.5663	985.0	0.0	1000.0	1000.0	1675999	79.718445	44.044975	150.55423	-31.090364	-80.29995	0.7392123	35947.32889723778
420	723.25	273.13492	943.0	268.0	668.9	430.9748	977.0	0.0	1000.0	1000.0	1679999	80.42696	45.726448	150.47505	-34.76062	-80.98679	0.7338839	36031.233184576035
421	535.5	390.01443	950.0	116.0	499.0	416.45673	982.0	0.0	1000.0	1000.0	1683999	81.441	45.49193	152.36852	-33.194332	-82.06548	0.6903321	36115.17266225815
422	440.25	405.50424	971.0	42.0	721.1	386.29712	977.0	0.0	1000.0	1000.0	1687999	83.14651	44.53468	153.11768	-30.502066	-83.79828	0.7036609	36202.36984872818
423	699.5	404.4073	985.0	4.0	764.4	378.56442	975.0	3.0	1000.0	1000.0	1691999	84.82569	44.122322	153.23428	-22.671291	-85.47492	0.71467775	36289.705652713776
424	687.75	224.41632	989.0	359.0	771.2	375.8329	982.0	9.0	1000.0	1000.0	1695999	86.18659	44.573277	156.70996	-14.78689	-86.81823	0.7529123	36377.18407320976
425	921.75	74.13628	992.0	797.0	829.3	310.53696	1000.0	8.0	1000.0	1000.0	1699999	86.9234	44.99334	158.3284	-12.147461	-87.544426	0.74834734	36463.5704638958
426	474.5	474.57587	961.0	0.0	716.3	357.7561	1000.0	0.0	1000.0	1000.0	1703999	86.66669	45.646015	161.54176	-12.37366	-87.16457	0.77362573	36547.45361661911
427	637.5	376.48474	957.0	5.0	567.7	428.70526	993.0	0.0	1000.0	1000.0	1707999	85.71527	47.27306	160.77841	-13.176713	-86.283195	0.839898	36631.29712462425
428	728.75	181.08061	909.0	524.0	679.4	444.2466	987.0	0.0	1000.0	1000.0	1711999	85.72789	47.703484	160.29552	-15.641543	-86.27878	0.8109829	36717.77932929993
429	755.25	234.63097	994.0	442.0	850.8	290.66504	1000.0	8.0	1000.0	1000.0	1715999	85.25709	48.901997	159.15448	-15.6406145	-85.76819	0.78206915	36803.43456745148
430	805.25	153.23083	972.0	596.0	751.1	374.68423	992.0	0.0	1000.0	1000.0	1719999	84.73272	49.727085	157.07593	-16.311134	-85.288826	0.74548733	36890.613832235336
431	841.0	158.42506	979.0	574.0	601.4	445.31836	991.0	2.0	1000.0	1000.0	1723999	84.90169	49.806286	157.78766	-13.587088	-85.44693	0.70576894	36975.978845119476
432	495.5	428.39322	960.0	0.0	875.8	292.23068	997.0	0.0	1000.0	1000.0	1727999	84.61533	50.219307	157.85326	-12.514675	-85.12487	0.6918814	37062.380746126175
433	674.0	393.55304	960.0	0.0	835.6	309.3859	992.0	0.0	1000.0	1000.0	1731999	83.78261	50.801254	157.45772	-12.595765	-84.30873	0.6823005	37148.936948776245
434	754.25	368.17276	988.0	117.0	868.6	287.57233	989.0	7.0	1000.0	1000.0	1735999	83.881905	50.95851	154.24684	-11.326708	-84.415955	0.6668246	37235.03524708748
435	915.25	61.40185	973.0	819.0	775.7	387.95413	989.0	0.0	1000.0	1000.0	1739999	83.99939	50.495174	151.76909	-10.559776	-84.52804	0.6731324	37318.92291164398
436	976.0	9.192389	991.0	966.0	880.8	282.08432	994.0	36.0	1000.0	1000.0	1743999	83.81648	50.70381	153.44814	-10.164091	-84.34292	0.6535116	37402.9955394268
437	910.0	94.458984	984.0	748.0	672.3	440.1784	974.0	0.0	1000.0	1000.0	1747999	84.24142	50.72007	153.64345	-9.90272	-84.800766	0.65376526	37487.045434713364
438	476.5	476.00342	955.0	0.0	581.8	474.38272	995.0	0.0	1000.0	1000.0	1751999	84.90527	50.21734	151.87103	-9.129599	-85.42836	0.6169122	37571.2131755352
439	888.5	84.983826	958.0	743.0	772.4	386.42624	984.0	0.0	1000.0	1000.0	1755999	85.03974	50.42894	151.5457	-8.58132	-85.59625	0.6143036	37655.3948533535
440	739.5	389.0408	984.0	66.0	808.8	324.35376	981.0	3.0	1000.0	1000.0	1759999	85.8255	49.920586	152.43265	-11.995011	-86.393265	0.6242139	37739.52990913391
441	853.25	204.5634	977.0	499.0	688.7	417.6549	992.0	0.0	1000.0	1000.0	1763999	86.51057	49.473495	151.61295	-23.330008	-87.06033	0.6312778	37825.83840465546
442	581.25	411.1997	981.0	36.0	937.8	82.41578	985.0	695.0	1000.0	1000.0	1767999	87.02048	48.75034	150.57782	-7.884501	-87.57338	0.66544473	37909.78074502945
443	769.75	346.72205	998.0	170.0	774.5	380.42377	982.0	10.0	1000.0	1000.0	1771999	87.13889	48.38342	149.86476	-11.137291	-87.67012	0.69838107	37993.71684885025
444	883.0	176.18456	992.0	578.0	795.4	285.06323	976.0	7.0	1000.0	1000.0	1775999	86.95721	48.80594	149.75351	-14.367055	-87.46076	0.72007984	38077.67879939079
445	984.75	3.9607449	991.0	980.0	786.6	384.74283	994.0	4.0	1000.0	1000.0	1779999	86.70431	49.819016	149.63518	-18.656258	-87.23401	0.71226436	38163.651601314545
446	724.75	411.238	988.0	13.0	761.6	328.0647	988.0	0.0	1000.0	1000.0	1783999	87.52283	49.981853	149.97908	-24.358925	-88.103294	0.7367633	38247.9401113987
447	713.25	411.9523	966.0	0.0	868.9	289.92944	990.0	0.0	1000.0	1000.0	1787999	89.11552	49.336594	149.7822	-22.74736	-89.685646	0.730952	38332.05212187767
448	821.25	245.18704	980.0	397.0	863.2	284.87567	988.0	10.0	1000.0	1000.0	1791999	89.92645	49.23926	148.9139	-19.572868	-90.57896	0.7807134	38416.76241540909
449	588.25	376.711	962.0	66.0	862.1	287.6305	980.0	0.0	1000.0	1000.0	1795999	92.58215	46.070774	148.26247	-22.38142	-93.24641	0.76582265	38504.173355579376
450	674.5	349.92462	964.0	97.0	720.2	373.64954	987.0	0.0	1000.0	1000.0	1799999	94.05206	44.962597	147.56644	-30.451948	-94.67001	0.75612134	38592.341237068176
451	746.5	372.49194	989.0	102.0	776.5	386.02002	993.0	0.0	1000.0	1000.0	1803999	94.91332	44.711945	146.10408	-31.683296	-95.5322	0.742907	38678.71584534645
452	750.25	372.08963	975.0	106.0	769.8	342.91742	982.0	2.0	1000.0	1000.0	1807999	95.52695	44.677917	144.69879	-42.43324	-96.125626	0.7436929	38765.1333398819
453	719.25	264.24078	947.0	298.0	664.8	435.0717	983.0	0.0	1000.0	1000.0	1811999	95.93172	45.215008	145.81775	-44.525803	-96.5136	0.7365291	38849.34123659134
454	658.25	339.67438	998.0	207.0	686.0	440.6248	994.0	0.0	1000.0	1000.0	1815999	95.80778	46.309677	145.81392	-43.837692	-96.39149	0.6757966	38933.50774478912
455	772.5	318.53925	967.0	221.0	799.4	329.34607	982.0	3.0	1000.0	1000.0	1819999	96.32422	46.625317	144.51306	-37.89603	-96.9263	0.68410695	39019.904650211334
456	755.75	212.88539	986.0	492.0	946.3	66.997086	979.0	746.0	1000.0	1000.0	1823999	96.76179	46.57874	143.54703	-35.029488	-97.35915	0.6725717	39105.618517160416
457	941.5	58.281643	993.0	843.0	764.6	382.40637	967.0	0.0	1000.0	1000.0	1827999	97.1527	46.30085	143.0186	-28.55254	-97.746315	0.6679813	39190.716349840164
458	972.25	15.562374	993.0	952.0	635.0	398.54208	985.0	0.0	1000.0	1000.0	1831999	97.254	46.771732	143.06761	-22.148235	-97.84584	0.65817535	39274.80363249779
459	677.25	352.75797	941.0	73.0	666.6	435.78027	978.0	0.0	1000.0	1000.0	1835999	97.36037	46.667057	143.4668	-16.99278	-97.943016	0.64873314	39358.64018201828
460	610.75	398.34305	989.0	0.0	875.6	291.80444	993.0	1.0	1000.0	1000.0	1839999	97.52622	46.304665	143.20093	-23.236088	-98.08592	0.66787636	39442.74014878273
461	728.75	416.13303	972.0	8.0	767.5	382.22617	984.0	0.0	1000.0	1000.0	1843999	97.31583	46.434517	142.97893	-25.535988	-97.87542	0.7194418	39526.84059715271
462	658.75	386.84	965.0	0.0	968.2	14.634207	990.0	950.0	1000.0	1000.0	1847999	97.01406	45.54134	142.79161	-37.57823	-97.56022	0.74205774	39614.313601732254
463	843.75	112.53527	970.0	662.0	881.3	293.60858	1000.0	2.0	1000.0	1000.0	1851999	97.083	45.249653	142.60696	-35.538006	-97.657364	0.7529917	39702.577383995056
464	947.5	44.070965	988.0	873.0	739.8	388.06747	993.0	0.0	1000.0	1000.0	1855999	97.48737	45.15369	143.04294	-31.548164	-98.08706	0.7788121	39790.38822340965
465	717.25	413.59424	967.0	1.0	868.6	280.96164	984.0	27.0	1000.0	1000.0	1859999	98.51304	44.549965	143.79323	-25.339844	-99.1112	0.7987343	39876.10103011131
466	957.25	8.317903	969.0	948.0	684.2	441.1385	1000.0	4.0	1000.0	1000.0	1863999	98.68356	44.52277	144.96658	-24.504732	-99.26373	0.75189376	39960.25551724434
467	875.5	186.43028	998.0	553.0	864.6	286.3872	1000.0	9.0	1000.0	1000.0	1867999	99.15677	44.229183	146.75511	-16.723232	-99.73925	0.7580132	40044.19008564949
468	980.0	15.700318	1000.0	956.0	767.9	384.56143	996.0	0.0	1000.0	1000.0	1871999	99.3606	44.599064	148.30981	-10.684379	-99.93497	0.7576951	40128.20638918877
469	960.25	12.794042	973.0	946.0	720.2	387.35123	974.0	0.0	1000.0	1000.0	1875999	99.36462	44.51915	149.20213	-17.019964	-99.93798	0.7143885	40215.49683499336
470	965.75	10.848387	977.0	953.0	953.3	11.515641	969.0	927.0	1000.0	1000.0	1879999	99.98059	44.161476	150.00685	-21.764624	-100.56568	0.7103994	40303.53200984001
471	714.5	410.24048	957.0	4.0	809.8	301.57812	980.0	11.0	1000.0	1000.0	1883999	100.38053	44.096424	150.31345	-20.54876	-100.95645	0.73782134	40390.1309773922
472	540.5	429.7979	965.0	17.0	691.8	358.41785	991.0	0.0	1000.0	1000.0	1887999	100.83317	44.1834	151.02888	-4.6089563	-101.41992	0.6708331	40474.19835400581
473	884.75	115.765656	971.0	688.0	874.9	283.29047	994.0	26.0	1000.0	1000.0	1891999	101.26034	44.166107	151.97675	-9.496088	-101.84491	0.6508202	40558.153297662735
474	963.75	17.569506	992.0	949.0	892.3	211.32253	993.0	279.0	1000.0	1000.0	1895999	101.70892	43.92292	153.13992	-12.038059	-102.29058	0.6224778	40642.12980699539
475	678.5	369.3403	966.0	62.0	736.4	318.59415	977.0	0.0	1000.0	1000.0	1899999	101.6896	43.564884	152.30743	-22.433966	-102.254105	0.6505984	40728.59057426453
476	897.25	124.51782	980.0	682.0	733.4	388.48044	981.0	0.0	1000.0	1000.0	1903999	101.67438	42.903805	151.35591	-8.063287	-102.23139	0.6887878	40816.83125829697
477	873.25	160.82968	975.0	595.0	725.2	391.23108	989.0	0.0	1000.0	1000.0	1907999	101.74478	41.918774	150.8144	2.183477	-102.29652	0.681604	40904.825313568115
478	837.75	216.45598	972.0	463.0	789.9	319.49915	991.0	0.0	1000.0	1000.0	1911999	101.74766	41.346867	150.4362	2.1586366	-102.29182	0.68450487	40989.736993551254
479	919.5	93.31801	997.0	760.0	961.1	15.436645	997.0	946.0	1000.0	1000.0	1915999	101.62792	41.20141	151.16504	-4.215344	-102.18027	0.6447121	41075.80159330368
480	960.25	19.879324	979.0	928.0	865.0	288.82416	983.0	0.0	1000.0	1000.0	1919999	102.27064	40.46892	149.94272	-10.993455	-102.8488	0.65907055	41163.31783366203
481	731.25	395.65604	966.0	46.0	771.0	382.5245	989.0	6.0	1000.0	1000.0	1923999	102.82747	39.83771	149.21872	2.0891223	-103.40732	0.68657786	41251.29156374931
482	755.0	305.9044	968.0	229.0	874.7	292.26633	999.0	0.0	1000.0	1000.0	1927999	103.68261	39.203827	148.2469	2.0766256	-104.28129	0.7313684	41339.34917807579
483	724.5	331.8347	982.0	171.0	773.1	386.8179	988.0	0.0	1000.0	1000.0	1931999	104.62312	39.416622	149.12929	1.2557466	-105.24843	0.80252624	41427.57878804207
484	591.25	330.80838	967.0	59.0	681.0	428.64764	986.0	4.0	1000.0	1000.0	1935999	106.34354	39.728138	151.04007	2.0587676	-107.01581	0.855298	41515.678384780884
485	457.75	453.45032	972.0	3.0	957.8	12.400001	976.0	936.0	1000.0	1000.0	1939999	108.45022	39.6974	152.45181	2.051123	-109.11285	0.8108043	41601.687660217285
486	834.5	165.60872	976.0	564.0	845.3	155.91154	986.0	554.0	1000.0	1000.0	1943999	109.47316	39.07583	151.6703	0.2104013	-110.10772	0.71534145	41688.291836977005
487	966.0	24.505102	996.0	932.0	909.9	106.5734	977.0	677.0	1000.0	1000.0	1947999	110.59751	38.443993	149.62439	2.0452213	-111.26081	0.7050615	41772.78827738762
488	969.5	16.560495	986.0	942.0	879.5	161.30174	984.0	486.0	1000.0	1000.0	1951999	111.64327	38.334595	148.91472	-1.1754756	-112.27463	0.68764275	41856.952649354935
489	981.25	12.871965	1000.0	967.0	868.8	289.85403	987.0	0.0	1000.0	1000.0	1955999	111.61442	37.829933	146.6559	2.0251112	-112.21227	0.69069076	41941.043372392654
490	735.5	409.69836	984.0	26.0	964.5	18.348024	998.0	931.0	1000.0	1000.0	1959999	111.52538	37.177235	145.06181	2.0108004	-112.1113	0.70858824	42025.27104997635
491	933.5	52.889034	988.0	846.0	963.0	17.111399	987.0	931.0	1000.0	1000.0	1963999	111.1808	36.468925	144.50455	1.9909886	-111.75318	0.7086886	42112.55849266052
492	950.0	13.747727	971.0	933.0	874.9	291.8645	988.0	0.0	1000.0	1000.0	1967999	110.93566	35.57793	143.62704	-0.5813254	-111.50918	0.65002394	42199.27421736717
493	951.5	8.732124	960.0	937.0	785.6	301.56763	971.0	6.0	1000.0	1000.0	1971999	110.80592	34.694225	142.25378	-4.9389195	-111.3872	0.63743967	42283.48962712288
494	947.25	33.655422	980.0	891.0	968.0	23.043438	998.0	913.0	1000.0	1000.0	1975999	110.93361	33.79849	142.76761	-11.497618	-111.51237	0.67343664	42368.44172286987
495	924.0	45.972816	967.0	847.0	401.6	470.23788	998.0	1.0	1000.0	1000.0	1979999	111.03414	33.097546	144.06444	-21.958542	-111.634056	0.7197843	42456.13963222504
496	480.0	425.9736	966.0	0.0	971.2	11.973305	988.0	950.0	1000.0	1000.0	1983999	111.67484	32.06564	145.07895	-28.15745	-112.2845	0.7779643	42542.61795926094
497	962.75	30.384	993.0	913.0	870.1	286.95276	982.0	10.0	1000.0	1000.0	1987999	112.20721	31.34881	146.52188	-21.928791	-112.80944	0.770888	42626.71126270294
498	911.5	75.658775	990.0	803.0	923.0	142.60716	984.0	496.0	1000.0	1000.0	1991999	112.63973	31.144215	147.31387	-16.18274	-113.24156	0.7811251	42711.816697597504
499	886.75	100.58175	970.0	718.0	964.6	14.974645	984.0	937.0	1000.0	1000.0	1995999	113.26383	30.560083	145.89474	-5.140912	-113.881645	0.76606613	42796.07689023018
500	969.75	19.5624	991.0	946.0	961.1	25.224789	989.0	913.0	1000.0	1000.0	1999999	113.83548	29.482054	145.74188	-1.6482838	-114.43543	0.7302544	42880.41731405258
