Epoch	AverageEpRet	StdEpRet	MaxEpRet	MinEpRet	AverageTestEpRet	StdTestEpRet	MaxTestEpRet	MinTestEpRet	EpLen	TestEpLen	TotalEnvInteracts	AverageQVals	StdQVals	MaxQVals	MinQVals	LossPi	LossQ	Time
1	0.0	0.0	0.0	0.0	2.8	8.400001	28.0	0.0	1000.0	1000.0	3999	0.050487153	0.06388697	0.23743871	-0.60607755	-0.06347876	5.5184497e-05	51.59258842468262
2	20.75	20.753012	42.0	0.0	0.7	1.4177446	4.0	0.0	1000.0	1000.0	7999	0.3381194	0.31398022	5.079747	-0.032662395	-0.35253882	0.0017177208	121.19584798812866
3	0.0	0.0	0.0	0.0	0.3	0.90000004	3.0	0.0	1000.0	1000.0	11999	0.756791	0.81351376	9.048337	0.09019774	-0.7677386	0.0023922063	195.0090296268463
4	1.25	2.1650636	5.0	0.0	0.3	0.64031243	2.0	0.0	1000.0	1000.0	15999	2.137846	2.4552617	23.481556	0.17746508	-2.2181485	0.005841822	267.81282901763916
5	0.0	0.0	0.0	0.0	0.7	1.5524175	5.0	0.0	1000.0	1000.0	19999	5.7561574	5.14596	32.951725	0.36298826	-5.9514313	0.011023325	339.8524389266968
6	0.0	0.0	0.0	0.0	0.0	0.0	0.0	0.0	1000.0	1000.0	23999	12.595249	9.647576	47.29817	0.7680803	-12.995954	0.038978722	412.10435795783997
7	0.0	0.0	0.0	0.0	0.0	0.0	0.0	0.0	1000.0	1000.0	27999	19.680239	11.789611	46.67731	1.1312172	-19.972063	0.036653373	485.2194678783417
8	0.0	0.0	0.0	0.0	0.0	0.0	0.0	0.0	1000.0	1000.0	31999	20.997326	10.251312	41.96375	1.2329824	-21.218418	0.024973327	552.870751619339
9	0.0	0.0	0.0	0.0	0.0	0.0	0.0	0.0	1000.0	1000.0	35999	23.034197	9.031049	36.55521	1.3029306	-23.282684	0.019677602	615.7277991771698
10	0.0	0.0	0.0	0.0	95.3	285.9	953.0	0.0	1000.0	1000.0	39999	22.781303	7.9373074	34.124596	1.087868	-22.942488	0.014752256	678.2960453033447
11	0.0	0.0	0.0	0.0	1.6	2.5377154	7.0	0.0	1000.0	1000.0	43999	21.915607	7.0940866	33.885475	0.9367565	-22.062145	0.015406788	744.5568821430206
12	40.0	48.187134	118.0	0.0	0.6	1.8000001	6.0	0.0	1000.0	1000.0	47999	21.293863	6.630635	35.031982	0.8012692	-21.476475	0.016452145	817.5407607555389
13	1.75	1.7853571	4.0	0.0	3.3	6.165225	20.0	0.0	1000.0	1000.0	51999	20.983475	6.390161	36.632095	0.75314385	-21.155542	0.017225139	890.7511451244354
14	33.0	46.834816	113.0	0.0	91.2	263.63943	882.0	0.0	1000.0	1000.0	55999	20.770084	6.329364	36.744614	0.64665186	-20.952082	0.018624851	964.2965767383575
15	1.0	1.7320508	4.0	0.0	2.6	2.8354893	8.0	0.0	1000.0	1000.0	59999	20.719997	6.058674	35.158607	0.65495014	-20.89255	0.017756052	1033.9506249427795
16	22.25	36.82645	86.0	0.0	176.3	349.7159	894.0	0.0	1000.0	1000.0	63999	20.49124	5.9782763	35.90256	0.64631814	-20.659967	0.019489205	1110.8510873317719
17	92.75	158.92038	368.0	0.0	1.1	1.4456832	4.0	0.0	1000.0	1000.0	67999	20.587864	5.978537	34.167473	0.6471707	-20.778461	0.023563348	1188.474675655365
18	211.5	267.23163	654.0	0.0	92.9	278.7	929.0	0.0	1000.0	1000.0	71999	20.439003	5.7799964	32.001804	0.6391311	-20.596624	0.026652995	1267.3835711479187
19	27.75	48.06441	111.0	0.0	51.2	151.61055	506.0	0.0	1000.0	1000.0	75999	20.600885	6.004784	36.763195	0.63102865	-20.823809	0.03761974	1349.9986238479614
20	203.25	207.99925	469.0	0.0	466.3	468.0692	989.0	0.0	1000.0	1000.0	79999	22.43864	7.405611	43.779533	0.46774042	-22.747095	0.047109865	1431.743215560913
21	231.25	246.20456	582.0	0.0	62.6	95.75719	266.0	0.0	1000.0	1000.0	83999	25.564276	8.926916	49.119232	0.6230605	-25.93219	0.06428513	1514.2495167255402
22	341.0	218.50629	578.0	0.0	477.2	473.15894	974.0	0.0	1000.0	1000.0	87999	29.370272	10.331377	50.467007	0.6186871	-29.773632	0.08198052	1597.5137753486633
23	327.25	327.3892	668.0	0.0	288.2	438.53867	971.0	0.0	1000.0	1000.0	91999	33.15633	11.159433	54.880836	0.6168781	-33.568947	0.09669502	1680.9440977573395
24	275.5	378.96207	919.0	0.0	388.2	475.60464	993.0	0.0	1000.0	1000.0	95999	36.11532	11.554948	61.511368	0.6212981	-36.513313	0.11459474	1764.6047031879425
25	858.25	101.41592	966.0	752.0	558.0	454.70584	990.0	0.0	1000.0	1000.0	99999	39.1055	12.609639	67.90859	0.47903085	-39.532936	0.13400844	1847.4463889598846
26	399.25	390.71817	815.0	0.0	284.6	434.82968	991.0	0.0	1000.0	1000.0	103999	42.77874	14.347556	76.2529	0.6370992	-43.26306	0.1605084	1929.516691684723
27	234.5	400.41324	928.0	0.0	407.5	459.44254	975.0	0.0	1000.0	1000.0	107999	47.1877	16.14334	81.963646	0.6459557	-47.7386	0.18459307	2011.5945160388947
28	151.5	126.38335	312.0	0.0	656.9	435.19363	987.0	0.0	1000.0	1000.0	111999	51.749207	17.569927	88.67096	0.39966133	-52.353725	0.20024689	2095.9313328266144
29	947.0	27.046257	981.0	912.0	485.2	485.22876	981.0	0.0	1000.0	1000.0	115999	56.42403	19.038107	94.60256	0.6620572	-57.022163	0.21864982	2180.1590678691864
30	517.0	337.58923	938.0	0.0	866.1	284.15717	989.0	15.0	1000.0	1000.0	119999	60.853764	20.36013	99.459045	0.6704811	-61.51075	0.24330434	2264.198053598404
31	720.25	303.7864	977.0	220.0	587.2	474.04108	998.0	0.0	1000.0	1000.0	123999	66.24388	21.545294	105.88632	0.6850059	-66.974945	0.27102742	2344.7397265434265
32	709.25	121.37622	905.0	587.0	912.3	147.449	992.0	489.0	1000.0	1000.0	127999	71.79069	22.454718	111.31295	0.7022222	-72.53216	0.27402866	2425.410234928131
33	693.0	400.45288	969.0	6.0	676.7	437.8785	979.0	0.0	1000.0	1000.0	131999	76.54408	23.012342	116.21262	0.71470314	-77.25358	0.29353204	2506.2251439094543
34	499.25	440.28876	963.0	0.0	601.4	344.45966	961.0	0.0	1000.0	1000.0	135999	80.07666	23.522299	120.81668	0.72027266	-80.805145	0.31084555	2587.2991845607758
35	828.0	165.91866	953.0	547.0	715.9	400.79233	986.0	0.0	1000.0	1000.0	139999	83.359116	24.05274	125.44362	0.72236496	-84.048256	0.31946543	2668.36576795578
36	955.5	13.444329	975.0	937.0	717.7	396.81482	992.0	0.0	1000.0	1000.0	143999	85.89202	24.097921	128.59824	0.7261786	-86.58138	0.3352791	2749.6872930526733
37	867.25	127.977295	971.0	648.0	708.0	371.25598	972.0	8.0	1000.0	1000.0	147999	88.10162	24.43629	131.00708	0.2034654	-88.765366	0.34602338	2833.466421842575
38	708.0	262.87354	972.0	379.0	573.7	467.7038	985.0	0.0	1000.0	1000.0	151999	90.4155	25.14081	135.25168	0.7270687	-91.08979	0.36220804	2918.6127054691315
39	832.75	248.90096	987.0	402.0	800.3	329.75537	991.0	2.0	1000.0	1000.0	155999	92.49244	25.54303	134.96422	0.7323564	-93.21039	0.3571465	3000.321210384369
40	948.5	14.722432	965.0	925.0	731.4	383.43948	981.0	0.0	1000.0	1000.0	159999	95.67065	25.933044	136.3867	0.73706913	-96.423386	0.36309332	3081.8924424648285
41	925.5	71.61878	989.0	804.0	829.0	307.3197	993.0	20.0	1000.0	1000.0	163999	98.57589	25.771708	137.32579	0.7401608	-99.29067	0.3469608	3166.4239785671234
42	939.25	44.319157	983.0	873.0	868.5	284.94604	977.0	14.0	1000.0	1000.0	167999	99.77404	25.505686	137.37883	-4.7540994	-100.412575	0.34550914	3251.761276245117
43	677.75	331.69217	965.0	137.0	873.0	281.0267	993.0	31.0	1000.0	1000.0	171999	100.21543	25.436443	136.85931	-8.067367	-100.857765	0.3425343	3336.5043120384216
44	963.75	9.959292	981.0	958.0	951.3	19.292744	988.0	925.0	1000.0	1000.0	175999	101.14365	25.618631	138.45549	-7.5022993	-101.80719	0.3233288	3422.276937484741
45	959.5	15.6604595	985.0	943.0	956.0	22.194593	993.0	929.0	1000.0	1000.0	179999	102.67372	25.33166	139.13702	0.76071	-103.38159	0.33062658	3508.021720647812
46	953.75	12.794042	967.0	935.0	957.9	11.076552	975.0	941.0	1000.0	1000.0	183999	104.85302	23.945938	138.17233	0.78147733	-105.56013	0.3353731	3593.7038865089417
47	943.5	41.943413	987.0	886.0	870.7	285.86642	988.0	14.0	1000.0	1000.0	187999	106.14479	23.439854	137.5384	0.79610527	-106.80896	0.33013645	3678.5713877677917
48	959.25	37.23154	1000.0	901.0	778.4	382.64636	986.0	4.0	1000.0	1000.0	191999	106.48218	23.116756	136.0627	0.80623233	-107.08164	0.33024657	3764.2485704421997
49	810.75	159.838	987.0	606.0	949.5	26.747898	978.0	892.0	1000.0	1000.0	195999	106.51559	23.210896	133.14005	0.8120734	-107.12995	0.33557618	3849.0907657146454
50	978.0	22.28228	996.0	940.0	961.8	13.01384	982.0	933.0	1000.0	1000.0	199999	107.01112	23.394608	133.57088	0.81857824	-107.6295	0.3310082	3931.405923128128
51	874.75	102.90378	991.0	709.0	754.6	375.00967	976.0	9.0	1000.0	1000.0	203999	107.48524	23.735117	133.47949	0.8245959	-108.08931	0.32563534	4013.965621471405
52	956.75	7.5952287	966.0	947.0	866.5	289.09488	985.0	0.0	1000.0	1000.0	207999	107.63351	23.746466	132.94283	-4.242531	-108.21944	0.3234341	4097.588134765625
53	688.25	400.94037	975.0	0.0	778.0	382.513	997.0	9.0	1000.0	1000.0	211999	107.70189	24.260183	132.83553	-7.337208	-108.29219	0.33785355	4181.918895483017
54	757.0	349.9693	971.0	151.0	869.1	287.57864	988.0	7.0	1000.0	1000.0	215999	107.91913	24.61077	132.43677	-10.901048	-108.48897	0.32896835	4266.555153608322
55	672.75	387.2663	945.0	9.0	965.8	10.628264	979.0	949.0	1000.0	1000.0	219999	108.24563	24.234915	132.24785	-16.427439	-108.85156	0.32591364	4351.581276416779
56	935.0	34.60491	971.0	878.0	908.0	160.20985	987.0	430.0	1000.0	1000.0	223999	108.74165	23.602976	132.94751	-19.499434	-109.32375	0.31738076	4435.439950466156
57	551.0	399.9669	944.0	0.0	955.3	14.443337	981.0	928.0	1000.0	1000.0	227999	108.70197	23.37279	132.77876	-21.13683	-109.27242	0.3252549	4521.580281972885
58	718.75	415.05865	972.0	0.0	861.6	285.24347	1000.0	8.0	1000.0	1000.0	231999	108.25859	23.4251	131.76447	-21.924267	-108.80524	0.31395128	4607.973089694977
59	965.25	20.765055	995.0	937.0	776.3	387.54797	998.0	0.0	1000.0	1000.0	235999	108.04471	23.253256	132.10503	-17.904402	-108.58165	0.30574518	4694.489587306976
60	956.75	28.234509	991.0	917.0	784.7	377.22964	999.0	26.0	1000.0	1000.0	239999	108.15002	23.086676	130.6496	-10.320228	-108.70789	0.30235144	4780.812571525574
61	841.5	206.8242	992.0	485.0	682.1	434.02982	994.0	1.0	1000.0	1000.0	243999	108.39395	22.711176	130.27621	-10.30152	-108.94552	0.293456	4867.376052856445
62	948.75	29.277765	986.0	907.0	867.9	287.24603	985.0	7.0	1000.0	1000.0	247999	108.50243	22.802555	130.64793	0.8475215	-109.03528	0.3008255	4954.034593820572
63	836.5	230.6106	995.0	438.0	962.0	15.079787	983.0	930.0	1000.0	1000.0	251999	108.47297	22.664082	130.44188	-6.376214	-108.99311	0.30444103	5039.555771589279
64	959.0	32.54228	988.0	904.0	579.4	472.56772	990.0	0.0	1000.0	1000.0	255999	108.28262	22.485601	130.5572	-17.681206	-108.81181	0.3071925	5123.6158356666565
65	579.0	365.58994	979.0	75.0	954.6	16.560192	994.0	927.0	1000.0	1000.0	259999	108.37785	22.366346	131.30353	-14.590142	-108.88539	0.31152722	5209.985926866531
66	908.5	69.15382	972.0	800.0	857.6	286.79266	992.0	0.0	1000.0	1000.0	263999	108.25367	22.431911	132.07765	-1.7213497	-108.764755	0.31140032	5296.5995657444
67	966.25	10.755813	981.0	955.0	859.3	287.54617	988.0	0.0	1000.0	1000.0	267999	108.2546	22.638035	132.21126	0.86419535	-108.769455	0.3285866	5383.291665315628
68	968.25	13.970952	982.0	946.0	774.9	386.04855	984.0	0.0	1000.0	1000.0	271999	108.82844	22.742466	131.53917	0.86468875	-109.35969	0.33195397	5469.936123132706
69	976.25	4.81534	984.0	971.0	950.8	26.248047	984.0	892.0	1000.0	1000.0	275999	109.25281	22.97256	132.62485	0.866331	-109.77229	0.34065855	5556.711725473404
70	945.75	23.252687	975.0	921.0	867.6	289.36282	981.0	0.0	1000.0	1000.0	279999	109.60147	23.158987	133.59317	0.8700313	-110.12749	0.3508678	5640.999799489975
71	752.5	363.6279	981.0	123.0	963.7	13.892804	985.0	941.0	1000.0	1000.0	283999	110.21463	23.327711	135.05594	0.8730299	-110.763565	0.37260604	5724.565033912659
72	935.5	25.74393	969.0	901.0	886.0	163.40074	1000.0	494.0	1000.0	1000.0	287999	111.11483	22.803993	135.35988	0.880594	-111.656944	0.36128503	5811.280383825302
73	782.75	328.46262	985.0	214.0	775.8	376.25067	994.0	3.0	1000.0	1000.0	291999	111.72553	22.569874	134.98343	-9.774023	-112.252106	0.35234234	5896.255943536758
74	937.25	29.12366	957.0	887.0	863.7	288.23325	985.0	0.0	1000.0	1000.0	295999	112.14835	22.224503	133.60794	-11.573632	-112.670044	0.35159028	5981.587500095367
75	933.25	19.188213	966.0	917.0	732.9	352.95395	973.0	0.0	1000.0	1000.0	299999	112.72542	21.829874	135.35109	-17.657045	-113.279	0.3533427	6065.486241340637
76	574.0	415.35587	975.0	8.0	760.8	379.93628	992.0	0.0	1000.0	1000.0	303999	113.64668	22.326435	139.6152	-12.610764	-114.210686	0.3630329	6151.543435096741
77	897.0	87.524284	986.0	771.0	661.3	386.5936	989.0	0.0	1000.0	1000.0	307999	114.27746	22.02873	139.42595	-12.97332	-114.8202	0.34914708	6238.847712993622
78	918.25	40.152054	963.0	864.0	853.5	286.28876	981.0	0.0	1000.0	1000.0	311999	114.6848	21.309378	137.3564	-11.517706	-115.21477	0.36373013	6324.0056121349335
79	919.5	72.885185	981.0	801.0	775.2	379.93442	976.0	0.0	1000.0	1000.0	315999	114.66195	21.226944	135.22815	-0.73699063	-115.17055	0.35463664	6407.97904753685
80	847.5	184.92229	984.0	532.0	962.4	14.671061	984.0	938.0	1000.0	1000.0	319999	114.53743	21.202145	136.36888	-1.6591184	-115.02849	0.35882306	6494.205736398697
81	807.0	136.03125	980.0	649.0	962.0	16.858232	986.0	931.0	1000.0	1000.0	323999	113.72561	20.920748	136.37558	-2.9723353	-114.18191	0.3370938	6581.793714761734
82	821.75	254.66386	985.0	381.0	860.0	287.08395	987.0	1.0	1000.0	1000.0	327999	113.11829	20.688795	134.90364	-0.12554383	-113.59825	0.34540713	6667.548458814621
83	686.75	334.39825	942.0	125.0	773.9	384.59445	983.0	4.0	1000.0	1000.0	331999	112.89715	20.5101	134.67601	0.92745686	-113.36847	0.35744634	6751.992020606995
84	962.5	12.338963	976.0	945.0	954.4	20.693962	993.0	922.0	1000.0	1000.0	335999	112.64882	20.339088	133.90831	0.9323581	-113.11977	0.34535176	6836.451351881027
85	947.0	36.789944	989.0	888.0	837.7	290.81232	983.0	3.0	1000.0	1000.0	339999	112.63522	20.42201	133.5965	0.9369109	-113.127174	0.34746954	6920.943203210831
86	595.0	398.24426	985.0	4.0	669.9	437.6326	990.0	0.0	1000.0	1000.0	343999	113.14006	20.712404	133.51392	0.94088393	-113.65552	0.3729792	7005.449891090393
87	959.25	24.365704	986.0	920.0	876.8	291.27368	992.0	4.0	1000.0	1000.0	347999	113.70711	21.007872	133.29903	0.9475387	-114.22197	0.35302594	7092.463147163391
88	554.5	407.21277	950.0	15.0	774.6	387.72366	1000.0	0.0	1000.0	1000.0	351999	114.0526	21.107828	132.72385	0.9472624	-114.55123	0.35855785	7178.549154758453
89	961.25	6.759253	971.0	952.0	693.9	412.84998	999.0	3.0	1000.0	1000.0	355999	113.99382	20.935236	133.33687	0.947844	-114.47559	0.35306755	7266.897220373154
90	946.75	29.768902	983.0	914.0	960.7	19.308289	1000.0	933.0	1000.0	1000.0	359999	114.24557	20.647017	134.23004	0.9536208	-114.74825	0.3636552	7355.317759990692
91	826.25	244.63991	986.0	403.0	960.0	17.023512	988.0	920.0	1000.0	1000.0	363999	114.81473	20.38005	135.8563	0.96124613	-115.3276	0.3499974	7442.835998296738
92	956.0	11.489125	970.0	938.0	967.1	20.017242	994.0	929.0	1000.0	1000.0	367999	115.3856	20.907347	137.93979	0.97077113	-115.92439	0.38402867	7530.020795345306
93	905.75	71.719505	965.0	784.0	963.9	9.385628	978.0	947.0	1000.0	1000.0	371999	116.75828	21.351046	137.87242	-0.048811197	-117.34028	0.3855255	7618.52556014061
94	957.5	15.8823805	982.0	942.0	882.6	146.5682	969.0	518.0	1000.0	1000.0	375999	117.96873	21.21375	137.16504	0.98012483	-118.503174	0.37544346	7707.119956731796
95	949.75	27.12356	968.0	903.0	916.5	80.63901	972.0	684.0	1000.0	1000.0	379999	118.19302	20.867687	137.20547	0.99111074	-118.70289	0.35337743	7794.3172862529755
96	967.0	13.619839	981.0	951.0	771.5	385.98892	987.0	0.0	1000.0	1000.0	383999	117.76347	20.096134	136.86798	0.9943005	-118.221176	0.36355063	7880.912506103516
97	924.5	64.39915	980.0	815.0	871.1	290.3785	990.0	1.0	1000.0	1000.0	387999	117.07716	19.83341	134.8599	0.9937651	-117.54752	0.3713434	7968.66857624054
98	714.0	412.25418	959.0	0.0	861.6	286.49405	991.0	4.0	1000.0	1000.0	391999	116.80147	19.538954	132.93472	0.99820775	-117.28674	0.35082978	8054.69943523407
99	969.5	13.901439	984.0	947.0	823.5	252.93646	989.0	127.0	1000.0	1000.0	395999	116.67635	19.0978	132.69353	1.0089523	-117.14707	0.3199832	8140.477979660034
100	938.5	18.553976	970.0	922.0	829.3	292.89282	988.0	18.0	1000.0	1000.0	399999	116.45628	19.041216	132.69376	1.0215799	-116.91875	0.31420252	8225.691081523895
101	708.25	293.93143	987.0	259.0	671.3	439.49905	969.0	0.0	1000.0	1000.0	403999	116.31254	18.85768	133.94421	1.025239	-116.79437	0.31500605	8313.779688835144
102	964.75	19.803724	985.0	932.0	799.3	286.77313	994.0	0.0	1000.0	1000.0	407999	116.18516	18.470224	135.24861	1.0321105	-116.63091	0.3121742	8402.689569950104
103	926.5	73.09412	972.0	800.0	953.5	17.229336	975.0	918.0	1000.0	1000.0	411999	115.70233	18.141693	133.84622	1.0381378	-116.1438	0.31367755	8489.747061252594
104	783.5	316.94913	979.0	235.0	964.1	15.1950655	984.0	932.0	1000.0	1000.0	415999	115.39632	17.89594	134.80301	1.04116	-115.84757	0.31141388	8574.996838092804
105	965.75	8.699857	976.0	953.0	958.4	16.107141	979.0	921.0	1000.0	1000.0	419999	115.55584	18.111704	132.00957	1.044682	-116.02493	0.32646132	8660.127247571945
106	956.75	15.384651	981.0	940.0	954.4	17.356266	984.0	917.0	1000.0	1000.0	423999	115.4632	18.285242	131.67885	1.0523541	-115.90811	0.31293884	8745.018116950989
107	969.75	15.0229	993.0	953.0	819.7	300.90332	986.0	26.0	1000.0	1000.0	427999	115.42241	18.435335	130.51738	1.0543587	-115.880684	0.3075637	8831.44163107872
108	930.75	65.0322	981.0	819.0	821.2	310.57553	982.0	0.0	1000.0	1000.0	431999	115.79065	18.41801	132.00398	1.059921	-116.26552	0.32500422	8920.001935482025
109	719.75	391.6723	968.0	42.0	870.2	288.52203	980.0	5.0	1000.0	1000.0	435999	115.91452	18.162113	132.93007	1.0677485	-116.36188	0.3304505	9008.744501113892
110	956.0	34.0147	995.0	913.0	864.8	181.10483	976.0	382.0	1000.0	1000.0	439999	115.79592	17.885532	132.66014	1.0767473	-116.243675	0.3287286	9097.667278051376
111	966.0	32.457664	993.0	913.0	957.4	16.365818	977.0	929.0	1000.0	1000.0	443999	115.87916	17.946299	131.51622	1.0809444	-116.33455	0.32801917	9184.054681301117
112	941.0	6.745369	952.0	935.0	961.3	14.839475	988.0	936.0	1000.0	1000.0	447999	116.05305	17.814325	132.21184	1.0830597	-116.51133	0.31997943	9268.917202711105
113	646.75	385.94455	945.0	0.0	866.4	289.13638	978.0	0.0	1000.0	1000.0	451999	115.92403	18.066315	132.71854	1.088516	-116.35989	0.32175556	9354.040107250214
114	967.5	5.0249376	973.0	962.0	965.8	17.284676	995.0	933.0	1000.0	1000.0	455999	115.76627	17.885025	131.07397	1.0958471	-116.203606	0.29503557	9439.044557332993
115	956.5	13.93736	980.0	944.0	867.0	289.16293	985.0	0.0	1000.0	1000.0	459999	115.69104	17.594025	130.19963	1.1070876	-116.12778	0.2894855	9524.044392824173
116	949.75	18.471262	974.0	922.0	728.6	392.35754	997.0	0.0	1000.0	1000.0	463999	115.5982	17.333395	131.40115	1.1142567	-116.02136	0.28918788	9610.49851322174
117	792.25	253.69211	979.0	358.0	966.5	17.585505	993.0	926.0	1000.0	1000.0	467999	115.0562	17.273972	130.41574	1.1130699	-115.45305	0.29758045	9695.519754648209
118	956.25	18.157299	977.0	934.0	777.0	388.77628	994.0	0.0	1000.0	1000.0	471999	114.59316	17.632578	131.1842	1.1134259	-115.00137	0.32020143	9780.587050676346
119	959.75	23.338541	987.0	923.0	803.2	318.58337	974.0	0.0	1000.0	1000.0	475999	114.57148	17.908165	131.73822	1.1179198	-115.00145	0.32615843	9865.861422300339
120	937.25	49.241116	982.0	854.0	854.1	284.211	983.0	6.0	1000.0	1000.0	479999	114.53706	18.414291	133.6707	1.1167091	-114.94239	0.3107296	9951.206844091415
121	781.75	273.40024	965.0	309.0	861.6	287.4269	981.0	0.0	1000.0	1000.0	483999	114.65048	18.913141	137.93942	1.1322953	-115.09961	0.3238611	10039.049647808075
122	883.75	126.21683	981.0	667.0	817.3	238.48148	972.0	242.0	1000.0	1000.0	487999	115.54781	18.980728	139.52034	1.1343185	-116.01501	0.33210012	10125.490466833115
123	918.0	31.898275	972.0	890.0	737.4	230.31119	973.0	421.0	1000.0	1000.0	491999	116.61933	18.639196	139.62277	1.1394022	-117.10493	0.33994076	10210.814054250717
124	969.25	13.423394	983.0	953.0	767.3	382.67743	982.0	0.0	1000.0	1000.0	495999	117.3731	18.508469	138.58672	1.1416469	-117.85533	0.34325892	10299.476414680481
125	950.0	11.113055	965.0	934.0	833.0	294.8864	997.0	0.0	1000.0	1000.0	499999	117.85838	18.127977	137.20198	1.1457381	-118.30007	0.31524044	10386.096971273422
126	786.25	274.8112	973.0	312.0	554.5	432.9853	988.0	0.0	1000.0	1000.0	503999	117.88401	17.566996	137.97206	1.1545545	-118.34679	0.33419234	10471.405882358551
127	943.25	14.006695	963.0	925.0	961.7	23.937628	993.0	910.0	1000.0	1000.0	507999	118.51336	17.88773	138.56697	1.1596049	-118.97017	0.3497113	10556.791020393372
128	796.75	270.0707	957.0	329.0	847.1	282.71698	969.0	0.0	1000.0	1000.0	511999	118.09257	17.826595	136.39658	1.1597191	-118.49079	0.30729768	10645.06068444252
129	725.25	416.0603	987.0	5.0	868.2	289.91925	992.0	0.0	1000.0	1000.0	515999	117.04396	17.694334	135.75685	1.1593668	-117.41898	0.3160627	10734.162989377975
130	960.75	8.699857	974.0	952.0	720.8	370.5749	973.0	3.0	1000.0	1000.0	519999	116.61683	17.567377	133.47966	1.1627218	-117.06928	0.3449438	10823.149004220963
131	986.5	9.394147	997.0	974.0	752.3	377.46155	972.0	0.0	1000.0	1000.0	523999	117.63097	17.551552	134.32608	1.167352	-118.11192	0.34850705	10908.705864906311
132	963.0	5.2440443	967.0	954.0	950.3	37.2882	983.0	844.0	1000.0	1000.0	527999	118.78689	17.909763	136.39001	1.1704417	-119.280716	0.3460227	10996.350941181183
133	925.75	42.49338	965.0	855.0	770.7	377.5516	982.0	7.0	1000.0	1000.0	531999	118.97968	17.742186	136.25523	1.17469	-119.39969	0.31614435	11082.827739953995
134	537.0	414.94638	961.0	97.0	679.2	437.3611	981.0	1.0	1000.0	1000.0	535999	118.48745	17.715305	134.1156	1.1803985	-118.91712	0.33385217	11169.85271525383
135	958.5	17.613914	981.0	932.0	914.1	131.04309	982.0	523.0	1000.0	1000.0	539999	118.42737	17.660347	133.87677	1.1868621	-118.86079	0.35338104	11257.403110742569
136	824.5	150.02417	949.0	568.0	818.7	291.2985	976.0	58.0	1000.0	1000.0	543999	118.50102	17.48891	133.48363	1.1712662	-118.94447	0.32302433	11342.825189352036
137	969.0	8.717798	979.0	955.0	821.7	309.50186	975.0	1.0	1000.0	1000.0	547999	118.2654	17.388842	132.16185	1.1950909	-118.65838	0.3106197	11430.888150930405
138	962.0	12.980755	979.0	944.0	768.6	384.51663	983.0	0.0	1000.0	1000.0	551999	117.3453	17.089457	131.48203	1.2011676	-117.72656	0.29126897	11520.073945999146
139	871.25	128.10811	957.0	650.0	863.3	288.1819	990.0	0.0	1000.0	1000.0	555999	116.32479	17.123997	132.14313	1.2043622	-116.69505	0.2819213	11606.995685100555
140	971.25	15.785674	985.0	945.0	677.1	443.23053	993.0	0.0	1000.0	1000.0	559999	115.89447	16.921232	133.86586	1.2054578	-116.275925	0.28738838	11692.576028823853
141	743.75	371.62573	982.0	101.0	743.0	369.2904	980.0	4.0	1000.0	1000.0	563999	115.58201	16.79871	134.41307	1.1083586	-115.977455	0.2857892	11781.624323606491
142	953.25	5.3091903	962.0	949.0	767.1	381.02325	994.0	6.0	1000.0	1000.0	567999	115.70852	17.044937	137.37637	1.2074548	-116.116234	0.31282428	11871.002717494965
143	347.5	376.4316	968.0	0.0	676.3	436.69098	988.0	0.0	1000.0	1000.0	571999	115.52327	17.370283	136.44835	1.2120191	-115.92776	0.32749882	11958.849333763123
144	952.5	28.86607	1000.0	922.0	936.1	63.160824	990.0	761.0	1000.0	1000.0	575999	115.92552	17.533836	136.25182	1.2133428	-116.366875	0.34323683	12048.076566934586
145	960.75	15.562374	981.0	940.0	800.1	297.3232	978.0	9.0	1000.0	1000.0	579999	116.47728	17.320759	137.19485	1.2178419	-116.89594	0.3211939	12137.309700250626
146	917.25	72.492676	965.0	792.0	773.3	382.03223	977.0	9.0	1000.0	1000.0	583999	116.29022	17.459454	138.74588	1.2198906	-116.68394	0.31025982	12226.738265514374
147	823.75	276.02026	998.0	346.0	969.7	10.90917	989.0	950.0	1000.0	1000.0	587999	116.09939	17.024408	140.56036	1.2251083	-116.48055	0.30296686	12313.140288114548
148	973.0	19.326149	996.0	943.0	681.0	441.3151	992.0	0.0	1000.0	1000.0	591999	115.49335	16.483646	138.4371	1.2295612	-115.850174	0.2992385	12398.787250995636
149	966.75	18.833149	996.0	947.0	959.6	17.878479	976.0	913.0	1000.0	1000.0	595999	114.60785	16.282635	135.34552	1.2328044	-114.9603	0.30491295	12484.504549264908
150	965.0	27.166155	999.0	923.0	483.5	476.77087	976.0	0.0	1000.0	1000.0	599999	114.56977	16.708057	138.10501	1.2341615	-114.970116	0.32643476	12573.651685476303
151	794.25	310.7663	977.0	256.0	678.3	443.5171	991.0	0.0	1000.0	1000.0	603999	114.83777	16.972357	138.8664	1.235786	-115.23334	0.31293398	12659.87522649765
152	948.25	25.370996	989.0	925.0	902.1	158.59662	988.0	430.0	1000.0	1000.0	607999	114.94864	16.849796	139.06108	1.2433442	-115.3292	0.3077996	12747.538749456406
153	961.5	25.5	985.0	924.0	668.8	437.39886	990.0	0.0	1000.0	1000.0	611999	114.88346	16.63471	139.9807	1.2500392	-115.26172	0.30515638	12834.768052339554
154	909.5	101.92522	971.0	733.0	968.7	17.635475	994.0	929.0	1000.0	1000.0	615999	114.90884	16.75446	138.56892	1.2538193	-115.30412	0.30349058	12920.540847063065
155	908.25	70.09413	966.0	791.0	958.9	38.609455	993.0	857.0	1000.0	1000.0	619999	115.127	16.515268	137.96704	1.2552586	-115.50781	0.30369958	13007.504086256027
156	847.25	186.76506	977.0	527.0	868.2	289.75363	987.0	0.0	1000.0	1000.0	623999	114.89589	16.204283	136.82692	1.2560338	-115.26075	0.2985637	13095.331856250763
157	720.75	416.85092	984.0	0.0	969.1	13.3	992.0	948.0	1000.0	1000.0	627999	114.29278	16.05447	134.42955	1.2581518	-114.63255	0.30198133	13184.705360651016
158	968.25	10.917303	982.0	954.0	870.6	288.95367	984.0	5.0	1000.0	1000.0	631999	113.77151	15.826248	132.4371	1.2649254	-114.132515	0.30350378	13273.963437795639
159	954.25	11.497282	964.0	935.0	867.1	289.37466	980.0	0.0	1000.0	1000.0	635999	113.83985	15.835573	132.11935	1.2681175	-114.21017	0.31161028	13359.574377536774
160	967.25	17.369154	988.0	941.0	868.9	280.62128	980.0	28.0	1000.0	1000.0	639999	113.79427	16.095814	133.71901	1.2722435	-114.17088	0.32562914	13445.223132371902
161	953.75	30.523556	993.0	908.0	862.8	288.03223	997.0	0.0	1000.0	1000.0	643999	114.50705	16.297913	135.65471	1.2750723	-114.92036	0.35358173	13530.786477804184
162	695.25	402.8749	959.0	0.0	724.0	385.0639	981.0	0.0	1000.0	1000.0	647999	114.77225	16.518293	136.89705	1.2793561	-115.12816	0.35767183	13616.187175512314
163	770.25	336.0293	992.0	189.0	448.8	437.3833	986.0	6.0	1000.0	1000.0	651999	114.71334	16.677841	139.46402	1.2801108	-115.1111	0.35059765	13703.464391231537
164	964.75	20.559364	992.0	942.0	589.2	474.46155	989.0	0.0	1000.0	1000.0	655999	115.18678	17.028196	138.47903	1.2793744	-115.59237	0.34890246	13792.746871948242
165	958.25	15.368393	980.0	939.0	610.9	432.2019	963.0	0.0	1000.0	1000.0	659999	115.92175	17.06824	136.59175	1.2789367	-116.3408	0.36798742	13880.212587594986
166	966.5	17.613914	984.0	943.0	867.7	289.5977	983.0	0.0	1000.0	1000.0	663999	116.50358	16.915243	136.57079	1.280814	-116.89841	0.35100836	13966.650327205658
167	949.75	26.479946	990.0	916.0	768.2	379.2877	984.0	0.0	1000.0	1000.0	667999	116.48353	16.326265	136.04913	1.2877392	-116.86614	0.3350356	14055.053745746613
168	961.75	10.059199	971.0	946.0	773.7	380.70724	987.0	7.0	1000.0	1000.0	671999	116.42382	15.840424	134.51549	1.292338	-116.80427	0.30615416	14144.282722234726
169	960.75	8.437268	971.0	951.0	780.3	386.5923	995.0	0.0	1000.0	1000.0	675999	116.2735	15.852797	133.5961	1.295411	-116.64629	0.30792066	14231.20671749115
170	969.5	18.034689	991.0	944.0	837.1	295.2824	992.0	20.0	1000.0	1000.0	679999	116.12789	15.838541	131.74193	1.2979672	-116.494156	0.29266974	14319.57135605812
171	779.25	282.44147	971.0	293.0	870.9	290.47974	988.0	0.0	1000.0	1000.0	683999	115.67838	15.509749	130.02919	1.307326	-116.03006	0.27347073	14408.813558101654
172	952.25	22.796656	973.0	914.0	966.0	19.697716	995.0	925.0	1000.0	1000.0	687999	115.26878	15.150486	129.27249	1.3175187	-115.622185	0.27246174	14498.10313796997
173	954.5	12.175796	968.0	935.0	968.7	12.977288	993.0	949.0	1000.0	1000.0	691999	114.82405	14.920134	128.57991	1.321114	-115.16876	0.27107325	14587.453027248383
174	962.0	6.9641943	969.0	952.0	869.5	283.98813	985.0	18.0	1000.0	1000.0	695999	114.72372	14.893615	127.90407	1.3248012	-115.0914	0.26890263	14676.817023038864
175	961.0	15.394804	986.0	944.0	972.7	10.86324	991.0	951.0	1000.0	1000.0	699999	114.76842	14.636893	129.45708	1.3279312	-115.12752	0.2479956	14766.047593355179
176	949.75	30.457962	985.0	901.0	958.0	13.660161	980.0	929.0	1000.0	1000.0	703999	114.58824	14.366313	130.40349	1.3301115	-114.9267	0.24296853	14854.40884256363
177	970.25	8.728545	979.0	958.0	976.2	12.114454	994.0	955.0	1000.0	1000.0	707999	114.21571	14.17691	130.02908	1.3316858	-114.555626	0.23237234	14942.119675636292
178	966.25	11.098987	977.0	950.0	882.0	290.17856	996.0	12.0	1000.0	1000.0	711999	114.02459	14.063928	130.28908	1.3358947	-114.36322	0.23766363	15028.691301822662
179	881.5	83.52694	990.0	776.0	821.2	310.08185	986.0	1.0	1000.0	1000.0	715999	113.58592	13.862287	130.40942	1.344134	-113.89197	0.23900013	15114.4397752285
180	905.25	129.06273	1000.0	683.0	962.1	12.557468	983.0	943.0	1000.0	1000.0	719999	112.91621	13.882727	128.16644	1.3475289	-113.22917	0.24581423	15200.138953924179
181	956.75	11.255554	976.0	948.0	963.2	12.576168	980.0	943.0	1000.0	1000.0	723999	112.54421	14.048581	128.07742	1.257296	-112.87527	0.25704357	15285.875576257706
182	966.75	17.04956	994.0	947.0	864.8	288.56464	998.0	2.0	1000.0	1000.0	727999	112.75827	13.919448	126.65693	1.3539222	-113.09811	0.24659991	15371.480573654175
183	940.25	61.94907	989.0	834.0	946.9	49.512527	994.0	818.0	1000.0	1000.0	731999	112.76289	13.777498	126.682976	1.3560187	-113.09025	0.2357382	15458.89859199524
184	941.0	47.005318	978.0	861.0	942.7	98.11631	999.0	653.0	1000.0	1000.0	735999	112.67792	14.239743	126.22788	1.3577062	-113.01476	0.24219665	15544.438976049423
185	839.5	212.11966	983.0	473.0	965.4	15.140674	981.0	931.0	1000.0	1000.0	739999	112.72709	14.090981	125.66714	1.361907	-113.0533	0.23381373	15631.169251441956
186	953.75	17.369154	977.0	928.0	964.8	9.672642	988.0	955.0	1000.0	1000.0	743999	112.56849	13.9957905	125.774605	1.3632762	-112.89352	0.24056387	15720.521374225616
187	970.75	11.84008	989.0	958.0	971.7	17.872044	1000.0	938.0	1000.0	1000.0	747999	112.49847	13.964598	125.33478	1.3637079	-112.82091	0.23528711	15806.796989679337
188	561.5	426.56622	982.0	0.0	871.0	287.58478	987.0	10.0	1000.0	1000.0	751999	112.48807	13.777513	124.447	1.3635516	-112.80625	0.2415938	15892.57255077362
189	348.0	405.00433	989.0	0.0	969.7	6.067125	980.0	960.0	1000.0	1000.0	755999	112.17861	13.738594	123.9313	1.3669362	-112.4967	0.24398617	15978.245875597
190	751.75	360.13217	964.0	128.0	868.3	289.55313	973.0	0.0	1000.0	1000.0	759999	112.18309	13.778678	127.77039	1.3714168	-112.51903	0.25501484	16063.890747308731
191	952.75	28.074677	973.0	905.0	974.0	11.4717045	994.0	958.0	1000.0	1000.0	763999	112.39641	13.904684	129.68164	1.3737544	-112.72864	0.24859203	16149.688215255737
192	976.25	10.207228	990.0	962.0	850.1	289.40506	997.0	0.0	1000.0	1000.0	767999	112.43962	13.868277	129.32439	1.3762026	-112.763435	0.2473411	16235.345537900925
193	639.25	390.3661	968.0	1.0	970.1	14.024622	997.0	949.0	1000.0	1000.0	771999	112.35594	13.798629	127.46375	1.3810287	-112.68903	0.24973391	16324.616108417511
194	838.0	212.46529	961.0	470.0	970.6	10.809256	999.0	960.0	1000.0	1000.0	775999	112.54601	13.941898	125.89168	1.3061285	-112.897835	0.25134134	16411.205966234207
195	971.5	8.381527	985.0	964.0	781.2	374.6523	995.0	0.0	1000.0	1000.0	779999	113.12126	14.192989	124.47123	1.3952601	-113.48353	0.2571387	16498.43722629547
196	960.25	8.728545	972.0	950.0	868.9	290.09705	1000.0	0.0	1000.0	1000.0	783999	113.46538	14.254649	124.95508	1.4046977	-113.80362	0.23613122	16585.202788114548
197	969.5	7.826238	981.0	959.0	866.7	287.3872	987.0	6.0	1000.0	1000.0	787999	113.55451	14.002315	124.92241	1.4094021	-113.88412	0.23351796	16673.674869298935
198	958.0	16.881943	977.0	935.0	860.7	287.20865	986.0	0.0	1000.0	1000.0	791999	113.37711	14.036497	125.153656	1.4109608	-113.70716	0.24025545	16761.8821144104
199	954.75	14.411367	976.0	936.0	970.6	17.321663	994.0	936.0	1000.0	1000.0	795999	113.46952	14.055898	126.14646	1.4114494	-113.815285	0.25280246	16847.656349897385
200	967.5	10.874282	978.0	953.0	873.4	291.5216	994.0	0.0	1000.0	1000.0	799999	113.89898	14.005721	131.3823	1.4154432	-114.25794	0.2744026	16935.346975803375
201	964.75	13.863171	983.0	944.0	821.6	309.63147	983.0	4.0	1000.0	1000.0	803999	114.32904	14.2769165	133.36726	1.4139925	-114.69462	0.28735015	17025.109679937363
202	739.75	372.02176	980.0	96.0	871.8	290.86484	990.0	0.0	1000.0	1000.0	807999	114.71651	14.659801	133.1965	1.4135958	-115.06482	0.29593712	17113.06423807144
203	978.5	13.756817	991.0	957.0	862.2	265.34763	973.0	72.0	1000.0	1000.0	811999	114.72789	14.290671	130.6876	1.4155606	-115.066376	0.27121875	17200.064912080765
204	957.75	16.990807	981.0	937.0	939.6	91.88275	996.0	667.0	1000.0	1000.0	815999	114.77938	14.163761	130.32263	1.4194164	-115.128265	0.2845275	17289.655443906784
205	961.25	15.28684	984.0	942.0	863.5	282.21207	992.0	18.0	1000.0	1000.0	819999	114.80205	14.110552	130.1686	1.4268044	-115.142296	0.2653639	17379.332746982574
206	888.75	121.937225	972.0	678.0	967.9	15.049585	994.0	933.0	1000.0	1000.0	823999	114.67394	13.848963	129.85364	1.4322528	-114.99724	0.27134797	17469.014100313187
207	970.5	7.29726	983.0	965.0	891.0	198.6006	992.0	297.0	1000.0	1000.0	827999	114.4654	13.978156	130.21057	1.4347653	-114.80381	0.28471038	17558.665602445602
208	968.25	12.833063	985.0	949.0	957.1	31.197598	985.0	874.0	1000.0	1000.0	831999	114.57889	13.896839	134.3074	1.4386158	-114.919174	0.2759814	17648.216627836227
209	842.0	212.18742	975.0	475.0	961.6	17.176727	992.0	938.0	1000.0	1000.0	835999	114.51461	13.991637	134.18279	1.4427584	-114.841576	0.2832134	17736.781177282333
210	958.75	18.184814	987.0	940.0	875.1	292.08987	998.0	0.0	1000.0	1000.0	839999	114.377	13.880365	132.27536	1.4438367	-114.71088	0.26620647	17822.53237771988
211	956.25	7.495832	964.0	944.0	972.0	13.704014	998.0	957.0	1000.0	1000.0	843999	114.23664	13.938655	131.65814	1.4457204	-114.5484	0.26437262	17909.235436201096
212	966.25	26.90144	988.0	921.0	969.9	12.3	988.0	951.0	1000.0	1000.0	847999	114.04393	13.742556	132.15166	1.4439732	-114.36758	0.26445514	17994.98109269142
213	930.25	22.286488	967.0	907.0	961.9	17.76204	986.0	932.0	1000.0	1000.0	851999	114.32693	13.68248	135.9556	1.443992	-114.6843	0.28541183	18081.043826818466
214	957.5	15.402922	982.0	940.0	938.4	90.25764	994.0	672.0	1000.0	1000.0	855999	114.9425	13.573271	138.13379	1.4507943	-115.28936	0.2793396	18169.305260658264
215	970.5	13.829317	992.0	954.0	841.7	266.17703	993.0	173.0	1000.0	1000.0	859999	115.2084	13.605565	140.77184	1.4569694	-115.57334	0.27564314	18259.182047367096
216	951.5	29.803524	981.0	904.0	970.8	11.582746	991.0	952.0	1000.0	1000.0	863999	115.84576	13.755273	142.32521	1.4638822	-116.192986	0.2743775	18348.897488355637
217	879.5	67.696014	949.0	777.0	957.8	12.749903	977.0	933.0	1000.0	1000.0	867999	115.51366	13.55679	139.00336	1.468758	-115.831604	0.25735575	18435.42231440544
218	856.5	158.92215	985.0	592.0	865.4	284.33896	996.0	14.0	1000.0	1000.0	871999	115.42431	13.239831	138.03476	1.4758615	-115.76237	0.2636413	18521.443958997726
219	953.75	13.102958	972.0	935.0	930.8	81.640434	984.0	707.0	1000.0	1000.0	875999	115.50408	13.277701	135.80618	1.4820793	-115.84984	0.2569729	18607.310782194138
220	734.25	424.1476	1000.0	0.0	871.8	183.80469	983.0	485.0	1000.0	1000.0	879999	115.73854	13.256178	134.77583	1.4864832	-116.08419	0.27652118	18693.834050893784
221	943.75	24.782806	970.0	903.0	643.1	419.39923	964.0	11.0	1000.0	1000.0	883999	115.72526	13.553113	134.86661	1.4704894	-116.0688	0.28196877	18779.66818499565
222	904.25	108.13966	985.0	718.0	926.2	144.779	996.0	495.0	1000.0	1000.0	887999	116.24659	13.679663	134.48865	1.4968452	-116.62485	0.2962979	18867.399861335754
223	951.5	7.826238	957.0	938.0	955.9	12.809762	974.0	938.0	1000.0	1000.0	891999	116.80745	13.54105	133.18729	1.5047607	-117.17148	0.29248297	18957.08714914322
224	833.0	233.31203	976.0	429.0	876.9	290.57477	998.0	6.0	1000.0	1000.0	895999	117.23469	13.550322	132.2735	1.5116737	-117.601295	0.27728674	19046.87083530426
225	862.25	181.57007	1000.0	551.0	829.2	282.84866	992.0	2.0	1000.0	1000.0	899999	117.16102	13.173794	132.10574	1.5175751	-117.49519	0.2694312	19136.716014146805
226	953.0	9.486833	961.0	937.0	742.7	381.36362	978.0	0.0	1000.0	1000.0	903999	116.86521	13.359813	133.34802	1.5251846	-117.200905	0.26298383	19226.613947868347
227	760.5	273.17624	961.0	295.0	880.0	266.69046	989.0	81.0	1000.0	1000.0	907999	116.57401	13.327769	132.77931	1.1484532	-116.89776	0.26330113	19316.444371938705
228	971.5	9.861542	988.0	963.0	782.0	391.1478	996.0	0.0	1000.0	1000.0	911999	116.19747	13.399748	133.7688	1.5359328	-116.52705	0.24705365	19406.3483645916
229	786.0	334.94998	987.0	206.0	966.5	14.030325	990.0	944.0	1000.0	1000.0	915999	115.98648	13.313924	135.25392	1.5384222	-116.308014	0.24822375	19496.109263181686
230	959.75	21.672276	993.0	939.0	975.4	11.646459	994.0	958.0	1000.0	1000.0	919999	115.60432	13.084194	132.35173	1.5431273	-115.92178	0.24758728	19583.513839006424
231	961.75	9.283722	977.0	952.0	968.4	18.445597	996.0	933.0	1000.0	1000.0	923999	115.33681	12.829057	130.46564	1.548154	-115.65298	0.24531023	19672.781520843506
232	960.25	5.7608595	968.0	952.0	970.4	13.573504	993.0	945.0	1000.0	1000.0	927999	114.73952	12.856794	130.28409	1.5542442	-115.028496	0.23905122	19762.713151216507
233	881.75	110.23696	977.0	694.0	966.5	13.96603	993.0	943.0	1000.0	1000.0	931999	114.13061	12.861104	129.23247	1.5577285	-114.42336	0.2498399	19849.508601903915
234	959.75	20.932928	992.0	936.0	966.7	9.187491	984.0	951.0	1000.0	1000.0	935999	113.90227	13.275186	129.99751	1.5625479	-114.22286	0.26206037	19936.198795080185
235	868.25	156.67702	966.0	597.0	967.3	20.601213	998.0	928.0	1000.0	1000.0	939999	114.0252	13.40571	132.15727	1.5707666	-114.33375	0.25501	20023.453755140305
236	964.0	5.4313903	971.0	956.0	974.5	10.082163	988.0	955.0	1000.0	1000.0	943999	113.6779	13.508242	131.61655	-1.7369875	-113.975006	0.2494104	20111.69971871376
237	960.25	18.444172	989.0	938.0	971.5	15.396428	991.0	946.0	1000.0	1000.0	947999	113.39694	13.561885	129.45853	-6.6010466	-113.70362	0.2452083	20197.612691164017
238	953.25	9.73075	970.0	946.0	854.3	285.11475	970.0	0.0	1000.0	1000.0	951999	113.69488	13.794181	129.47438	-8.608263	-114.0369	0.2561415	20285.662564754486
239	957.75	13.988834	981.0	945.0	967.0	16.583124	994.0	933.0	1000.0	1000.0	955999	114.24498	14.067599	128.77417	-6.5563145	-114.58458	0.26835337	20374.015719890594
240	972.5	15.435349	992.0	949.0	963.0	14.021413	978.0	934.0	1000.0	1000.0	959999	114.96863	14.183865	131.2464	-3.869745	-115.32989	0.28744298	20459.8970143795
241	961.25	9.934158	972.0	949.0	969.7	12.157713	993.0	945.0	1000.0	1000.0	963999	115.2685	14.228332	131.19832	-4.4214845	-115.59092	0.27703387	20548.203288555145
242	974.0	24.186773	995.0	933.0	972.4	16.206171	999.0	941.0	1000.0	1000.0	967999	115.38475	13.909274	130.96242	-3.5270596	-115.719	0.272713	20637.68267273903
243	949.5	12.298374	969.0	936.0	963.4	17.327435	985.0	929.0	1000.0	1000.0	971999	115.39195	13.801231	129.36604	-4.004389	-115.7166	0.26309183	20727.869491815567
244	770.25	324.43826	998.0	210.0	871.4	290.5881	983.0	0.0	1000.0	1000.0	975999	115.61707	13.644317	130.85574	-5.421907	-115.95649	0.26611665	20817.05533337593
245	730.25	284.17633	991.0	272.0	965.8	16.80952	990.0	931.0	1000.0	1000.0	979999	115.6902	13.514429	129.68839	-5.398681	-116.01424	0.26885077	20905.637410402298
246	951.5	5.937171	961.0	946.0	877.9	289.34875	996.0	12.0	1000.0	1000.0	983999	115.49209	13.343436	128.76512	-6.588953	-115.81202	0.25677502	20992.14075613022
247	729.75	267.55127	993.0	315.0	968.7	12.907749	988.0	950.0	1000.0	1000.0	987999	115.58754	13.174173	129.3916	-6.017108	-115.916	0.2716283	21078.033190011978
248	948.75	12.497499	961.0	928.0	691.7	426.241	988.0	9.0	1000.0	1000.0	991999	115.32277	13.102284	128.35686	-6.259426	-115.63217	0.25628966	21165.896292686462
249	945.75	13.348689	962.0	925.0	946.5	79.38419	1000.0	715.0	1000.0	1000.0	995999	115.13899	13.165503	130.81529	-7.635966	-115.45861	0.2583363	21255.780938625336
250	945.75	14.306904	961.0	930.0	924.5	81.683846	985.0	729.0	1000.0	1000.0	999999	115.15421	13.234928	132.05672	-6.6997213	-115.477455	0.24618085	21345.770432949066
251	933.5	50.860104	973.0	847.0	965.8	17.594316	986.0	936.0	1000.0	1000.0	1003999	115.11673	13.144009	131.95714	-9.109967	-115.42771	0.2409512	21435.62516927719
252	962.0	16.124516	988.0	944.0	958.9	18.135324	991.0	934.0	1000.0	1000.0	1007999	115.07482	13.126975	131.62364	-8.783858	-115.38832	0.24248838	21522.83137178421
253	939.75	45.32866	979.0	863.0	892.3	148.72325	996.0	524.0	1000.0	1000.0	1011999	115.19041	12.706418	130.75476	-13.793858	-115.50475	0.25028363	21608.566378831863
254	952.25	8.870598	967.0	944.0	960.9	15.826877	996.0	935.0	1000.0	1000.0	1015999	115.56598	11.127219	130.28453	-9.586302	-115.877	0.25113687	21694.365662813187
255	962.5	23.84848	993.0	927.0	954.3	12.96958	974.0	931.0	1000.0	1000.0	1019999	115.83857	9.789579	128.79758	1.654139	-116.144905	0.24848682	21780.3242020607
256	964.5	23.092207	987.0	930.0	871.7	290.85016	985.0	0.0	1000.0	1000.0	1023999	115.9226	9.086464	127.96545	32.40759	-116.22971	0.23690394	21866.136242866516
257	952.25	14.58381	972.0	931.0	872.9	287.4197	996.0	12.0	1000.0	1000.0	1027999	115.94715	8.988361	128.09843	39.147938	-116.24034	0.23436777	21955.81211066246
258	964.0	6.595453	975.0	958.0	903.8	147.81935	992.0	489.0	1000.0	1000.0	1031999	115.72889	8.914635	126.48648	42.974186	-116.008644	0.22251642	22045.70148038864
259	959.5	7.5	967.0	947.0	964.0	9.423375	979.0	944.0	1000.0	1000.0	1035999	115.65511	8.602184	125.585	48.652348	-115.94388	0.2199882	22135.66478586197
260	965.5	20.670027	982.0	931.0	971.0	8.20975	983.0	954.0	1000.0	1000.0	1039999	115.52191	8.511038	126.306786	51.996307	-115.79134	0.20589933	22225.65157723427
261	715.0	412.90012	966.0	0.0	969.6	12.993845	985.0	940.0	1000.0	1000.0	1043999	115.15093	8.563892	128.1984	51.349945	-115.410164	0.20789677	22312.8568277359
262	966.5	7.5	977.0	958.0	964.5	24.504082	997.0	911.0	1000.0	1000.0	1047999	115.22004	8.376031	126.551796	54.588642	-115.50932	0.2157893	22399.056797504425
263	954.0	9.721111	964.0	939.0	946.1	45.260246	986.0	815.0	1000.0	1000.0	1051999	115.57916	7.997406	128.41533	56.122704	-115.86491	0.20998445	22489.145003795624
264	955.25	5.1173725	963.0	949.0	969.7	14.519298	989.0	938.0	1000.0	1000.0	1055999	115.79642	7.8518434	129.70746	56.175945	-116.07237	0.2017812	22579.13552904129
265	902.0	106.18145	980.0	719.0	858.4	237.01613	987.0	187.0	1000.0	1000.0	1059999	115.79595	7.7570415	130.18042	58.036846	-116.05344	0.2060131	22666.832288742065
266	967.75	13.064743	981.0	951.0	967.9	16.373455	998.0	946.0	1000.0	1000.0	1063999	115.66751	7.756444	130.57426	55.935326	-115.92656	0.21443948	22755.734664678574
267	951.5	22.896505	973.0	913.0	962.8	17.273102	992.0	924.0	1000.0	1000.0	1067999	115.76606	7.698384	130.6012	48.540627	-116.03861	0.20401481	22845.842746019363
268	776.5	276.6356	975.0	300.0	936.0	76.31907	981.0	709.0	1000.0	1000.0	1071999	115.97292	7.60412	131.84871	46.287136	-116.23752	0.19566436	22935.99660205841
269	962.5	11.146749	980.0	949.0	959.6	8.901686	980.0	945.0	1000.0	1000.0	1075999	115.73014	7.4550395	131.704	36.265636	-115.96492	0.18718101	23024.63415312767
270	970.75	12.152675	986.0	952.0	965.9	12.218429	982.0	936.0	1000.0	1000.0	1079999	115.37027	7.325383	132.7824	35.572544	-115.60474	0.18309134	23112.246486902237
271	969.5	6.946222	981.0	964.0	931.7	94.34516	986.0	652.0	1000.0	1000.0	1083999	115.26722	7.2090726	132.60004	36.319706	-115.509094	0.1793021	23202.436073303223
272	664.25	309.83252	984.0	353.0	939.8	68.00412	977.0	739.0	1000.0	1000.0	1087999	115.5181	7.1694145	132.26178	26.025911	-115.78737	0.19207719	23293.552485227585
273	942.5	39.09284	977.0	878.0	960.5	47.12165	996.0	824.0	1000.0	1000.0	1091999	115.70294	7.2689686	132.36003	26.007847	-115.94186	0.18805842	23384.76247048378
274	961.25	13.045593	983.0	949.0	966.2	13.128594	985.0	942.0	1000.0	1000.0	1095999	115.4736	7.239501	136.63089	26.4989	-115.70889	0.18222654	23471.732104301453
275	962.5	10.920165	976.0	946.0	971.4	16.782133	993.0	946.0	1000.0	1000.0	1099999	115.45862	7.0160055	160.36737	25.889378	-115.69341	0.18141016	23558.66366505623
276	884.75	86.152115	975.0	764.0	963.9	17.722586	987.0	924.0	1000.0	1000.0	1103999	115.25615	6.600994	167.94113	35.96056	-115.489716	0.19598179	23645.558011054993
277	933.75	36.134296	971.0	879.0	863.7	288.19058	990.0	0.0	1000.0	1000.0	1107999	115.36018	6.2974424	160.90215	35.60627	-115.60043	0.18742399	23732.629643917084
278	906.75	77.06288	964.0	774.0	776.9	388.73526	989.0	0.0	1000.0	1000.0	1111999	115.37423	5.749257	150.91275	57.73324	-115.599785	0.17776594	23822.40846347809
279	947.5	32.05074	986.0	897.0	812.5	330.36047	998.0	0.0	1000.0	1000.0	1115999	115.44834	5.5321093	128.573	59.8501	-115.689575	0.1796108	23910.422644853592
280	698.5	400.5156	959.0	7.0	493.3	476.61746	997.0	0.0	1000.0	1000.0	1119999	115.65034	5.7571783	128.25685	59.83812	-115.88627	0.17867275	23996.612614154816
281	765.25	213.15765	983.0	426.0	835.1	292.40637	980.0	0.0	1000.0	1000.0	1123999	115.5821	5.7399306	130.54756	60.17237	-115.81586	0.17197466	24084.537480831146
282	681.25	323.7193	975.0	183.0	964.4	28.004286	1000.0	901.0	1000.0	1000.0	1127999	115.42653	5.519243	127.5916	62.71892	-115.64662	0.1677554	24174.109962940216
283	945.0	25.308102	974.0	905.0	865.9	281.172	971.0	23.0	1000.0	1000.0	1131999	115.25673	5.720907	127.048416	61.95216	-115.48347	0.17304717	24264.578071832657
284	954.25	15.514107	973.0	931.0	965.0	15.178932	985.0	929.0	1000.0	1000.0	1135999	115.3307	5.8078213	127.745384	60.444187	-115.55735	0.17314291	24354.73753094673
285	736.25	418.30215	995.0	12.0	808.9	322.01846	984.0	7.0	1000.0	1000.0	1139999	115.379	5.9058743	128.6794	60.264217	-115.61954	0.17012888	24442.062560081482
286	957.75	8.257572	969.0	946.0	871.3	290.76248	995.0	0.0	1000.0	1000.0	1143999	115.64301	6.0266485	129.90533	59.125546	-115.88178	0.17430271	24528.45436358452
287	711.5	410.96503	961.0	0.0	775.3	386.46375	990.0	2.0	1000.0	1000.0	1147999	115.5976	6.074054	129.32643	57.262928	-115.82311	0.16113107	24614.707933664322
288	905.5	115.98383	984.0	705.0	773.0	386.56696	975.0	0.0	1000.0	1000.0	1151999	115.50787	6.0722046	130.32852	56.765797	-115.72331	0.15271458	24700.913751125336
289	966.0	15.083103	982.0	949.0	966.2	20.018991	990.0	931.0	1000.0	1000.0	1155999	115.10577	5.7514715	129.65446	52.973793	-115.31483	0.14806125	24787.203784942627
290	975.5	17.55705	998.0	950.0	768.0	384.19058	980.0	0.0	1000.0	1000.0	1159999	114.74401	5.518302	127.33482	62.5334	-114.949066	0.14562444	24873.902827501297
291	972.75	16.528385	991.0	946.0	969.7	11.967038	994.0	959.0	1000.0	1000.0	1163999	114.39694	5.623613	126.667984	61.3509	-114.59451	0.13916093	24963.222250938416
292	719.0	405.45963	966.0	17.0	892.5	217.5285	979.0	241.0	1000.0	1000.0	1167999	114.02242	5.773965	125.63029	59.231827	-114.224106	0.13619718	25053.752257585526
293	741.5	409.05533	980.0	33.0	878.2	274.43423	987.0	56.0	1000.0	1000.0	1171999	113.83307	5.6802244	133.91074	58.92662	-114.03823	0.1366755	25144.34987926483
294	944.75	34.95265	988.0	900.0	765.2	382.7628	975.0	0.0	1000.0	1000.0	1175999	113.56579	5.7032814	133.21046	55.553387	-113.756485	0.13975058	25234.868340730667
295	982.5	10.234745	995.0	967.0	789.5	258.48724	992.0	259.0	1000.0	1000.0	1179999	113.11823	5.7149816	124.473755	56.75571	-113.309784	0.13046128	25323.829701185226
296	953.75	27.426037	986.0	912.0	967.9	12.972664	993.0	947.0	1000.0	1000.0	1183999	112.86421	5.8771577	123.80856	56.3263	-113.05203	0.12940219	25410.202397346497
297	966.25	15.785674	988.0	946.0	956.9	17.902235	989.0	927.0	1000.0	1000.0	1187999	112.45852	5.781718	123.873375	56.915325	-112.63188	0.12651329	25496.611849308014
298	725.5	418.89886	972.0	0.0	969.6	8.697126	983.0	954.0	1000.0	1000.0	1191999	111.8462	5.661464	123.09315	58.20653	-112.0141	0.12598512	25582.92870283127
299	942.25	44.63953	970.0	865.0	876.0	292.37683	992.0	0.0	1000.0	1000.0	1195999	111.40123	5.7348647	124.42108	57.678017	-111.57533	0.12643589	25669.28583240509
300	725.75	419.18277	982.0	0.0	900.8	181.9136	988.0	360.0	1000.0	1000.0	1199999	111.05365	5.970059	126.65589	53.20256	-111.22664	0.13052054	25755.56333231926
301	960.75	17.668829	980.0	933.0	966.7	12.868955	986.0	951.0	1000.0	1000.0	1203999	110.75996	5.9954762	125.55494	55.12298	-110.92939	0.12781526	25841.819672346115
302	953.5	16.286497	970.0	928.0	816.9	316.91116	994.0	0.0	1000.0	1000.0	1207999	110.51584	5.9404573	128.73291	55.110123	-110.689766	0.120082386	25928.18040370941
303	862.75	206.05748	988.0	506.0	944.0	86.57367	989.0	686.0	1000.0	1000.0	1211999	110.45287	5.8370357	135.95517	53.497696	-110.62928	0.12197017	26016.258611917496
304	919.5	52.156017	970.0	837.0	966.1	15.175309	994.0	944.0	1000.0	1000.0	1215999	110.31845	5.5974264	143.51736	51.3804	-110.49298	0.12918814	26104.797253847122
305	944.75	27.37129	965.0	898.0	965.6	12.059852	988.0	946.0	1000.0	1000.0	1219999	110.37946	5.4640055	147.52069	54.277912	-110.563896	0.13304263	26192.09214448929
306	959.0	8.093207	970.0	949.0	866.2	289.35403	989.0	0.0	1000.0	1000.0	1223999	110.35123	5.406654	139.25417	52.330814	-110.52901	0.13212827	26278.54041004181
307	966.75	6.219928	976.0	959.0	777.3	388.25302	994.0	0.0	1000.0	1000.0	1227999	110.66069	5.575458	130.8798	44.876778	-110.85991	0.13478538	26367.782021284103
308	968.0	11.895377	977.0	948.0	970.5	18.969713	997.0	939.0	1000.0	1000.0	1231999	110.87216	5.7766967	131.43275	47.850246	-111.06186	0.13991275	26458.273919582367
309	970.0	7.17635	978.0	961.0	869.9	290.30414	990.0	0.0	1000.0	1000.0	1235999	111.00201	5.827702	127.5806	54.08189	-111.18021	0.13829383	26548.06480884552
310	967.5	26.215454	997.0	926.0	880.5	273.1978	996.0	62.0	1000.0	1000.0	1239999	110.9102	5.972479	124.10168	53.821747	-111.094734	0.13373654	26638.61917090416
311	978.75	11.986972	997.0	964.0	887.7	146.76787	979.0	593.0	1000.0	1000.0	1243999	111.15902	6.041208	124.080475	51.859512	-111.35653	0.13498414	26729.12855029106
312	948.25	38.160027	984.0	884.0	948.1	73.048546	990.0	735.0	1000.0	1000.0	1247999	111.41349	6.187951	125.52226	49.594	-111.61376	0.14016978	26817.14509868622
313	961.25	15.303186	973.0	935.0	911.5	166.0947	996.0	416.0	1000.0	1000.0	1251999	111.67314	6.296418	126.84218	48.77952	-111.87372	0.13896544	26903.5690202713
314	966.0	11.895377	980.0	951.0	967.3	10.918333	989.0	949.0	1000.0	1000.0	1255999	111.96676	6.246738	126.542465	49.724483	-112.16669	0.13338734	26993.17884159088
315	961.0	17.14643	989.0	943.0	969.7	12.206965	988.0	951.0	1000.0	1000.0	1259999	112.12038	5.9969172	126.88827	52.612747	-112.31939	0.13285877	27083.72566127777
316	876.25	142.25044	980.0	631.0	967.4	11.438531	979.0	942.0	1000.0	1000.0	1263999	112.20545	5.994143	123.834076	52.713142	-112.40491	0.12747508	27171.054358243942
317	892.25	119.344826	980.0	687.0	825.0	311.50635	994.0	5.0	1000.0	1000.0	1267999	112.66123	6.1300387	124.23693	50.305286	-112.89647	0.13542703	27260.382343292236
318	925.5	60.911823	974.0	821.0	867.5	289.50793	982.0	0.0	1000.0	1000.0	1271999	113.49865	6.1224947	122.468544	47.704773	-113.7401	0.14950086	27348.637692928314
319	894.75	48.240932	967.0	843.0	924.9	98.22673	983.0	633.0	1000.0	1000.0	1275999	114.10715	6.073943	121.44226	47.571255	-114.348335	0.14319499	27439.165088176727
320	448.75	415.75076	886.0	0.0	962.5	18.386135	995.0	932.0	1000.0	1000.0	1279999	114.71428	6.1074123	121.78851	21.161955	-114.96231	0.15511246	27529.685757637024
321	962.0	25.465664	988.0	923.0	777.7	388.97354	985.0	0.0	1000.0	1000.0	1283999	114.9545	6.1496563	122.44995	44.389633	-115.171455	0.14239945	27620.291870117188
322	973.0	21.10687	993.0	939.0	955.1	14.15945	975.0	928.0	1000.0	1000.0	1287999	114.87235	6.017457	120.92881	35.837933	-115.09139	0.13527392	27707.651803016663
323	797.0	110.433235	896.0	613.0	871.3	287.6811	993.0	10.0	1000.0	1000.0	1291999	114.78022	5.796079	119.18549	45.896053	-114.987404	0.1372528	27793.762538671494
324	934.75	65.21263	976.0	822.0	896.7	149.28902	990.0	493.0	1000.0	1000.0	1295999	114.54046	5.6363416	120.00944	37.276733	-114.746765	0.13079737	27880.092470645905
325	951.75	31.307947	979.0	900.0	946.9	75.73302	993.0	722.0	1000.0	1000.0	1299999	114.40917	5.728091	121.05606	23.198017	-114.61267	0.13107225	27966.08109998703
326	948.5	19.163769	977.0	923.0	968.7	12.744018	995.0	943.0	1000.0	1000.0	1303999	113.96467	5.9588127	121.035515	22.201624	-114.1462	0.13349758	28055.021344423294
327	961.5	10.307764	972.0	945.0	976.7	11.31415	994.0	959.0	1000.0	1000.0	1307999	113.41498	6.120845	120.67468	24.480385	-113.58679	0.12674323	28143.754989147186
328	928.5	68.62033	988.0	812.0	967.9	14.672764	992.0	934.0	1000.0	1000.0	1311999	112.78058	5.892208	125.52485	32.1503	-112.950516	0.13283446	28230.018588781357
329	726.0	419.21414	979.0	0.0	849.6	291.7174	993.0	0.0	1000.0	1000.0	1315999	112.35257	5.7944045	128.80566	43.97181	-112.51989	0.12790595	28319.14887237549
330	958.0	5.7879186	968.0	954.0	968.4	19.438107	991.0	925.0	1000.0	1000.0	1319999	111.75814	6.03338	122.38988	45.408554	-111.92266	0.12863776	28409.463681459427
331	971.5	16.286497	988.0	949.0	883.6	121.00182	989.0	560.0	1000.0	1000.0	1323999	111.5112	6.195073	116.9791	45.820774	-111.696	0.13037027	28498.52163052559
332	855.0	203.36543	982.0	503.0	950.1	30.494099	981.0	877.0	1000.0	1000.0	1327999	111.71856	6.085122	117.75214	46.476078	-111.909546	0.13116582	28584.749121427536
333	965.75	14.35923	980.0	949.0	968.6	16.989408	999.0	942.0	1000.0	1000.0	1331999	111.57791	5.7635546	117.49569	46.894882	-111.75013	0.12559704	28670.929277420044
334	950.0	56.81989	998.0	853.0	868.8	289.74258	983.0	0.0	1000.0	1000.0	1335999	111.37487	5.6512504	117.61874	46.591972	-111.542465	0.13061626	28758.63240790367
335	974.0	3.391165	979.0	970.0	932.0	90.27292	979.0	665.0	1000.0	1000.0	1339999	110.83027	5.7671638	116.93674	48.01458	-110.973076	0.12438143	28848.185254096985
336	973.0	16.926311	995.0	952.0	956.6	23.950783	975.0	891.0	1000.0	1000.0	1343999	110.31084	5.95537	116.481735	43.614044	-110.46562	0.12525252	28935.952226400375
337	946.5	31.28498	976.0	898.0	967.7	14.276203	991.0	947.0	1000.0	1000.0	1347999	110.16899	6.0294385	116.047424	42.833683	-110.33345	0.1158589	29022.11536359787
338	953.0	14.300349	971.0	938.0	870.2	289.56442	977.0	2.0	1000.0	1000.0	1351999	110.05296	5.7891846	116.072426	44.755653	-110.20966	0.113740556	29108.419430971146
339	942.25	43.596874	979.0	869.0	922.4	140.71475	994.0	502.0	1000.0	1000.0	1355999	109.98999	5.7109094	115.95106	43.118744	-110.16594	0.113547795	29194.6917116642
340	900.25	107.25058	975.0	715.0	968.1	11.202232	988.0	950.0	1000.0	1000.0	1359999	110.14889	5.756743	116.00038	46.16783	-110.320625	0.11038736	29281.729207992554
341	966.25	10.42533	979.0	955.0	926.5	125.621056	988.0	551.0	1000.0	1000.0	1363999	110.30645	5.7693076	116.41269	43.476025	-110.48134	0.10783785	29369.235115766525
342	733.75	412.7247	997.0	20.0	833.4	291.34076	998.0	23.0	1000.0	1000.0	1367999	110.40917	5.8371906	122.77298	43.023434	-110.58231	0.1095883	29460.093901634216
343	917.5	86.91807	984.0	768.0	737.2	383.70767	994.0	5.0	1000.0	1000.0	1371999	110.75684	6.1303997	139.21022	42.711075	-110.967026	0.11659138	29549.641189098358
344	726.5	405.09103	973.0	25.0	684.0	443.95294	988.0	4.0	1000.0	1000.0	1375999	111.53169	6.5691752	130.75381	43.27041	-111.752304	0.121229276	29638.617303609848
345	958.25	23.370655	996.0	936.0	974.5	19.267849	995.0	927.0	1000.0	1000.0	1379999	112.00653	6.6181006	129.00691	45.77829	-112.19351	0.12485789	29727.914709091187
346	917.0	32.992424	957.0	868.0	963.0	28.719332	991.0	884.0	1000.0	1000.0	1383999	111.73473	6.0797276	126.654655	46.32133	-111.90109	0.11484214	29818.554334402084
347	829.75	204.56708	965.0	477.0	799.0	341.80988	984.0	4.0	1000.0	1000.0	1387999	111.31498	5.869924	125.46187	50.53022	-111.47227	0.11712227	29906.60609149933
348	963.0	19.621416	992.0	944.0	925.1	149.69331	1000.0	477.0	1000.0	1000.0	1391999	111.22599	5.9744782	131.87039	46.76102	-111.41588	0.11422512	29992.939984083176
349	801.0	191.84499	996.0	541.0	920.0	93.739	987.0	671.0	1000.0	1000.0	1395999	111.60745	6.383832	135.54376	44.998035	-111.80846	0.12333354	30079.31453180313
350	932.5	51.58246	972.0	844.0	964.3	12.554282	991.0	943.0	1000.0	1000.0	1399999	111.95357	6.5116606	130.58115	47.032173	-112.15003	0.13592803	30165.645696878433
351	968.5	12.359207	980.0	948.0	967.1	15.286923	988.0	938.0	1000.0	1000.0	1403999	112.09446	6.4832716	127.41586	44.64216	-112.28541	0.13109055	30251.916303634644
352	955.0	8.746428	965.0	941.0	782.9	385.82056	990.0	3.0	1000.0	1000.0	1407999	112.03686	6.536341	126.82594	43.03678	-112.211845	0.1269258	30339.21373820305
353	970.75	13.026416	993.0	960.0	966.2	19.620398	991.0	928.0	1000.0	1000.0	1411999	111.87191	6.3781466	124.17298	41.494984	-112.05052	0.124337934	30426.671017885208
354	957.75	28.17246	988.0	919.0	776.2	296.30383	989.0	246.0	1000.0	1000.0	1415999	111.85566	6.080074	124.12068	39.680943	-112.03952	0.12569705	30516.77238225937
355	950.0	26.71142	970.0	904.0	770.8	379.01315	972.0	4.0	1000.0	1000.0	1419999	111.94431	5.961784	123.62328	44.57675	-112.13492	0.12581624	30603.306723356247
356	573.5	396.57376	984.0	124.0	714.1	403.4901	993.0	5.0	1000.0	1000.0	1423999	112.172	6.3317733	128.41328	49.40592	-112.373375	0.12851866	30692.318952083588
357	960.5	2.598076	964.0	958.0	967.2	11.668762	989.0	950.0	1000.0	1000.0	1427999	112.4886	6.365082	128.34734	51.23159	-112.69933	0.13342856	30782.99047112465
358	707.25	406.7944	966.0	4.0	876.7	289.83856	997.0	8.0	1000.0	1000.0	1431999	112.85409	6.417715	130.1831	53.04481	-113.06292	0.12934674	30873.52471113205
359	703.75	293.77405	969.0	250.0	893.6	153.07005	988.0	480.0	1000.0	1000.0	1435999	113.16579	6.3863835	131.73453	50.229126	-113.37652	0.13358144	30962.994094848633
360	629.0	381.4774	966.0	0.0	773.0	386.66367	990.0	0.0	1000.0	1000.0	1439999	113.27636	6.281019	127.182686	52.319565	-113.48926	0.14289713	31052.027025938034
361	814.0	211.21672	992.0	461.0	958.8	15.3674965	986.0	934.0	1000.0	1000.0	1443999	113.90343	6.2647457	125.29549	53.98525	-114.13189	0.15120481	31142.78321146965
362	858.0	172.73535	977.0	560.0	963.7	14.601712	982.0	943.0	1000.0	1000.0	1447999	113.85878	6.1116223	122.497406	54.841938	-114.04698	0.14326283	31233.503271341324
363	972.5	10.98863	987.0	957.0	974.8	16.123276	994.0	947.0	1000.0	1000.0	1451999	113.5838	5.8378124	121.13237	50.269592	-113.77594	0.14063482	31322.364933252335
364	963.5	14.008925	983.0	947.0	838.9	294.61243	995.0	5.0	1000.0	1000.0	1455999	113.60132	5.8402963	121.49146	49.79817	-113.80962	0.13618277	31411.10621523857
365	960.25	9.038114	967.0	945.0	936.4	126.442245	1000.0	559.0	1000.0	1000.0	1459999	113.79344	5.8997545	121.96453	47.86736	-114.002	0.13801295	31500.211240768433
366	966.75	11.497282	975.0	947.0	620.5	430.29437	983.0	0.0	1000.0	1000.0	1463999	113.50648	5.9077306	121.13528	50.572426	-113.67809	0.13179089	31588.3404545784
367	970.25	12.577261	992.0	962.0	700.3	383.43268	1000.0	4.0	1000.0	1000.0	1467999	113.0827	5.82946	120.50377	47.878593	-113.26853	0.13545664	31677.27111697197
368	763.75	333.9808	981.0	186.0	869.7	288.16248	994.0	6.0	1000.0	1000.0	1471999	112.69727	5.616055	119.9257	45.705273	-112.86142	0.12759204	31768.14390563965
369	822.25	259.67517	992.0	374.0	678.1	441.30295	988.0	3.0	1000.0	1000.0	1475999	112.164	5.6676216	118.91023	44.62187	-112.33111	0.12869516	31857.638695001602
370	722.25	388.17932	954.0	50.0	877.0	292.5495	994.0	0.0	1000.0	1000.0	1479999	111.88134	5.7653522	118.68432	45.38976	-112.06174	0.1302996	31944.272319555283
371	956.75	17.55527	971.0	927.0	958.1	13.516287	979.0	931.0	1000.0	1000.0	1483999	111.66015	5.4905434	117.833084	45.39744	-111.82236	0.12324268	32030.77381825447
372	909.25	103.01547	975.0	731.0	964.9	9.627564	980.0	952.0	1000.0	1000.0	1487999	111.249	5.421871	117.01961	46.724922	-111.413734	0.116598904	32117.356939315796
373	698.25	407.25385	985.0	0.0	966.4	10.772186	984.0	948.0	1000.0	1000.0	1491999	110.95694	5.452332	117.14516	46.426384	-111.13005	0.11798238	32204.806706666946
374	952.0	9.669539	964.0	938.0	823.4	307.17526	977.0	8.0	1000.0	1000.0	1495999	110.92462	5.573592	117.452415	45.417336	-111.08844	0.11406111	32294.51231765747
375	962.0	6.1237245	971.0	954.0	878.3	292.90787	988.0	0.0	1000.0	1000.0	1499999	110.67272	5.633777	117.08364	48.283916	-110.8425	0.11370697	32383.830726861954
376	967.25	29.456535	1000.0	920.0	966.7	11.781765	988.0	944.0	1000.0	1000.0	1503999	110.5883	5.629482	116.90271	49.42575	-110.76084	0.11358363	32473.49439907074
377	946.75	21.440325	962.0	910.0	866.1	289.46277	989.0	0.0	1000.0	1000.0	1507999	110.69993	5.54444	116.31166	43.550068	-110.88668	0.10947526	32560.35505414009
378	969.25	20.091976	990.0	936.0	971.7	9.381364	983.0	952.0	1000.0	1000.0	1511999	110.8454	5.5721974	116.994576	52.75595	-111.01696	0.11572402	32648.2706990242
379	751.0	335.75436	962.0	170.0	861.1	287.15622	969.0	0.0	1000.0	1000.0	1515999	110.77845	5.55492	116.963615	52.20584	-110.95149	0.11306818	32734.63951063156
380	921.25	41.769455	964.0	852.0	950.3	59.47781	992.0	774.0	1000.0	1000.0	1519999	110.7653	5.583821	116.763145	52.223995	-110.947784	0.11402752	32820.987498521805
381	946.75	37.238255	991.0	888.0	971.5	22.83528	999.0	925.0	1000.0	1000.0	1523999	111.18392	5.7542396	117.62775	55.60415	-111.38392	0.11913126	32907.28970789909
382	777.0	240.78725	958.0	363.0	864.4	287.80276	986.0	3.0	1000.0	1000.0	1527999	111.3381	5.959925	118.367516	53.85235	-111.51333	0.11673103	32996.92961192131
383	765.75	199.63889	967.0	489.0	876.8	284.47665	989.0	24.0	1000.0	1000.0	1531999	111.18173	5.8507133	118.814186	55.505238	-111.359764	0.11670737	33083.781482458115
384	953.75	18.253424	970.0	923.0	780.1	367.43338	991.0	0.0	1000.0	1000.0	1535999	111.27519	5.9593863	120.46565	52.3576	-111.454025	0.1235278	33170.40179681778
385	738.25	424.54526	993.0	3.0	962.0	11.89958	982.0	948.0	1000.0	1000.0	1539999	111.11009	5.985255	118.34736	48.697388	-111.2763	0.12827836	33260.442214250565
386	576.25	418.83908	986.0	0.0	845.2	284.4408	990.0	50.0	1000.0	1000.0	1543999	110.90125	6.0589037	118.01721	50.314716	-111.07583	0.12857556	33350.25995230675
387	814.0	219.3023	988.0	450.0	966.2	16.296011	994.0	945.0	1000.0	1000.0	1547999	111.04437	6.0819383	118.631165	48.410885	-111.23913	0.13253637	33440.80636763573
388	871.0	133.49532	968.0	642.0	973.4	19.100784	996.0	938.0	1000.0	1000.0	1551999	111.18047	6.1362762	119.107414	41.409405	-111.35801	0.13365902	33529.99891138077
389	913.0	83.20457	976.0	772.0	824.1	305.82263	1000.0	12.0	1000.0	1000.0	1555999	111.08181	6.209791	119.800865	39.351818	-111.2606	0.13223606	33620.42984724045
390	951.0	14.230249	973.0	934.0	833.3	303.3523	1000.0	0.0	1000.0	1000.0	1559999	111.21116	6.196602	120.44913	43.255558	-111.401405	0.13438332	33708.51245498657
391	963.5	10.5	979.0	952.0	938.8	68.572296	985.0	737.0	1000.0	1000.0	1563999	111.3298	6.260507	120.59464	42.675594	-111.5143	0.12792785	33795.69399404526
392	948.75	35.031235	986.0	899.0	908.1	167.51086	985.0	407.0	1000.0	1000.0	1567999	111.29639	6.209784	120.99086	45.63792	-111.470406	0.12579742	33885.04337191582
393	859.0	129.30777	964.0	638.0	905.0	164.29607	985.0	414.0	1000.0	1000.0	1571999	111.0835	6.0444717	121.549904	48.452465	-111.2552	0.12222475	33971.904512405396
394	775.0	172.26869	937.0	513.0	878.2	292.8982	997.0	0.0	1000.0	1000.0	1575999	111.12173	5.9531717	121.1514	53.362766	-111.306915	0.1243788	34058.03026223183
395	938.75	61.385563	983.0	833.0	878.3	293.10614	990.0	0.0	1000.0	1000.0	1579999	111.06589	5.7933073	120.87252	54.031128	-111.23186	0.12282137	34144.466536045074
396	958.25	14.821858	971.0	933.0	868.3	286.51807	988.0	10.0	1000.0	1000.0	1583999	110.74877	5.773353	120.04959	56.136635	-110.9037	0.114513166	34232.21134018898
397	963.75	8.437268	972.0	950.0	972.3	10.1789	987.0	952.0	1000.0	1000.0	1587999	110.47333	5.7265854	120.83098	54.770622	-110.64298	0.120902345	34319.466648340225
398	833.0	209.67236	979.0	471.0	686.8	423.69443	976.0	0.0	1000.0	1000.0	1591999	110.48897	5.626818	119.57318	55.198856	-110.666435	0.1194437	34405.900807619095
399	967.25	19.031225	983.0	935.0	972.3	13.038788	992.0	951.0	1000.0	1000.0	1595999	110.46631	5.8461475	119.537506	56.308365	-110.62517	0.11969705	34494.97360062599
400	938.5	51.49029	977.0	850.0	970.9	14.432256	1000.0	948.0	1000.0	1000.0	1599999	110.35679	6.2145615	120.94561	44.94167	-110.53711	0.12498506	34583.26895618439
401	960.75	3.5619516	966.0	956.0	966.2	7.493997	985.0	956.0	1000.0	1000.0	1603999	110.62137	6.512283	122.10411	38.196007	-110.80145	0.1290119	34669.85069727898
402	960.0	22.505554	997.0	938.0	970.8	15.580757	989.0	941.0	1000.0	1000.0	1607999	110.75836	6.514908	123.62108	37.191742	-110.937004	0.12576947	34756.432763814926
403	964.5	14.840822	981.0	941.0	958.6	17.024689	986.0	928.0	1000.0	1000.0	1611999	110.96296	6.5498857	124.26095	35.63377	-111.1494	0.13385925	34842.86522746086
404	966.75	10.8714075	977.0	949.0	973.5	13.610658	993.0	956.0	1000.0	1000.0	1615999	111.07056	6.5767875	125.33287	37.628582	-111.248024	0.13772643	34929.49931335449
405	951.75	3.5619516	957.0	947.0	962.8	17.764008	988.0	921.0	1000.0	1000.0	1619999	111.18863	6.5292926	125.340675	41.120647	-111.37804	0.13652655	35016.115978479385
406	913.5	105.19862	986.0	732.0	849.2	286.68335	987.0	6.0	1000.0	1000.0	1623999	111.30081	6.67535	125.963455	34.951538	-111.474785	0.13908826	35102.5494685173
407	844.5	237.00264	995.0	435.0	944.4	71.13958	989.0	733.0	1000.0	1000.0	1627999	111.33019	6.7242126	126.190605	38.357964	-111.52285	0.14293958	35191.43108034134
408	979.0	12.267844	988.0	958.0	948.9	39.65211	981.0	833.0	1000.0	1000.0	1631999	112.00135	6.7660394	161.95264	45.390614	-112.22492	0.1554455	35282.05847144127
409	787.75	329.6554	988.0	217.0	786.6	367.21634	986.0	0.0	1000.0	1000.0	1635999	112.66785	6.7023964	193.4371	43.961716	-112.8921	0.16498274	35369.6505613327
410	894.25	97.479164	984.0	735.0	888.1	149.84956	987.0	533.0	1000.0	1000.0	1639999	113.47985	6.8538494	217.89037	52.44292	-113.7227	0.17392705	35458.7981441021
411	491.5	407.36502	961.0	37.0	870.7	290.50577	984.0	0.0	1000.0	1000.0	1643999	114.10547	6.796024	251.34453	56.198063	-114.33324	0.17920999	35545.577043533325
412	950.5	8.958237	960.0	937.0	959.9	10.222035	980.0	947.0	1000.0	1000.0	1647999	114.47498	7.549995	340.70563	61.482117	-114.69722	0.18334623	35632.052839040756
413	795.75	273.03146	960.0	323.0	864.6	285.37036	974.0	9.0	1000.0	1000.0	1651999	115.15179	9.940135	465.5427	58.75554	-115.425186	0.22117655	35719.40649151802
414	819.5	177.04448	980.0	546.0	641.8	427.91046	993.0	0.0	1000.0	1000.0	1655999	116.65474	16.452059	580.3355	58.755592	-117.04935	0.24034779	35809.99723792076
415	700.75	262.637	971.0	357.0	582.7	475.93488	992.0	0.0	1000.0	1000.0	1659999	126.43524	36.403477	656.8567	58.325336	-127.74376	0.43464428	35900.47592973709
416	0.75	1.299038	3.0	0.0	0.1	0.29999998	1.0	0.0	1000.0	1000.0	1663999	166.37448	164.4977	6157.403	64.42595	-169.65544	7.84766	35990.97381281853
417	0.0	0.0	0.0	0.0	12.7	28.028736	90.0	0.0	1000.0	1000.0	1667999	248.34706	244.77586	5465.468	60.738117	-254.971	2.6862638	36081.59565234184
418	1.75	1.7853571	4.0	0.0	0.5	1.024695	3.0	0.0	1000.0	1000.0	1671999	381.422	270.0804	4766.348	75.94465	-391.48212	4.6277294	36172.37968277931
419	0.0	0.0	0.0	0.0	0.7	1.4177446	4.0	0.0	1000.0	1000.0	1675999	531.56195	247.83961	3954.6443	125.449486	-542.48444	5.375663	36261.98395514488
420	0.0	0.0	0.0	0.0	7.9	23.368568	78.0	0.0	1000.0	1000.0	1679999	633.71814	207.44614	3264.3965	197.44179	-642.03577	6.8233514	36350.76192235947
421	0.5	0.8660254	2.0	0.0	0.7	1.7916473	6.0	0.0	1000.0	1000.0	1683999	639.09125	146.88452	2592.718	212.03766	-643.0065	7.1834	36437.12038207054
422	0.0	0.0	0.0	0.0	0.3	0.90000004	3.0	0.0	1000.0	1000.0	1687999	611.0786	113.22039	2154.8757	244.67761	-614.1547	6.215112	36524.805106163025
423	0.5	0.8660254	2.0	0.0	0.0	0.0	0.0	0.0	1000.0	1000.0	1691999	575.6385	85.3653	1811.5176	232.5648	-579.16754	4.959052	36613.35494852066
424	0.0	0.0	0.0	0.0	0.0	0.0	0.0	0.0	1000.0	1000.0	1695999	546.9545	72.28173	1538.5618	214.36316	-549.6002	4.0181913	36699.518773555756
425	125.75	217.80539	503.0	0.0	0.1	0.29999998	1.0	0.0	1000.0	1000.0	1699999	505.95496	63.746037	1344.6115	248.98213	-507.99847	3.5580528	36786.37374329567
426	0.0	0.0	0.0	0.0	1.2	2.4413111	8.0	0.0	1000.0	1000.0	1703999	467.94647	51.26039	1159.1407	205.67256	-470.013	3.4850144	36875.2437183857
427	163.5	283.1903	654.0	0.0	23.0	69.0	230.0	0.0	1000.0	1000.0	1707999	436.39813	41.357594	965.6604	151.66281	-438.38382	2.8274298	36962.659571647644
428	1.75	2.046338	5.0	0.0	2.1	5.3749413	18.0	0.0	1000.0	1000.0	1711999	410.06372	35.121445	784.38635	152.35219	-412.2268	2.9770792	37048.63518214226
429	0.0	0.0	0.0	0.0	0.4	1.1999999	4.0	0.0	1000.0	1000.0	1715999	390.23447	32.907265	642.81604	142.39279	-391.97955	2.3480098	37134.63190793991
430	30.5	42.37039	103.0	0.0	0.0	0.0	0.0	0.0	1000.0	1000.0	1719999	363.1595	31.592192	587.4922	138.54472	-364.59	2.353402	37220.69563150406
431	240.0	413.96194	957.0	0.0	0.1	0.29999998	1.0	0.0	1000.0	1000.0	1723999	335.2995	31.75824	461.80084	126.7463	-336.36844	1.5820776	37306.90107798576
432	0.0	0.0	0.0	0.0	1.4	1.7435595	4.0	0.0	1000.0	1000.0	1727999	310.34415	29.27853	397.72852	120.21891	-311.5847	1.6940489	37392.854865550995
433	14.5	14.773287	33.0	0.0	0.3	0.90000004	3.0	0.0	1000.0	1000.0	1731999	302.83667	34.584476	421.44348	112.65529	-305.18298	2.2540596	37480.54204273224
434	3.0	5.196152	12.0	0.0	0.0	0.0	0.0	0.0	1000.0	1000.0	1735999	305.13763	30.939678	406.08737	88.87889	-306.9391	2.0997047	37568.79134130478
435	10.0	15.636496	37.0	0.0	16.4	32.209316	109.0	0.0	1000.0	1000.0	1739999	288.89926	31.081667	380.70816	79.14395	-290.07462	2.1021502	37656.759930849075
436	11.25	17.795715	42.0	0.0	8.7	17.064877	58.0	0.0	1000.0	1000.0	1743999	280.80823	41.05375	452.15524	61.225693	-282.66272	2.5593293	37742.94540953636
437	1.25	1.299038	3.0	0.0	0.7	1.0999999	3.0	0.0	1000.0	1000.0	1747999	276.56525	53.532925	449.29694	55.581264	-277.84482	3.0664952	37828.94652271271
438	197.75	342.51306	791.0	0.0	164.0	296.56534	995.0	0.0	1000.0	1000.0	1751999	262.06152	51.87712	407.4094	40.26728	-263.05835	2.5383785	37917.746767520905
439	243.0	395.33466	927.0	0.0	368.4	411.4329	986.0	0.0	1000.0	1000.0	1755999	246.37616	44.346798	361.98795	41.047867	-247.22449	2.0384133	38007.873020648956
440	40.75	45.018745	118.0	5.0	194.2	382.20956	963.0	0.0	1000.0	1000.0	1759999	232.16978	38.6387	372.32138	54.188587	-232.96306	1.6501789	38097.99394440651
441	359.25	383.91495	914.0	0.0	1.9	3.9610605	12.0	0.0	1000.0	1000.0	1763999	218.53632	35.72923	391.5637	51.792988	-219.23956	1.2725933	38188.139971494675
442	0.0	0.0	0.0	0.0	0.0	0.0	0.0	0.0	1000.0	1000.0	1767999	210.79008	37.643234	408.7805	45.066864	-211.9085	1.4676223	38278.10926437378
443	44.0	76.210236	176.0	0.0	2.8	4.728636	15.0	0.0	1000.0	1000.0	1771999	210.90508	41.35915	371.69296	41.366177	-212.16907	1.6184999	38368.12073111534
444	57.0	92.48513	217.0	0.0	215.6	365.6239	929.0	0.0	1000.0	1000.0	1775999	205.68411	41.951313	332.17386	43.458794	-206.42175	1.2541543	38457.41130685806
445	77.25	133.80092	309.0	0.0	0.3	0.90000004	3.0	0.0	1000.0	1000.0	1779999	196.37912	40.57718	302.5361	48.33707	-197.12234	1.077991	38544.691591739655
446	3.75	6.4951906	15.0	0.0	1.5	3.2015622	10.0	0.0	1000.0	1000.0	1783999	190.03358	39.11763	293.27432	41.08335	-190.85245	1.0242978	38634.80507326126
447	3.5	6.0621777	14.0	0.0	545.7	455.14944	990.0	0.0	1000.0	1000.0	1787999	183.83582	33.090286	275.67886	34.2835	-184.47011	1.0322832	38725.03367638588
448	177.75	166.88226	361.0	0.0	100.1	289.00845	967.0	0.0	1000.0	1000.0	1791999	175.27762	25.90588	248.25974	35.92999	-175.78035	0.88902366	38812.017807245255
449	120.0	115.6352	281.0	0.0	98.1	284.3292	951.0	0.0	1000.0	1000.0	1795999	167.87167	21.666977	225.44446	40.237144	-168.42789	0.8948256	38899.82700705528
450	3.5	2.8722813	8.0	0.0	238.2	363.77487	961.0	0.0	1000.0	1000.0	1799999	161.85892	20.116787	230.6974	44.91783	-162.33536	0.8964752	38989.905792951584
451	344.75	359.17432	945.0	0.0	535.4	436.90668	987.0	0.0	1000.0	1000.0	1803999	156.3306	19.540335	208.19986	43.74097	-156.83685	0.7875709	39078.044620752335
452	616.0	239.2551	795.0	207.0	481.6	479.76456	982.0	0.0	1000.0	1000.0	1807999	150.95708	17.953875	211.39374	42.557854	-151.32407	0.75578356	39168.08259797096
453	642.0	349.47748	954.0	57.0	680.7	412.6781	983.0	0.0	1000.0	1000.0	1811999	144.25278	16.405775	199.9323	38.323174	-144.55307	0.6704333	39255.29989171028
454	381.75	282.79974	853.0	145.0	714.6	378.10135	990.0	0.0	1000.0	1000.0	1815999	137.45284	15.302152	174.2822	17.51634	-137.668	0.5974415	39341.29600858688
455	288.25	326.6377	797.0	2.0	476.1	473.8891	976.0	0.0	1000.0	1000.0	1819999	130.84245	15.096024	155.04726	12.658197	-131.06783	0.5738595	39427.36631655693
456	216.0	299.6256	727.0	0.0	386.9	465.61795	971.0	0.0	1000.0	1000.0	1823999	126.15157	14.792077	147.03223	13.735748	-126.417656	0.6066742	39513.48567533493
457	532.25	337.1056	840.0	12.0	429.5	412.13232	962.0	0.0	1000.0	1000.0	1827999	122.86183	13.901548	140.12091	9.909373	-123.16394	0.6020201	39601.572295188904
458	748.5	286.42145	936.0	253.0	761.7	375.62137	991.0	0.0	1000.0	1000.0	1831999	121.41986	14.090946	141.40414	6.828395	-121.810875	0.5990146	39691.60548400879
459	781.25	200.77272	946.0	448.0	432.0	415.76147	968.0	0.0	1000.0	1000.0	1835999	120.91338	14.8617	144.45688	9.034643	-121.29198	0.6066158	39781.5111618042
460	723.75	308.89835	974.0	216.0	532.7	450.95255	989.0	3.0	1000.0	1000.0	1839999	119.97134	15.340824	141.73123	5.479962	-120.321236	0.5533243	39871.71088218689
461	764.0	245.96443	986.0	366.0	324.4	423.71573	969.0	0.0	1000.0	1000.0	1843999	119.12355	16.004229	145.08069	-7.403207	-119.47598	0.5854597	39959.093386888504
462	274.75	161.29535	425.0	23.0	371.8	382.93024	942.0	0.0	1000.0	1000.0	1847999	118.73631	17.280766	144.25847	-22.488663	-119.128876	0.6597861	40047.50918483734
463	506.0	403.23877	953.0	0.0	581.6	471.51865	995.0	0.0	1000.0	1000.0	1851999	118.84289	18.678967	143.67468	-29.234737	-119.25939	0.71964353	40134.958678007126
464	858.0	161.90892	975.0	580.0	582.0	470.7394	989.0	0.0	1000.0	1000.0	1855999	118.55033	19.698627	142.23843	-38.66732	-118.914246	0.6559581	40221.513613939285
465	519.25	444.96426	961.0	2.0	848.4	284.11554	985.0	5.0	1000.0	1000.0	1859999	117.90262	20.557373	141.17413	-43.180977	-118.26683	0.6018733	40310.183359861374
466	698.25	365.82397	964.0	76.0	488.9	488.93137	1000.0	0.0	1000.0	1000.0	1863999	117.29346	20.846952	139.49635	-48.334854	-117.63555	0.6268828	40400.11106920242
467	544.25	441.7954	998.0	0.0	491.1	489.78842	1000.0	0.0	1000.0	1000.0	1867999	115.75128	20.62237	146.33067	-51.28702	-116.03927	0.5904656	40490.20332288742
468	794.25	308.0141	982.0	261.0	779.1	380.6422	996.0	0.0	1000.0	1000.0	1871999	113.90957	20.23169	135.09593	-51.115223	-114.17722	0.5383872	40576.92577075958
469	725.0	418.6323	974.0	0.0	438.4	459.16492	984.0	0.0	1000.0	1000.0	1875999	112.35695	20.08403	145.11844	-63.639534	-112.642044	0.551859	40663.05751013756
470	561.25	403.6548	957.0	21.0	641.5	412.63766	961.0	0.0	1000.0	1000.0	1879999	111.43029	19.958324	134.39006	-65.97231	-111.735344	0.56609786	40749.29596662521
471	811.75	81.40447	903.0	701.0	190.9	316.53134	954.0	0.0	1000.0	1000.0	1883999	111.21954	19.934338	138.28786	-80.59365	-111.55572	0.56043833	40835.51152777672
472	719.75	415.6828	972.0	0.0	373.7	436.73608	978.0	0.0	1000.0	1000.0	1887999	110.93779	19.870655	144.04057	-80.639465	-111.25749	0.54663783	40924.49964737892
473	482.5	482.51865	971.0	0.0	658.0	434.64813	994.0	0.0	1000.0	1000.0	1891999	110.97946	20.026152	144.47162	-68.22092	-111.33358	0.5402153	41014.3994345665
474	154.25	141.5669	364.0	21.0	585.1	472.0717	991.0	0.0	1000.0	1000.0	1895999	111.67894	20.92753	148.82607	-58.650112	-112.04416	0.56865233	41101.45889186859
475	488.75	480.29593	973.0	0.0	263.3	407.41873	984.0	0.0	1000.0	1000.0	1899999	112.01942	21.040268	145.6517	-48.385204	-112.39564	0.55993617	41188.73990082741
476	491.5	437.72736	982.0	0.0	662.0	412.96924	987.0	0.0	1000.0	1000.0	1903999	113.48206	21.294292	147.62682	-34.894855	-113.95927	0.5701331	41277.57560968399
477	195.25	223.22789	580.0	31.0	195.6	386.5344	986.0	0.0	1000.0	1000.0	1907999	115.62779	22.135616	151.63136	-31.545713	-116.06463	0.61375576	41365.66157436371
478	557.25	414.97913	960.0	0.0	675.2	441.61697	991.0	0.0	1000.0	1000.0	1911999	116.03219	22.391191	153.59897	-22.81885	-116.42503	0.59470636	41452.729206323624
479	594.75	411.96442	998.0	0.0	381.4	466.27872	997.0	0.0	1000.0	1000.0	1915999	116.06521	21.525404	152.43605	0.26155448	-116.45341	0.58795816	41538.9772670269
480	328.5	396.04135	972.0	0.0	579.2	473.36282	984.0	0.0	1000.0	1000.0	1919999	115.89292	19.094717	145.33391	2.87281	-116.27228	0.5485416	41625.10077261925
481	407.5	383.92023	954.0	0.0	533.8	406.47037	990.0	0.0	1000.0	1000.0	1923999	116.12531	16.899784	156.51677	2.8787613	-116.55063	0.56298923	41711.5281829834
482	717.75	414.60364	974.0	0.0	582.6	475.2789	995.0	0.0	1000.0	1000.0	1927999	116.41509	15.934853	172.99414	15.842593	-116.80853	0.5533302	41800.03666687012
483	669.0	390.7384	987.0	0.0	514.5	461.09833	986.0	0.0	1000.0	1000.0	1931999	115.72809	16.011595	159.44739	26.751417	-116.0594	0.50379103	41887.96075749397
484	976.5	14.974979	999.0	958.0	586.9	479.31607	993.0	0.0	1000.0	1000.0	1935999	114.05281	16.42021	137.91609	8.7872305	-114.34114	0.49151742	41977.77185726166
485	953.75	14.905955	976.0	937.0	861.4	287.37335	979.0	0.0	1000.0	1000.0	1939999	112.68596	16.25367	133.45363	5.866543	-112.99378	0.4889976	42067.723092556
486	962.25	19.917015	983.0	933.0	873.1	289.06174	993.0	7.0	1000.0	1000.0	1943999	111.61167	16.155912	131.15382	13.107723	-111.92039	0.46826056	42155.60810303688
487	495.25	482.01834	996.0	1.0	677.9	443.81967	979.0	0.0	1000.0	1000.0	1947999	110.7887	16.236057	130.63373	-12.003896	-111.087685	0.43031824	42243.462366104126
488	765.25	341.7436	978.0	174.0	581.7	469.79913	984.0	0.0	1000.0	1000.0	1951999	110.12175	16.375473	129.72032	-10.466283	-110.44286	0.42250583	42332.246561050415
489	546.0	421.21786	973.0	3.0	639.5	411.88815	986.0	0.0	1000.0	1000.0	1955999	109.73392	16.62731	129.68674	-17.367157	-110.05433	0.4223047	42422.21362280846
490	959.25	11.388042	972.0	946.0	582.7	467.12036	978.0	0.0	1000.0	1000.0	1959999	109.52136	16.565727	129.54688	-20.230873	-109.849014	0.4196971	42510.167357206345
491	525.5	448.28424	984.0	0.0	673.0	439.60825	977.0	0.0	1000.0	1000.0	1963999	109.34147	16.605398	129.12744	-7.8574114	-109.68196	0.42368546	42596.33752036095
492	720.0	405.13022	981.0	19.0	871.8	290.56628	991.0	1.0	1000.0	1000.0	1967999	109.60444	17.048155	130.40102	-4.677965	-109.95833	0.43520758	42684.08976197243
493	909.25	48.437458	957.0	850.0	631.9	430.52188	974.0	0.0	1000.0	1000.0	1971999	109.79839	17.419895	130.68575	-1.9999263	-110.14031	0.4328296	42773.04544186592
494	950.75	26.09957	981.0	909.0	848.6	289.62326	998.0	0.0	1000.0	1000.0	1975999	110.03746	18.229603	131.482	-7.5108223	-110.40369	0.43509364	42860.78464150429
495	658.75	371.18686	948.0	22.0	873.8	291.6535	998.0	0.0	1000.0	1000.0	1979999	110.53005	18.314146	130.63467	-11.908378	-110.89559	0.4289637	42948.73845791817
496	616.75	378.4966	967.0	36.0	723.4	388.9139	989.0	2.0	1000.0	1000.0	1983999	110.86481	18.2978	130.0688	-12.548482	-111.22822	0.41872704	43036.863515377045
497	969.75	23.889067	990.0	929.0	867.9	289.73865	982.0	0.0	1000.0	1000.0	1987999	111.04115	18.131617	128.84	-15.336447	-111.401726	0.42102143	43127.29486942291
498	948.0	36.290493	991.0	891.0	861.2	287.9503	983.0	1.0	1000.0	1000.0	1991999	111.01272	18.237669	131.40332	-19.498314	-111.36774	0.43003008	43216.475133895874
499	962.0	11.113055	971.0	943.0	850.2	293.73077	984.0	0.0	1000.0	1000.0	1995999	111.32425	18.254946	132.3892	-25.932537	-111.69825	0.43101496	43303.8488240242
500	957.25	18.53881	986.0	935.0	942.1	66.73897	988.0	749.0	1000.0	1000.0	1999999	111.58567	18.402626	130.81335	-24.759268	-111.96192	0.4357813	43389.970138549805
