Epoch	AverageEpRet	StdEpRet	MaxEpRet	MinEpRet	AverageTestEpRet	StdTestEpRet	MaxTestEpRet	MinTestEpRet	EpLen	TestEpLen	TotalEnvInteracts	AverageQVals	StdQVals	MaxQVals	MinQVals	LossPi	LossQ	Time
1	3.0	3.3166249	8.0	0.0	70.0	138.79842	433.0	0.0	1000.0	1000.0	3999	0.0493463	0.07823536	2.5702348	-0.38334733	-0.060929444	0.0017665158	46.480533838272095
2	78.5	71.61878	195.0	0.0	102.7	158.14363	419.0	0.0	1000.0	1000.0	7999	1.1759466	2.0552893	19.978043	0.00088238716	-1.3421487	0.00804633	104.77941155433655
3	1.5	2.598076	6.0	0.0	82.9	132.20245	335.0	0.0	1000.0	1000.0	11999	8.128428	8.688184	49.91533	-27.612722	-8.8166895	0.019884668	164.18579816818237
4	59.75	103.490036	239.0	0.0	34.8	61.246708	194.0	0.0	1000.0	1000.0	15999	18.273062	22.352646	136.98866	-26.855726	-19.047955	0.07276552	224.0319845676422
5	66.75	100.103386	239.0	0.0	12.5	35.864326	120.0	0.0	1000.0	1000.0	19999	41.644196	30.796394	138.11801	-26.278349	-42.57586	0.1473775	283.4511892795563
6	121.75	210.87718	487.0	0.0	99.6	297.4691	992.0	0.0	1000.0	1000.0	23999	51.476173	27.069841	111.87458	-25.738424	-52.056602	0.13754666	343.39584732055664
7	27.5	40.4753	97.0	0.0	0.0	0.0	0.0	0.0	1000.0	1000.0	27999	53.606686	23.041193	92.26848	-22.373497	-54.051575	0.13270359	403.58346915245056
8	242.25	234.56169	544.0	6.0	101.1	264.77518	892.0	0.0	1000.0	1000.0	31999	55.202705	19.11413	82.583916	-22.712236	-55.714024	0.12070841	465.6872103214264
9	259.75	379.8489	916.0	16.0	103.3	289.64774	972.0	0.0	1000.0	1000.0	35999	54.818985	17.139065	77.11819	-22.41629	-55.193905	0.13398157	527.8454329967499
10	0.0	0.0	0.0	0.0	93.3	270.27988	904.0	0.0	1000.0	1000.0	39999	54.35263	15.20548	74.4745	-21.467337	-54.73328	0.11575534	591.1692678928375
11	2.0	3.4641016	8.0	0.0	192.7	362.76245	925.0	0.0	1000.0	1000.0	43999	53.3963	13.354354	74.4132	-13.897089	-53.749443	0.12616758	655.9801280498505
12	1.5	1.5	3.0	0.0	389.1	476.58524	985.0	0.0	1000.0	1000.0	47999	52.233	12.311041	79.35187	-4.6175184	-52.635952	0.14001296	721.1449875831604
13	84.5	130.21233	310.0	7.0	433.1	366.2536	985.0	0.0	1000.0	1000.0	51999	52.69609	12.8367605	82.45092	3.6194296	-53.157505	0.15679355	786.8321144580841
14	157.75	152.84694	362.0	0.0	337.1	413.27655	967.0	0.0	1000.0	1000.0	55999	53.1225	13.448294	85.22978	7.4072704	-53.631214	0.18445115	853.4158549308777
15	378.25	382.8305	840.0	0.0	766.4	382.34625	991.0	0.0	1000.0	1000.0	59999	55.10195	14.419989	90.4724	6.8488865	-55.66221	0.21686873	923.5257685184479
16	310.25	365.59018	894.0	0.0	418.7	455.2505	991.0	0.0	1000.0	1000.0	63999	57.93932	15.823025	93.67478	2.4952476	-58.528805	0.24607565	996.7682464122772
17	474.0	354.16168	963.0	0.0	664.9	436.0072	999.0	0.0	1000.0	1000.0	67999	61.580154	16.19032	101.32851	5.187865	-62.250366	0.30353284	1072.5988183021545
18	487.5	487.70508	995.0	0.0	890.4	215.66	987.0	245.0	1000.0	1000.0	71999	66.20687	16.100992	107.61473	4.674928	-66.901505	0.3274614	1151.0526354312897
19	698.25	280.24576	999.0	243.0	772.6	383.66006	984.0	0.0	1000.0	1000.0	75999	69.88003	17.346384	110.8401	-2.205936	-70.59484	0.32018286	1229.8020651340485
20	663.0	360.84415	872.0	38.0	773.0	372.4226	998.0	0.0	1000.0	1000.0	79999	74.15323	18.926023	117.89668	0.38138664	-74.888824	0.3226624	1308.8132483959198
21	719.5	210.6306	955.0	413.0	848.4	186.28163	992.0	332.0	1000.0	1000.0	83999	79.30444	20.763716	125.31602	-0.03722757	-80.09129	0.3472892	1388.0703008174896
22	659.5	365.3447	990.0	96.0	683.9	430.969	980.0	2.0	1000.0	1000.0	87999	84.96275	22.955421	130.7097	4.046653	-85.79178	0.39259714	1467.5759422779083
23	698.25	406.33875	977.0	0.0	851.0	287.2908	999.0	8.0	1000.0	1000.0	91999	90.04513	24.632942	133.73286	-0.37654126	-90.90747	0.39752448	1547.1630606651306
24	961.0	25.39685	990.0	924.0	486.7	486.30917	994.0	0.0	1000.0	1000.0	95999	96.11225	25.011105	135.51031	0.42285538	-97.02411	0.37251708	1626.6860659122467
25	712.75	406.37445	959.0	9.0	627.6	425.65414	998.0	10.0	1000.0	1000.0	99999	100.12352	24.882185	137.58693	-4.6967983	-100.89678	0.38192055	1706.4863152503967
26	978.5	18.607794	997.0	950.0	705.4	396.66943	995.0	0.0	1000.0	1000.0	103999	103.54697	25.219244	140.96654	-1.4003606	-104.41223	0.3994375	1786.297636270523
27	842.25	110.94227	940.0	654.0	864.1	280.32495	985.0	26.0	1000.0	1000.0	107999	107.41779	25.322193	143.56601	-4.4707527	-108.2343	0.41409528	1866.2197122573853
28	915.0	99.764725	990.0	744.0	736.4	346.7879	991.0	9.0	1000.0	1000.0	111999	110.61589	24.934341	149.18913	-13.815833	-111.51134	0.469198	1946.1520204544067
29	683.25	262.15393	995.0	328.0	836.0	294.16663	988.0	0.0	1000.0	1000.0	115999	114.21537	24.968573	153.67593	-16.274385	-115.07341	0.4886225	2026.1080949306488
30	823.75	155.12958	992.0	636.0	631.9	360.33636	975.0	18.0	1000.0	1000.0	119999	116.69885	24.40677	154.4022	-10.648287	-117.52708	0.4815424	2106.121251106262
31	692.5	390.37323	959.0	21.0	649.5	430.12677	1000.0	0.0	1000.0	1000.0	123999	118.96533	22.99281	155.86504	-3.3477192	-119.78166	0.4688455	2186.0577890872955
32	928.75	56.587875	968.0	831.0	870.4	287.62552	995.0	10.0	1000.0	1000.0	127999	120.1105	22.24854	155.72435	-5.413399	-120.90841	0.50945896	2266.034301996231
33	743.75	192.65173	989.0	511.0	919.1	147.83603	987.0	477.0	1000.0	1000.0	131999	121.3614	22.621725	158.91957	-6.545002	-122.16025	0.49260035	2346.011244058609
34	772.25	346.33032	989.0	173.0	752.9	379.53513	1000.0	0.0	1000.0	1000.0	135999	122.34768	22.652529	159.2072	-3.533533	-123.136894	0.48342434	2426.264893054962
35	877.0	158.36824	983.0	604.0	683.0	353.5743	995.0	28.0	1000.0	1000.0	139999	123.70106	22.99577	161.9868	-5.83481	-124.523254	0.48706815	2506.596887588501
36	648.0	354.12567	871.0	35.0	878.6	290.6091	994.0	8.0	1000.0	1000.0	143999	125.08274	23.324991	163.13435	-6.812522	-125.87522	0.5208326	2586.7357528209686
37	855.75	197.93607	975.0	513.0	853.2	287.40384	997.0	16.0	1000.0	1000.0	147999	125.32804	23.174425	162.52611	-5.4977655	-126.07414	0.46957412	2667.0748856067657
38	948.0	37.529987	987.0	886.0	879.1	291.87546	989.0	4.0	1000.0	1000.0	151999	125.15952	23.444134	160.14256	-8.10944	-125.857544	0.46558794	2747.531279563904
39	982.0	10.07472	992.0	966.0	980.2	14.538225	1000.0	949.0	1000.0	1000.0	155999	124.74666	23.521973	159.27333	-5.4565167	-125.43039	0.4232124	2827.79149723053
40	961.75	14.922718	977.0	937.0	974.0	7.6681156	989.0	961.0	1000.0	1000.0	159999	124.35953	23.111214	158.15492	-5.4369073	-125.02463	0.41258344	2908.0375258922577
41	962.75	20.70477	994.0	936.0	749.0	386.29834	1000.0	9.0	1000.0	1000.0	163999	123.42413	22.45576	155.12822	-5.190713	-124.02947	0.38623297	2988.5250113010406
42	956.25	32.460552	999.0	909.0	878.9	292.39166	991.0	2.0	1000.0	1000.0	167999	121.96517	21.545027	149.82344	-2.6348467	-122.56714	0.38496467	3068.9385616779327
43	740.5	399.8553	979.0	48.0	826.1	312.68976	997.0	0.0	1000.0	1000.0	171999	120.54198	20.135065	146.33856	-2.5811138	-121.10028	0.39730102	3149.328492164612
44	976.25	9.83298	987.0	965.0	968.2	22.653036	1000.0	914.0	1000.0	1000.0	175999	119.19573	19.860043	143.65134	-10.530245	-119.76311	0.38088298	3229.842714548111
45	979.5	7.826238	993.0	974.0	956.9	79.42852	998.0	721.0	1000.0	1000.0	179999	118.69977	20.089293	144.24495	-25.01885	-119.28983	0.40107512	3310.2557451725006
46	930.75	60.792168	973.0	826.0	967.3	12.182364	981.0	946.0	1000.0	1000.0	183999	118.64653	20.515453	144.15947	-1.9250939	-119.23957	0.41093224	3390.8419556617737
47	975.5	15.256146	991.0	951.0	963.8	33.38503	993.0	868.0	1000.0	1000.0	187999	118.67832	20.33639	143.42885	-4.9129267	-119.243065	0.39943328	3471.3010487556458
48	969.75	23.0258	1000.0	945.0	875.6	290.3571	991.0	5.0	1000.0	1000.0	191999	118.15151	19.888922	141.09406	-7.5187936	-118.68935	0.39091888	3551.726842880249
49	971.5	9.937304	985.0	957.0	976.5	14.319567	1000.0	952.0	1000.0	1000.0	195999	117.6677	20.093586	140.31651	-16.763367	-118.2016	0.35859632	3632.150760412216
50	991.25	7.854139	998.0	978.0	975.5	13.116783	998.0	955.0	1000.0	1000.0	199999	117.42588	20.187365	140.70807	-11.156822	-117.96531	0.34428138	3712.6814053058624
51	954.75	35.05264	994.0	898.0	683.2	447.48828	1000.0	0.0	1000.0	1000.0	203999	117.77094	20.268345	140.79898	-22.753895	-118.345894	0.34718898	3793.324211359024
52	971.25	3.8971143	977.0	966.0	872.8	291.15454	991.0	0.0	1000.0	1000.0	207999	118.23169	20.329962	139.80644	-13.90911	-118.77492	0.32035536	3873.929836988449
53	972.75	6.5717196	979.0	962.0	873.4	291.96994	1000.0	0.0	1000.0	1000.0	211999	117.88205	20.093958	138.24597	-13.06514	-118.374916	0.3162767	3954.54114484787
54	965.75	5.8040934	971.0	957.0	976.0	9.8792715	991.0	955.0	1000.0	1000.0	215999	117.17439	19.34527	136.92262	-8.121811	-117.66064	0.2978952	4035.201573371887
55	971.75	11.691343	988.0	955.0	873.1	291.163	983.0	0.0	1000.0	1000.0	219999	116.48896	18.955753	136.20865	-6.7953854	-116.948875	0.29653186	4115.990616083145
56	971.0	5.0990195	977.0	963.0	959.1	43.878124	990.0	832.0	1000.0	1000.0	223999	115.89252	19.390291	135.6223	-4.652625	-116.375	0.29666236	4196.691009283066
57	970.5	11.25833	983.0	953.0	969.8	10.438391	989.0	951.0	1000.0	1000.0	227999	115.93247	19.34957	135.52612	-1.1773599	-116.42277	0.30716127	4277.420939683914
58	980.75	10.755813	999.0	972.0	978.4	13.922644	1000.0	948.0	1000.0	1000.0	231999	116.25196	19.039764	134.15198	6.270016	-116.74986	0.29927102	4358.111599206924
59	977.75	11.776566	997.0	966.0	963.6	53.295776	1000.0	809.0	1000.0	1000.0	235999	116.45114	19.0552	133.71196	7.959627	-116.93593	0.3030459	4438.896151065826
60	973.0	18.124569	994.0	944.0	922.3	141.88591	1000.0	501.0	1000.0	1000.0	239999	116.44347	18.381956	132.83702	7.562152	-116.91199	0.29323682	4519.698772192001
61	983.25	15.92757	996.0	957.0	845.7	272.14703	997.0	90.0	1000.0	1000.0	243999	116.37581	18.181276	133.6864	8.460447	-116.8518	0.2944036	4600.612923622131
62	975.25	20.680607	998.0	944.0	971.6	18.995789	1000.0	936.0	1000.0	1000.0	247999	116.5955	17.970823	134.16896	2.6370337	-117.06835	0.29710642	4681.508551120758
63	968.25	18.471262	999.0	950.0	957.7	48.690964	989.0	818.0	1000.0	1000.0	251999	116.70165	18.119263	134.0832	1.2128057	-117.17094	0.29856998	4762.496804475784
64	981.5	8.645808	995.0	971.0	968.2	20.038961	995.0	924.0	1000.0	1000.0	255999	116.86054	18.460154	133.47273	3.6304288	-117.340645	0.28538445	4843.509054660797
65	844.25	216.8656	984.0	469.0	867.9	288.27573	997.0	5.0	1000.0	1000.0	259999	117.32407	18.752146	132.8659	-2.0755525	-117.7956	0.30557427	4924.45321059227
66	972.5	6.344289	981.0	965.0	978.2	10.665833	995.0	967.0	1000.0	1000.0	263999	117.57166	18.858377	133.23712	-6.1968045	-118.049675	0.2973563	5005.318471193314
67	731.75	422.5999	985.0	0.0	980.7	13.491108	996.0	955.0	1000.0	1000.0	267999	117.48334	18.437134	131.71463	-10.103655	-117.92159	0.28115198	5086.201903820038
68	976.75	7.52911	986.0	966.0	971.7	13.160927	992.0	949.0	1000.0	1000.0	271999	116.91518	17.764942	141.74559	-12.852518	-117.337395	0.28741026	5167.338562965393
69	929.5	39.90927	982.0	870.0	970.7	14.852945	996.0	942.0	1000.0	1000.0	275999	116.3398	17.379377	140.34196	-8.326328	-116.76101	0.292766	5248.197352409363
70	970.5	20.217567	991.0	939.0	678.6	441.7305	990.0	0.0	1000.0	1000.0	279999	115.78863	16.765612	136.30067	-3.9050999	-116.1943	0.31106976	5329.053087472916
71	821.75	227.20627	969.0	429.0	966.0	14.449914	989.0	945.0	1000.0	1000.0	283999	115.69513	17.112549	129.43385	-4.642292	-116.12751	0.30362514	5410.311451435089
72	976.5	5.6789083	984.0	971.0	981.2	12.796875	1000.0	954.0	1000.0	1000.0	287999	115.59064	16.977713	136.25345	-0.90995467	-115.99412	0.2915808	5491.252627134323
73	858.0	195.92984	985.0	519.0	973.1	12.291867	998.0	956.0	1000.0	1000.0	291999	115.22901	16.901808	153.29082	-8.119458	-115.63225	0.28429303	5572.089403867722
74	953.5	43.18854	991.0	882.0	977.5	11.1108055	993.0	961.0	1000.0	1000.0	295999	115.07325	16.732597	150.54677	3.9514716	-115.4804	0.28325117	5653.20215511322
75	978.0	12.247449	996.0	964.0	972.2	12.213108	994.0	948.0	1000.0	1000.0	299999	115.19055	16.699755	139.82387	-9.890474	-115.60914	0.28117713	5734.3820950984955
76	980.0	7.3484693	988.0	968.0	975.0	14.057027	997.0	959.0	1000.0	1000.0	303999	115.47815	16.542028	147.94562	-13.2253895	-115.90846	0.2843096	5815.733779191971
77	983.0	6.9641943	994.0	977.0	976.9	10.511422	993.0	958.0	1000.0	1000.0	307999	115.83321	16.291204	148.66777	10.410753	-116.25011	0.26389673	5896.933866024017
78	978.0	14.713939	1000.0	960.0	882.0	277.21292	993.0	51.0	1000.0	1000.0	311999	116.06767	16.028988	144.04294	0.9084022	-116.48871	0.27088544	5978.069233894348
79	959.75	26.920021	984.0	915.0	970.6	10.336344	986.0	955.0	1000.0	1000.0	315999	116.18457	15.686398	135.80846	1.4424671	-116.59178	0.27273607	6059.296670913696
80	979.0	19.862024	999.0	946.0	972.2	12.835888	1000.0	955.0	1000.0	1000.0	319999	116.09661	15.474399	135.00099	-5.7544985	-116.494675	0.282851	6140.616768121719
81	936.0	72.81827	982.0	810.0	931.8	85.49831	988.0	689.0	1000.0	1000.0	323999	115.9677	15.584263	138.67517	-67.456535	-116.355705	0.40364453	6221.866280555725
82	965.25	25.212845	988.0	923.0	884.6	295.10007	998.0	0.0	1000.0	1000.0	327999	116.08154	15.415779	136.84935	-16.551413	-116.48569	0.33896148	6303.145525455475
83	781.75	212.0759	1000.0	545.0	638.3	402.44553	987.0	12.0	1000.0	1000.0	331999	116.15362	15.709289	135.97406	7.14722	-116.56161	0.29674134	6384.511057376862
84	974.25	5.629165	980.0	965.0	840.1	296.69864	996.0	0.0	1000.0	1000.0	335999	116.55832	16.453896	137.97392	6.3507094	-116.96802	0.29824013	6465.9099678993225
85	974.5	10.307764	992.0	967.0	878.1	291.55185	993.0	4.0	1000.0	1000.0	339999	116.51395	16.771244	140.13782	5.6724086	-116.91243	0.2919079	6547.179577112198
86	965.75	30.703217	993.0	914.0	681.9	444.626	997.0	0.0	1000.0	1000.0	343999	116.65709	16.64871	140.76044	3.81668	-117.066956	0.27586412	6628.650813817978
87	749.0	361.8197	984.0	123.0	841.8	286.20825	1000.0	2.0	1000.0	1000.0	347999	116.84645	16.578089	140.65555	2.072679	-117.24125	0.2960091	6709.82496881485
88	555.0	409.6187	980.0	0.0	984.5	8.924685	1000.0	972.0	1000.0	1000.0	351999	116.39508	16.65412	138.7748	1.07568	-116.762764	0.28255942	6791.5131850242615
89	918.5	88.177376	977.0	766.0	967.1	12.856516	1000.0	947.0	1000.0	1000.0	355999	116.04972	17.014498	138.54408	1.0798874	-116.43076	0.2787872	6872.979578971863
90	985.25	11.562331	996.0	966.0	977.1	12.9185915	1000.0	962.0	1000.0	1000.0	359999	115.72984	17.291506	139.27867	1.085317	-116.092	0.27685386	6954.302726268768
91	880.75	160.13335	988.0	604.0	972.4	10.556515	992.0	954.0	1000.0	1000.0	363999	115.36897	17.388826	138.90634	1.090035	-115.72864	0.27970722	7035.675411939621
92	725.75	419.4451	997.0	0.0	927.8	148.38113	1000.0	484.0	1000.0	1000.0	367999	114.98477	17.249062	137.72707	1.0945908	-115.32747	0.26547736	7117.14497256279
93	955.75	26.261902	978.0	911.0	937.1	101.00738	984.0	635.0	1000.0	1000.0	371999	114.26494	17.063618	138.06728	1.0999916	-114.60201	0.28694335	7198.557502746582
94	977.5	10.523783	988.0	966.0	975.2	10.166612	997.0	962.0	1000.0	1000.0	375999	113.7954	16.988457	133.76152	1.1110771	-114.13342	0.27279603	7279.887565612793
95	835.5	240.659	985.0	419.0	970.5	10.2980585	994.0	953.0	1000.0	1000.0	379999	113.42909	16.887083	132.04213	-11.861162	-113.76856	0.279912	7361.209476947784
96	981.5	8.674676	994.0	972.0	977.2	11.214277	997.0	960.0	1000.0	1000.0	383999	113.28216	16.836834	131.15839	-18.667091	-113.63111	0.27652863	7442.819603443146
97	791.25	302.71634	973.0	267.0	947.7	100.51971	1000.0	647.0	1000.0	1000.0	387999	113.18577	16.099405	131.0523	-23.056534	-113.53451	0.26987198	7524.597163438797
98	978.25	12.9301	1000.0	968.0	773.8	384.7695	1000.0	8.0	1000.0	1000.0	391999	113.25775	15.7737665	129.72768	1.1210161	-113.60942	0.2485346	7605.921682834625
99	981.0	4.3011627	988.0	977.0	881.8	292.32578	997.0	6.0	1000.0	1000.0	395999	113.3142	15.73661	129.34406	-1.1603464	-113.66543	0.24713495	7687.338480234146
100	972.0	19.300259	986.0	939.0	971.8	11.745638	997.0	956.0	1000.0	1000.0	399999	113.66013	15.537909	131.01367	-6.747429	-114.03726	0.2549071	7768.96578836441
101	955.75	29.40557	999.0	916.0	973.2	12.1885195	997.0	952.0	1000.0	1000.0	403999	114.22677	15.686807	132.53786	-23.089594	-114.5971	0.2821333	7850.510645389557
102	976.5	17.226433	994.0	948.0	972.0	11.823705	997.0	951.0	1000.0	1000.0	407999	114.49136	16.135603	134.4387	-37.586193	-114.847916	0.2897679	7931.995641946793
103	859.25	201.08253	980.0	511.0	774.7	387.53607	996.0	0.0	1000.0	1000.0	411999	114.57912	16.32435	134.52025	-24.912376	-114.930084	0.3127121	8013.714671611786
104	910.0	129.36963	990.0	686.0	975.4	8.708616	987.0	964.0	1000.0	1000.0	415999	114.53477	16.480608	134.42429	-36.58837	-114.87819	0.28734064	8095.477435588837
105	970.75	7.3950996	983.0	964.0	962.5	19.637974	981.0	911.0	1000.0	1000.0	419999	114.42744	16.39393	134.54643	-19.099321	-114.77627	0.3137285	8177.322683095932
106	974.75	18.899405	992.0	943.0	974.0	11.798305	990.0	956.0	1000.0	1000.0	423999	114.48187	16.172146	135.35426	-36.532097	-114.834465	0.33315504	8259.177433490753
107	976.25	15.056145	997.0	955.0	881.3	286.9338	990.0	21.0	1000.0	1000.0	427999	114.77284	15.600745	136.87904	-12.08894	-115.127144	0.3104042	8340.97315955162
108	975.25	8.982622	984.0	962.0	880.2	293.59183	989.0	0.0	1000.0	1000.0	431999	114.92824	15.304211	137.5509	-17.115898	-115.284676	0.32520393	8422.823536396027
109	881.75	145.154	985.0	632.0	973.2	11.443775	989.0	948.0	1000.0	1000.0	435999	114.9914	15.150534	137.25781	-3.6105025	-115.331825	0.29637554	8504.731088161469
110	979.0	17.10263	1000.0	953.0	877.1	291.95834	998.0	2.0	1000.0	1000.0	439999	114.84972	15.151182	136.0865	-12.415206	-115.180954	0.2843918	8586.58416724205
111	984.5	12.134661	997.0	970.0	974.2	5.7931	985.0	966.0	1000.0	1000.0	443999	114.73276	15.383411	135.93445	-0.92774963	-115.076584	0.28503108	8668.413432598114
112	972.5	17.10994	996.0	948.0	966.8	13.287589	989.0	937.0	1000.0	1000.0	447999	114.64239	15.709296	135.30107	-7.415005	-114.97678	0.26877552	8750.423039913177
113	973.0	14.439529	987.0	954.0	872.3	291.1776	991.0	0.0	1000.0	1000.0	451999	114.71564	15.794004	135.5247	-14.943093	-115.06435	0.2637899	8832.523698568344
114	977.5	3.354102	981.0	972.0	975.4	11.48216	992.0	957.0	1000.0	1000.0	455999	114.87292	15.640794	134.38184	-27.275705	-115.20235	0.29826605	8914.454946994781
115	834.75	228.6836	982.0	439.0	873.6	291.3634	990.0	0.0	1000.0	1000.0	459999	114.67925	15.435606	133.65385	-26.02016	-115.00245	0.26692724	8996.510060310364
116	882.0	109.8112	971.0	696.0	878.0	290.38354	1000.0	8.0	1000.0	1000.0	463999	114.48938	15.247055	131.67276	-10.607851	-114.82256	0.27776968	9078.845999956131
117	975.75	15.122417	993.0	952.0	974.9	12.13631	994.0	955.0	1000.0	1000.0	467999	114.6417	15.0250635	131.92084	-7.4964995	-114.9809	0.24891442	9161.02715754509
118	965.75	19.018084	980.0	933.0	980.8	13.518876	997.0	958.0	1000.0	1000.0	471999	114.74797	14.796656	132.80292	-27.861008	-115.088326	0.27811542	9243.1884598732
119	971.0	23.822258	993.0	935.0	876.5	291.03033	991.0	4.0	1000.0	1000.0	475999	114.82837	14.769666	134.86755	-11.861903	-115.160904	0.27252227	9325.41787314415
120	973.25	12.577261	986.0	953.0	980.4	7.472617	996.0	972.0	1000.0	1000.0	479999	114.80759	14.412796	134.49779	-14.603689	-115.13222	0.24916568	9408.116226434708
121	979.0	19.874607	1000.0	952.0	976.5	11.985408	992.0	959.0	1000.0	1000.0	483999	114.62244	14.238342	133.95033	-12.619147	-114.9337	0.2514591	9490.559448003769
122	973.25	12.356678	982.0	952.0	975.9	10.4733	998.0	963.0	1000.0	1000.0	487999	114.30394	14.110495	132.96957	1.3002869	-114.617966	0.2584767	9572.892653942108
123	973.25	17.795715	998.0	950.0	869.5	289.9856	974.0	0.0	1000.0	1000.0	491999	114.32329	14.002789	133.38254	-4.108762	-114.64864	0.2618683	9655.344372272491
124	976.5	8.789198	986.0	965.0	982.1	11.519115	1000.0	964.0	1000.0	1000.0	495999	114.50321	14.110575	133.62209	1.3152131	-114.828064	0.2504946	9737.75827383995
125	970.5	11.146749	988.0	959.0	801.7	361.80524	1000.0	0.0	1000.0	1000.0	499999	114.44471	14.319013	135.13074	1.3220466	-114.76075	0.25326884	9820.219552755356
126	970.5	9.836158	983.0	959.0	942.8	109.682076	997.0	615.0	1000.0	1000.0	503999	114.59079	14.3209	135.19748	-21.525719	-114.922455	0.28195226	9902.784727811813
127	978.5	12.893797	1000.0	968.0	974.1	11.886547	994.0	954.0	1000.0	1000.0	507999	114.78205	14.207817	134.80408	0.8201878	-115.108154	0.26378554	9985.686359882355
128	907.5	110.23044	983.0	717.0	973.1	16.464811	998.0	939.0	1000.0	1000.0	511999	114.96258	14.344311	136.38661	-23.465437	-115.286026	0.2713968	10068.405039310455
129	967.5	18.255136	988.0	946.0	943.2	98.36239	996.0	653.0	1000.0	1000.0	515999	115.13528	14.527292	136.35475	-9.217492	-115.45869	0.24415167	10151.264317035675
130	870.25	161.94656	986.0	591.0	958.6	53.721878	999.0	801.0	1000.0	1000.0	519999	115.02634	14.398208	138.74342	-7.282045	-115.33858	0.24996485	10233.911941289902
131	985.75	8.437268	1000.0	978.0	848.4	293.3149	993.0	0.0	1000.0	1000.0	523999	114.98424	14.188336	139.13469	1.9208753	-115.29356	0.23498337	10316.496973991394
132	728.0	413.39267	971.0	12.0	970.9	16.676031	995.0	933.0	1000.0	1000.0	527999	114.77952	13.631429	139.49913	-9.37028	-115.08352	0.2573361	10399.331939220428
133	965.0	6.708204	972.0	954.0	968.5	14.671401	989.0	948.0	1000.0	1000.0	531999	114.46541	13.176979	133.99138	-21.479055	-114.7528	0.24959159	10482.002626419067
134	976.25	6.609652	983.0	966.0	982.1	10.435038	1000.0	958.0	1000.0	1000.0	535999	114.04171	13.022465	137.26796	2.3814797	-114.32742	0.24926627	10564.83558678627
135	973.5	10.828204	991.0	964.0	852.8	278.69687	1000.0	41.0	1000.0	1000.0	539999	113.67734	13.106785	138.30824	2.7539887	-113.961876	0.25554255	10647.784585475922
136	960.25	5.584577	968.0	954.0	949.2	63.5355	982.0	762.0	1000.0	1000.0	543999	113.52455	13.1100645	134.9151	-9.223189	-113.82572	0.26337373	10730.611431598663
137	894.0	113.51652	974.0	698.0	587.5	474.00153	985.0	0.0	1000.0	1000.0	547999	113.61249	12.817425	138.15138	-18.579998	-113.91042	0.26448742	10813.382796049118
138	966.5	10.161201	977.0	951.0	977.0	10.0697565	1000.0	962.0	1000.0	1000.0	551999	113.59074	12.682682	135.24974	-8.219969	-113.89031	0.24718747	10896.468490839005
139	932.75	74.47273	989.0	805.0	879.1	288.83817	996.0	14.0	1000.0	1000.0	555999	113.61356	12.930273	130.98509	2.7282681	-113.9113	0.25123453	10979.204220056534
140	977.5	13.143439	990.0	956.0	969.4	37.242985	1000.0	865.0	1000.0	1000.0	559999	113.70514	12.911716	131.60602	5.0659347	-114.00894	0.2487042	11062.012680530548
141	818.25	272.72733	986.0	346.0	781.2	388.6847	986.0	1.0	1000.0	1000.0	563999	113.9615	12.780242	132.67465	3.1076863	-114.27068	0.26180956	11144.991999864578
142	729.75	402.85504	965.0	32.0	957.8	56.9347	997.0	792.0	1000.0	1000.0	567999	114.302	12.920538	133.12933	11.216572	-114.61982	0.25391355	11227.924101829529
143	962.0	26.296387	988.0	922.0	962.5	39.90802	1000.0	849.0	1000.0	1000.0	571999	114.29288	12.895638	133.59851	11.148469	-114.58334	0.25262085	11310.604186058044
144	965.5	26.518862	1000.0	935.0	949.9	64.240875	995.0	762.0	1000.0	1000.0	575999	114.15862	12.697339	132.23946	12.333282	-114.4495	0.2382511	11393.479261875153
145	972.5	13.35103	988.0	953.0	945.7	81.048195	994.0	707.0	1000.0	1000.0	579999	114.05191	12.429331	131.2951	5.4567513	-114.34403	0.22991729	11476.270916461945
146	958.25	12.987975	973.0	938.0	972.9	15.168718	994.0	935.0	1000.0	1000.0	583999	113.7246	12.302582	133.29398	9.009702	-113.98921	0.23727134	11559.316782474518
147	990.25	9.038114	1000.0	977.0	971.6	13.624978	996.0	941.0	1000.0	1000.0	587999	113.25411	12.36011	134.51479	1.469245	-113.52438	0.2405281	11642.068093061447
148	977.75	16.902292	1000.0	953.0	875.2	287.87354	994.0	13.0	1000.0	1000.0	591999	113.02178	12.557081	134.69025	6.7049255	-113.305	0.23299593	11724.66736626625
149	961.25	26.309456	999.0	926.0	952.4	66.378006	995.0	755.0	1000.0	1000.0	595999	112.96014	12.660854	132.87827	1.4834502	-113.229744	0.23079535	11807.433955192566
150	974.75	21.741377	1000.0	940.0	976.1	11.835962	999.0	957.0	1000.0	1000.0	599999	112.83459	12.869635	133.499	1.4860656	-113.11171	0.22329682	11890.326850175858
151	936.5	75.34753	981.0	806.0	873.9	286.70767	1000.0	16.0	1000.0	1000.0	603999	112.8836	13.268623	134.22885	0.7723584	-113.17338	0.23585507	11973.33947300911
152	964.75	19.459894	993.0	938.0	969.0	14.690133	991.0	945.0	1000.0	1000.0	607999	113.25372	13.346188	134.07042	1.48938	-113.55349	0.2447575	12056.414227485657
153	974.5	12.658989	991.0	959.0	867.8	292.0434	995.0	0.0	1000.0	1000.0	611999	113.49463	13.451282	138.17876	1.4934902	-113.781845	0.23902246	12139.369593858719
154	979.5	12.379418	1000.0	967.0	978.1	10.212248	999.0	961.0	1000.0	1000.0	615999	113.54803	13.437287	139.54103	1.4944049	-113.84074	0.23803592	12222.274988651276
155	972.25	5.1173725	978.0	964.0	919.2	152.81938	999.0	498.0	1000.0	1000.0	619999	113.85366	13.374905	135.72002	1.4973011	-114.1572	0.23880212	12305.246473312378
156	973.75	8.525697	982.0	961.0	976.9	12.202049	996.0	956.0	1000.0	1000.0	623999	114.11391	13.197077	135.46799	1.5029054	-114.40808	0.23705117	12388.192986488342
157	975.0	14.474114	985.0	950.0	969.8	16.557777	997.0	936.0	1000.0	1000.0	627999	114.12178	12.93778	136.33241	1.5114942	-114.40373	0.22766806	12471.022931814194
158	974.75	9.781999	985.0	964.0	976.9	12.161004	993.0	955.0	1000.0	1000.0	631999	114.02441	12.7004175	138.15132	1.5166749	-114.302376	0.21951921	12553.780686378479
159	963.0	5.5226803	968.0	954.0	970.6	14.277255	985.0	931.0	1000.0	1000.0	635999	113.7273	12.653267	138.17453	1.5236522	-113.991425	0.22706299	12636.727492809296
160	966.25	23.530565	995.0	932.0	978.1	9.782127	998.0	958.0	1000.0	1000.0	639999	113.50328	12.662275	137.58049	1.5287771	-113.76825	0.2229579	12719.675905942917
161	965.75	18.833149	997.0	947.0	923.5	123.69176	997.0	556.0	1000.0	1000.0	643999	113.2005	12.519473	132.07675	1.5334983	-113.46259	0.21896406	12802.464931964874
162	963.0	16.881943	990.0	944.0	971.4	10.846197	983.0	951.0	1000.0	1000.0	647999	113.18627	12.533473	132.50214	1.5397359	-113.46473	0.22625719	12885.337879896164
163	961.75	22.094965	994.0	932.0	980.8	13.614698	1000.0	956.0	1000.0	1000.0	651999	113.4041	12.792002	136.65501	1.5479175	-113.68905	0.22899951	12968.338272333145
164	963.5	23.26478	995.0	933.0	824.1	321.02664	994.0	18.0	1000.0	1000.0	655999	113.5324	12.846993	132.86548	1.5546386	-113.81248	0.23252374	13051.308363676071
165	913.5	90.33964	988.0	759.0	932.4	108.57274	989.0	608.0	1000.0	1000.0	659999	113.71799	12.780003	136.171	1.5591574	-114.001656	0.24511352	13134.384425640106
166	862.75	189.17635	988.0	537.0	975.1	7.5953937	987.0	961.0	1000.0	1000.0	663999	113.92762	12.863593	138.2888	1.565942	-114.21528	0.26161194	13217.469348430634
167	978.0	14.611639	995.0	955.0	895.4	227.63487	987.0	213.0	1000.0	1000.0	667999	113.95927	13.157081	135.00557	1.5695009	-114.23148	0.263424	13300.603501558304
168	969.5	10.98863	984.0	954.0	977.4	11.456003	993.0	962.0	1000.0	1000.0	671999	113.82218	12.858877	135.31447	1.5766795	-114.09092	0.2612602	13383.615781068802
169	973.0	8.774964	986.0	964.0	977.4	10.248902	997.0	964.0	1000.0	1000.0	675999	113.64723	12.843691	136.78188	1.587537	-113.91803	0.2526832	13466.580731630325
170	951.75	42.043877	978.0	879.0	978.7	15.218739	997.0	955.0	1000.0	1000.0	679999	113.62097	12.697894	136.11342	1.5970023	-113.8863	0.25395715	13549.503332138062
171	980.5	9.013878	996.0	974.0	973.7	10.4885645	990.0	960.0	1000.0	1000.0	683999	113.60197	13.124862	134.15668	1.6031406	-113.88284	0.24585484	13632.421139478683
172	936.25	69.994194	988.0	816.0	971.2	14.627372	996.0	951.0	1000.0	1000.0	687999	113.89519	12.959313	135.35594	1.6063561	-114.18978	0.2581309	13715.39278268814
173	912.0	67.00746	984.0	810.0	876.7	292.35394	994.0	0.0	1000.0	1000.0	691999	114.49666	12.851638	133.96744	1.614656	-114.80074	0.2529347	13799.308659791946
174	963.25	9.417404	975.0	954.0	971.8	10.906878	999.0	957.0	1000.0	1000.0	695999	114.74026	12.752723	135.68817	1.6245682	-115.017815	0.2577713	13882.319313287735
175	943.0	49.421654	989.0	862.0	979.1	10.765222	993.0	958.0	1000.0	1000.0	699999	114.64223	12.802382	133.15085	1.632056	-114.91936	0.24245127	13965.533670186996
176	953.0	25.109758	988.0	917.0	959.3	25.412794	975.0	889.0	1000.0	1000.0	703999	114.40664	12.703775	131.79951	1.6373599	-114.66681	0.23803735	14048.475558757782
177	973.75	8.196798	984.0	962.0	869.5	290.49277	1000.0	9.0	1000.0	1000.0	707999	114.13483	12.560696	131.51535	1.6430643	-114.394226	0.23686571	14131.613267421722
178	956.25	24.478306	986.0	918.0	936.0	103.3673	1000.0	665.0	1000.0	1000.0	711999	113.9515	12.536584	130.27675	1.6475494	-114.21311	0.23381191	14214.495315551758
179	980.25	15.943259	994.0	954.0	949.1	51.70387	993.0	801.0	1000.0	1000.0	715999	113.77268	12.547953	129.28752	1.650118	-114.02496	0.2227305	14297.558642864227
180	977.75	14.35923	1000.0	962.0	968.9	10.3194	985.0	947.0	1000.0	1000.0	719999	113.39518	12.543366	128.41779	1.6528431	-113.63612	0.21471868	14380.72629070282
181	967.5	10.547511	982.0	956.0	974.7	13.8351	993.0	946.0	1000.0	1000.0	723999	113.0921	12.487839	127.79411	1.6550782	-113.33272	0.21458669	14463.871649980545
182	978.75	12.33643	998.0	967.0	971.5	21.119896	1000.0	930.0	1000.0	1000.0	727999	112.68641	12.6225195	127.320786	1.6574466	-112.92313	0.20978506	14546.90295958519
183	981.25	8.257572	993.0	973.0	978.1	13.996072	996.0	957.0	1000.0	1000.0	731999	112.40358	12.556552	129.51167	1.6612649	-112.6478	0.20888168	14629.829626321793
184	978.0	11.7046995	995.0	963.0	980.9	12.848736	999.0	955.0	1000.0	1000.0	735999	112.1836	12.550183	127.26241	1.6620159	-112.41556	0.20480813	14712.774246931076
185	978.5	13.592278	994.0	964.0	978.2	7.4135013	993.0	965.0	1000.0	1000.0	739999	111.95573	12.643871	126.392105	1.6623827	-112.19538	0.20454441	14795.688685894012
186	978.75	9.627435	994.0	970.0	971.5	9.562949	991.0	954.0	1000.0	1000.0	743999	111.80658	12.340674	126.66986	1.6701099	-112.039734	0.19585519	14878.70739030838
187	975.75	11.882235	994.0	961.0	979.1	16.771702	1000.0	957.0	1000.0	1000.0	747999	111.56751	12.446043	126.31241	1.5184047	-111.80144	0.20711227	14961.693303346634
188	976.0	10.271319	985.0	960.0	977.0	13.046072	992.0	952.0	1000.0	1000.0	751999	111.48294	12.261559	127.91169	1.2738726	-111.715195	0.20839603	15044.814188241959
189	988.25	6.456586	997.0	979.0	953.9	55.44628	984.0	789.0	1000.0	1000.0	755999	111.38568	12.079025	127.17313	1.6855795	-111.61612	0.22208814	15127.80333685875
190	776.5	324.76953	968.0	214.0	966.6	21.91438	1000.0	924.0	1000.0	1000.0	759999	111.22463	12.216633	127.49372	-7.7828865	-111.45802	0.21928564	15210.57812166214
191	971.75	8.870598	983.0	960.0	977.4	12.523579	996.0	952.0	1000.0	1000.0	763999	111.30758	12.289043	127.15913	-9.295634	-111.554825	0.21569887	15293.612382411957
192	963.25	39.883423	992.0	895.0	974.5	11.985408	1000.0	960.0	1000.0	1000.0	767999	111.69165	12.28991	127.010735	-12.639466	-111.95028	0.22255042	15376.765879392624
193	959.0	22.056746	985.0	924.0	968.1	27.347578	1000.0	905.0	1000.0	1000.0	771999	112.09416	12.43698	128.53645	-7.0879574	-112.357346	0.22310694	15459.575011730194
194	952.25	21.981525	978.0	918.0	946.9	77.72188	1000.0	718.0	1000.0	1000.0	775999	112.33648	12.462226	128.99994	-9.846872	-112.589226	0.2193813	15542.603757858276
195	977.75	8.870598	990.0	965.0	937.8	108.52447	1000.0	618.0	1000.0	1000.0	779999	112.50933	12.567543	129.51733	-7.9869447	-112.76811	0.21820849	15625.603667020798
196	963.0	6.204837	971.0	956.0	975.2	14.161921	1000.0	952.0	1000.0	1000.0	783999	112.76099	12.597038	130.09529	-3.1396642	-113.01944	0.20478715	15709.347818136215
197	976.5	5.408327	984.0	970.0	968.7	19.19401	992.0	922.0	1000.0	1000.0	787999	112.93818	12.617213	129.52452	0.8386228	-113.19069	0.20565805	15793.229113817215
198	964.0	16.355427	985.0	942.0	927.0	148.60149	989.0	482.0	1000.0	1000.0	791999	112.92418	12.396207	128.86057	-8.032679	-113.17087	0.20625043	15876.975125551224
199	975.75	16.005857	1000.0	959.0	980.1	13.516287	998.0	958.0	1000.0	1000.0	795999	112.84515	12.353519	129.42386	-12.689919	-113.08439	0.2052449	15960.737615346909
200	920.5	86.26268	986.0	775.0	979.4	13.358144	997.0	959.0	1000.0	1000.0	799999	112.69422	12.404723	127.56503	-8.440421	-112.93112	0.20291775	16044.43191409111
201	969.0	12.267844	990.0	960.0	969.7	11.756274	988.0	953.0	1000.0	1000.0	803999	112.52999	12.020773	126.69921	-3.2115908	-112.76075	0.20717959	16127.724334955215
202	960.25	10.825317	979.0	954.0	972.2	17.747112	1000.0	945.0	1000.0	1000.0	807999	112.33474	11.925084	126.05516	-0.8426014	-112.569855	0.2020082	16211.60433459282
203	985.0	10.024969	995.0	971.0	968.5	13.683932	985.0	948.0	1000.0	1000.0	811999	112.33869	11.674839	126.85649	-3.6286216	-112.58362	0.20805295	16295.166686534882
204	976.25	15.7380905	997.0	961.0	971.4	22.339205	999.0	928.0	1000.0	1000.0	815999	112.58669	11.74626	126.71395	-3.4951453	-112.84227	0.20509519	16378.881592035294
205	980.5	7.5	988.0	968.0	977.7	14.1	1000.0	956.0	1000.0	1000.0	819999	112.8033	11.882258	126.15733	1.7422949	-113.06007	0.21806097	16462.543600320816
206	974.75	10.182706	985.0	958.0	979.7	11.688028	1000.0	965.0	1000.0	1000.0	823999	113.08883	12.139099	127.83182	1.7517608	-113.3453	0.22012402	16546.338883399963
207	903.25	127.3585	987.0	683.0	910.7	181.78836	995.0	368.0	1000.0	1000.0	827999	113.3081	12.309518	128.00122	1.7573137	-113.563	0.2116893	16630.071104049683
208	971.5	14.534442	992.0	951.0	971.7	10.315522	985.0	954.0	1000.0	1000.0	831999	113.50211	12.224933	126.51738	1.7611892	-113.760666	0.21172869	16713.913197278976
209	982.5	13.313527	997.0	962.0	972.0	13.431307	999.0	954.0	1000.0	1000.0	835999	113.62942	12.221361	126.207184	1.7666695	-113.87944	0.21213956	16797.591522455215
210	977.0	14.916434	996.0	955.0	975.0	17.787636	1000.0	935.0	1000.0	1000.0	839999	113.62113	11.812179	126.09317	1.7732278	-113.8659	0.20893179	16881.044303178787
211	955.5	10.452272	968.0	942.0	978.3	11.260995	1000.0	967.0	1000.0	1000.0	843999	113.44011	11.640182	125.534485	1.7799765	-113.67445	0.19892816	16964.711940288544
212	984.5	7.29726	994.0	976.0	973.9	11.657187	986.0	953.0	1000.0	1000.0	847999	113.23999	11.597759	124.601524	1.7858841	-113.4755	0.18853088	17048.582659244537
213	968.75	12.255101	989.0	959.0	932.2	139.03726	1000.0	517.0	1000.0	1000.0	851999	113.22438	11.450889	125.42886	1.7955492	-113.4768	0.20240375	17132.309804916382
214	962.5	26.986107	985.0	917.0	976.3	15.408114	998.0	952.0	1000.0	1000.0	855999	113.39177	11.294066	127.15938	1.8023024	-113.64137	0.20032617	17216.233915567398
215	972.0	15.984367	996.0	957.0	964.6	41.25094	999.0	847.0	1000.0	1000.0	859999	113.50987	11.463257	130.09338	1.8058889	-113.763405	0.2023331	17300.071579694748
216	787.25	198.73521	989.0	540.0	977.3	11.24322	994.0	964.0	1000.0	1000.0	863999	113.69962	11.438725	129.94588	1.8104168	-113.943954	0.20035714	17383.869481563568
217	947.25	51.260975	992.0	862.0	961.0	15.198684	985.0	938.0	1000.0	1000.0	867999	113.44498	11.584625	130.25655	1.812967	-113.67114	0.19467932	17467.487471342087
218	992.5	7.0887237	1000.0	981.0	973.2	14.316423	1000.0	951.0	1000.0	1000.0	871999	113.17205	11.464906	137.92899	1.8169433	-113.40449	0.2003198	17551.229405403137
219	978.5	2.291288	981.0	975.0	942.8	93.51235	994.0	664.0	1000.0	1000.0	875999	113.04785	11.360441	137.37215	1.8197846	-113.28211	0.21194462	17634.999170064926
220	984.75	12.891373	1000.0	971.0	970.1	15.719097	994.0	946.0	1000.0	1000.0	879999	113.08691	11.264623	133.58522	1.1903646	-113.337456	0.20219202	17719.343312740326
221	950.5	27.735357	973.0	903.0	873.0	291.1735	984.0	0.0	1000.0	1000.0	883999	113.28984	11.282633	127.66378	-4.7749934	-113.53681	0.19354932	17803.14199113846
222	961.25	30.318106	1000.0	915.0	947.0	114.77108	1000.0	605.0	1000.0	1000.0	887999	113.27759	11.409102	129.1504	-15.78542	-113.521	0.20506777	17886.810227394104
223	915.0	87.38135	975.0	764.0	974.5	6.07042	988.0	967.0	1000.0	1000.0	891999	113.4383	11.231947	128.98529	-21.289871	-113.68738	0.20153499	17970.555923700333
224	971.5	8.381527	982.0	961.0	868.0	290.33566	997.0	7.0	1000.0	1000.0	895999	113.48653	11.298354	128.42537	-19.586939	-113.733955	0.1886578	18054.315902233124
225	949.75	35.800663	997.0	904.0	961.9	41.948658	994.0	840.0	1000.0	1000.0	899999	113.54582	10.866635	127.63814	-8.14999	-113.784424	0.19498551	18137.98800635338
226	947.0	38.826538	973.0	880.0	974.5	15.938946	1000.0	937.0	1000.0	1000.0	903999	113.4627	10.641385	126.22306	-0.6774324	-113.69892	0.19533026	18221.435953378677
227	950.0	38.08543	991.0	892.0	874.0	291.89554	998.0	0.0	1000.0	1000.0	907999	113.24415	10.776412	124.82065	-3.09268	-113.479164	0.19108672	18305.070870637894
228	941.75	69.815384	988.0	821.0	982.6	13.039939	1000.0	964.0	1000.0	1000.0	911999	113.28203	10.865632	125.79026	-2.259111	-113.522316	0.19797845	18388.921130895615
229	973.75	15.449514	989.0	955.0	964.2	29.637138	995.0	883.0	1000.0	1000.0	915999	113.44085	10.913037	126.382416	-3.0935884	-113.68956	0.19267803	18472.726845264435
230	975.5	15.1079445	1000.0	960.0	884.7	289.35654	1000.0	17.0	1000.0	1000.0	919999	113.61781	10.81864	126.62996	1.844209	-113.86598	0.19644628	18556.46188235283
231	969.75	9.73075	983.0	957.0	947.6	95.23571	1000.0	664.0	1000.0	1000.0	923999	113.63465	10.798186	127.34907	1.059268	-113.872826	0.19537106	18640.301224946976
232	967.5	5.315073	973.0	960.0	975.2	14.140721	998.0	953.0	1000.0	1000.0	927999	113.60059	10.461111	126.54536	-1.8750219	-113.830055	0.18408069	18723.975162506104
233	964.75	18.10214	983.0	942.0	979.2	10.860939	994.0	957.0	1000.0	1000.0	931999	113.43324	10.384659	125.52514	-13.957943	-113.6647	0.18831906	18808.04361820221
234	947.0	28.731516	986.0	906.0	956.0	48.903988	990.0	812.0	1000.0	1000.0	935999	113.3324	10.548631	125.35081	-19.948421	-113.565765	0.19081432	18892.00826525688
235	967.5	9.069179	975.0	952.0	945.3	102.40122	1000.0	644.0	1000.0	1000.0	939999	113.4158	10.713118	125.05636	-1.1314939	-113.66563	0.18861057	18976.0517244339
236	966.75	7.292976	975.0	959.0	977.8	10.400001	991.0	962.0	1000.0	1000.0	943999	113.64954	10.620484	124.990234	-4.2094913	-113.889046	0.19097239	19060.009251117706
237	972.25	12.695964	994.0	963.0	982.5	10.707474	997.0	966.0	1000.0	1000.0	947999	113.60614	10.682233	126.0682	-1.9250697	-113.84233	0.19271682	19144.08668589592
238	970.0	12.786712	989.0	953.0	971.9	13.3	998.0	947.0	1000.0	1000.0	951999	113.70527	10.816683	126.21127	-5.6570225	-113.96417	0.19822317	19228.1639919281
239	951.75	44.437454	989.0	877.0	898.7	196.9787	1000.0	328.0	1000.0	1000.0	955999	114.43772	11.144878	125.97027	-5.1650567	-114.73261	0.21061288	19312.290922403336
240	757.5	387.81342	997.0	86.0	971.0	11.153475	983.0	948.0	1000.0	1000.0	959999	115.42384	11.249501	127.17931	-3.5264394	-115.7149	0.21296127	19396.233946561813
241	901.25	93.11652	989.0	756.0	856.8	236.08209	991.0	383.0	1000.0	1000.0	963999	115.84627	11.160471	127.96449	1.8851612	-116.10796	0.21350686	19480.064681768417
242	982.25	11.818947	1000.0	967.0	922.2	147.72798	1000.0	482.0	1000.0	1000.0	967999	115.70276	11.05206	128.45305	1.8872563	-115.95289	0.20941846	19563.97491669655
243	981.25	5.018715	989.0	975.0	855.0	288.9526	988.0	0.0	1000.0	1000.0	971999	115.6791	10.900692	128.67601	1.8900411	-115.935455	0.20855743	19647.72084236145
244	985.0	10.271319	1000.0	971.0	926.2	146.7534	989.0	487.0	1000.0	1000.0	975999	115.45693	10.868733	127.88663	1.8938413	-115.69329	0.21211405	19731.773970603943
245	666.5	340.2209	982.0	125.0	848.7	296.31943	991.0	0.0	1000.0	1000.0	979999	115.22406	11.020935	128.50694	-31.811375	-115.47498	0.24671647	19815.763919353485
246	840.5	134.64119	961.0	626.0	956.0	79.18586	1000.0	727.0	1000.0	1000.0	983999	115.30438	10.97586	127.340034	1.906916	-115.55783	0.22344784	19899.505476236343
247	990.0	5.2440443	996.0	982.0	973.8	12.130952	988.0	948.0	1000.0	1000.0	987999	115.29385	11.018861	126.795586	1.9136412	-115.54454	0.2178691	19983.171153068542
248	955.25	4.918079	961.0	949.0	978.2	8.121576	989.0	965.0	1000.0	1000.0	991999	115.33731	11.11737	125.47423	-2.38129	-115.59955	0.21655715	20066.848477125168
249	925.75	76.17866	986.0	795.0	979.5	17.153717	1000.0	946.0	1000.0	1000.0	995999	115.65441	10.994772	125.25764	-1.2148372	-115.922745	0.21787888	20150.44627904892
250	695.25	406.70834	997.0	0.0	961.7	38.280674	994.0	855.0	1000.0	1000.0	999999	115.80985	11.05013	125.84143	-1.6863221	-116.06842	0.2171937	20233.40541124344
251	960.25	18.899405	976.0	928.0	942.4	68.66469	991.0	795.0	1000.0	1000.0	1003999	115.87596	10.86957	125.25122	1.2710575	-116.13426	0.21683092	20316.367535591125
252	966.25	26.90144	997.0	924.0	977.3	10.099999	993.0	962.0	1000.0	1000.0	1007999	115.86872	10.488333	126.28429	1.9037688	-116.115585	0.21061319	20399.149261951447
253	970.0	12.020815	984.0	952.0	980.4	14.122323	1000.0	949.0	1000.0	1000.0	1011999	115.83777	9.8667145	126.4563	1.9442285	-116.07334	0.20680518	20482.08969926834
254	942.75	27.625849	971.0	899.0	976.2	14.267446	1000.0	956.0	1000.0	1000.0	1015999	115.95937	8.453691	126.92932	1.9527974	-116.19729	0.19306788	20565.133384227753
255	958.0	33.339165	994.0	904.0	955.8	18.919832	980.0	924.0	1000.0	1000.0	1019999	116.01738	7.627777	127.52054	1.951908	-116.256645	0.203331	20647.98184490204
256	944.5	69.09956	999.0	827.0	973.1	16.591866	996.0	943.0	1000.0	1000.0	1023999	116.1041	7.311815	127.28517	3.062244	-116.34441	0.20001996	20730.90001988411
257	779.5	268.56143	974.0	320.0	849.4	293.7217	994.0	7.0	1000.0	1000.0	1027999	116.34135	7.189083	126.61461	9.698069	-116.590744	0.20298587	20813.795734405518
258	958.25	21.194044	982.0	924.0	885.5	268.16013	995.0	82.0	1000.0	1000.0	1031999	116.65289	6.749406	126.41221	35.33717	-116.890625	0.19368531	20896.79745411873
259	957.25	11.5406885	971.0	939.0	968.2	14.93854	984.0	928.0	1000.0	1000.0	1035999	116.44572	6.795091	126.57457	38.177437	-116.66793	0.18922701	20979.925736904144
260	980.75	6.456586	987.0	970.0	978.8	6.046487	990.0	967.0	1000.0	1000.0	1039999	116.49054	6.814757	127.70312	45.601295	-116.72275	0.1982097	21062.931534290314
261	967.25	11.966098	977.0	947.0	976.2	14.489997	996.0	953.0	1000.0	1000.0	1043999	116.53991	6.663315	130.6357	33.041016	-116.76216	0.1903922	21145.877208948135
262	922.0	88.99719	977.0	768.0	955.6	68.38011	1000.0	754.0	1000.0	1000.0	1047999	116.51191	6.472562	131.43922	33.66791	-116.72785	0.19394757	21228.775590658188
263	966.75	4.5483513	970.0	959.0	972.7	11.670903	992.0	956.0	1000.0	1000.0	1051999	116.33937	6.2366796	133.30711	42.567806	-116.540794	0.19505052	21311.72235417366
264	965.25	11.166356	981.0	950.0	952.1	81.910255	991.0	708.0	1000.0	1000.0	1055999	116.03749	6.146803	135.56776	37.092224	-116.23299	0.18012376	21394.563777923584
265	979.0	14.474114	989.0	954.0	974.9	13.75827	993.0	950.0	1000.0	1000.0	1059999	115.88729	6.055657	138.31749	42.86711	-116.09223	0.1746957	21477.623080968857
266	981.0	10.416333	994.0	965.0	890.1	260.9178	1000.0	108.0	1000.0	1000.0	1063999	115.99401	5.9944158	135.06079	40.477463	-116.20421	0.16854832	21560.753667116165
267	952.0	32.365105	984.0	898.0	915.7	165.9012	985.0	419.0	1000.0	1000.0	1067999	115.95922	5.9348125	133.84349	38.793163	-116.15695	0.1638219	21643.7644405365
268	941.5	51.87726	978.0	852.0	927.6	77.372086	988.0	768.0	1000.0	1000.0	1071999	116.01414	5.8887386	133.37968	38.747913	-116.21902	0.16214827	21727.243369340897
269	960.0	23.66432	988.0	924.0	953.9	42.415684	998.0	834.0	1000.0	1000.0	1075999	116.15327	5.5836315	133.85657	35.747738	-116.35955	0.15885802	21810.478056907654
270	954.75	48.58176	987.0	871.0	972.6	7.9774685	987.0	956.0	1000.0	1000.0	1079999	116.25798	5.083632	132.70049	51.71198	-116.46018	0.1497562	21893.730162620544
271	975.75	5.9739017	986.0	971.0	959.2	43.041378	987.0	838.0	1000.0	1000.0	1083999	116.19418	4.9746795	131.77727	52.71044	-116.38159	0.14501691	21977.124299049377
272	733.0	415.26196	987.0	14.0	780.3	384.55557	988.0	0.0	1000.0	1000.0	1087999	115.78285	4.988186	130.80577	2.0538492	-115.9581	0.16408661	22060.552243471146
273	977.25	14.566657	998.0	957.0	936.6	72.43507	999.0	775.0	1000.0	1000.0	1091999	115.57578	5.7505307	131.08322	2.0577838	-115.780876	0.14601351	22144.129010677338
274	906.25	60.590324	964.0	814.0	870.5	290.88425	991.0	0.0	1000.0	1000.0	1095999	115.70835	6.3195014	138.40533	2.0619652	-115.890175	0.14484021	22227.620711803436
275	976.25	8.257572	988.0	968.0	883.0	290.10583	993.0	13.0	1000.0	1000.0	1099999	115.31756	6.5261974	138.89755	2.0663452	-115.482414	0.137532	22310.98149394989
276	966.75	9.575359	980.0	953.0	872.9	287.85706	992.0	11.0	1000.0	1000.0	1103999	114.79711	6.331874	137.8851	2.0706398	-114.95602	0.12709206	22394.40992450714
277	917.75	77.48347	984.0	787.0	875.5	286.10776	1000.0	18.0	1000.0	1000.0	1107999	114.27987	6.157978	138.29094	2.0754428	-114.436775	0.12375655	22477.94104886055
278	719.25	405.6799	972.0	17.0	880.0	287.32803	999.0	19.0	1000.0	1000.0	1111999	113.98705	6.269677	137.36737	2.0783587	-114.15336	0.11955992	22561.528074502945
279	730.25	414.93274	992.0	12.0	819.8	319.93307	1000.0	0.0	1000.0	1000.0	1115999	113.75201	6.347127	137.46811	2.083209	-113.91536	0.11908215	22645.071642398834
280	962.75	13.497685	977.0	941.0	954.7	47.881203	1000.0	818.0	1000.0	1000.0	1119999	113.53021	6.426068	138.5859	2.084538	-113.6903	0.11530486	22728.62266778946
281	811.25	271.65363	990.0	342.0	741.7	363.51147	993.0	21.0	1000.0	1000.0	1123999	113.31217	6.5216923	143.87265	2.0877411	-113.47689	0.114274696	22812.241628408432
282	900.5	127.55881	987.0	680.0	792.4	280.9015	1000.0	319.0	1000.0	1000.0	1127999	113.53041	7.205168	152.3966	2.091898	-113.723915	0.13336721	22895.787516593933
283	974.5	11.324752	992.0	964.0	578.3	434.0014	993.0	0.0	1000.0	1000.0	1131999	113.84365	7.602287	158.03119	2.0994434	-114.01669	0.13490617	22979.174543857574
284	569.75	378.5937	976.0	0.0	855.4	211.62712	997.0	441.0	1000.0	1000.0	1135999	113.67361	7.4734535	159.35545	2.1023183	-113.83484	0.13233252	23062.814927339554
285	964.5	34.003677	1000.0	909.0	812.3	326.55505	983.0	0.0	1000.0	1000.0	1139999	113.329	7.129145	155.0199	2.106788	-113.48	0.12357449	23146.272784233093
286	715.25	413.00568	964.0	0.0	973.3	12.649506	995.0	955.0	1000.0	1000.0	1143999	112.98464	6.74918	155.42924	2.1063592	-113.13189	0.12863883	23229.808217287064
287	945.75	19.778461	970.0	920.0	953.7	45.082256	1000.0	861.0	1000.0	1000.0	1147999	112.58727	6.5687103	145.05464	2.105818	-112.734116	0.13639607	23313.619723558426
288	736.5	311.73746	968.0	204.0	823.8	311.83002	984.0	0.0	1000.0	1000.0	1151999	112.50814	6.4624248	144.50452	2.1071148	-112.67381	0.1358645	23397.263928174973
289	865.75	184.2639	986.0	547.0	972.6	20.54848	994.0	916.0	1000.0	1000.0	1155999	112.62783	6.295575	143.89682	2.11074	-112.80014	0.13814819	23480.949261665344
290	977.75	21.099466	1000.0	943.0	971.2	11.079712	987.0	953.0	1000.0	1000.0	1159999	112.96994	6.104722	142.01492	2.1137998	-113.164024	0.1380496	23564.713573217392
291	977.25	15.28684	995.0	956.0	845.4	293.99463	1000.0	0.0	1000.0	1000.0	1163999	113.494	5.804277	138.18938	2.1168547	-113.67865	0.14026017	23648.508056879044
292	539.5	434.86694	972.0	37.0	968.5	16.421022	992.0	939.0	1000.0	1000.0	1167999	113.76523	5.6369667	136.0214	2.121646	-113.9558	0.14372051	23732.288321256638
293	642.75	397.9971	981.0	6.0	972.2	14.531345	991.0	949.0	1000.0	1000.0	1171999	113.65508	5.658575	133.89587	2.1274877	-113.807755	0.14281215	23815.97689986229
294	980.0	9.874208	994.0	967.0	967.7	16.161993	983.0	925.0	1000.0	1000.0	1175999	113.38717	5.43906	130.02606	2.129372	-113.5589	0.13427019	23899.80989265442
295	987.5	11.07926	997.0	969.0	978.0	12.457929	995.0	950.0	1000.0	1000.0	1179999	113.39899	5.3922668	128.52237	2.13378	-113.56903	0.14395282	23983.536598443985
296	886.75	138.19258	991.0	649.0	843.1	278.60022	996.0	35.0	1000.0	1000.0	1183999	113.34218	5.535352	127.192535	2.1388593	-113.50725	0.12668465	24067.05746626854
297	972.5	11.456439	991.0	962.0	851.6	241.79008	987.0	206.0	1000.0	1000.0	1187999	112.99026	5.4151244	127.7109	2.145746	-113.12984	0.119428165	24150.64203262329
298	739.25	410.07584	981.0	29.0	592.7	468.59814	992.0	0.0	1000.0	1000.0	1191999	112.47377	5.3189936	125.75151	2.1485202	-112.62078	0.12781751	24234.02123618126
299	565.0	410.02072	998.0	8.0	521.0	464.68893	1000.0	10.0	1000.0	1000.0	1195999	112.40393	5.3986435	127.97171	2.151484	-112.57332	0.12671223	24317.57016634941
300	523.25	441.0892	986.0	25.0	820.0	311.75183	989.0	18.0	1000.0	1000.0	1199999	112.47526	5.420349	127.88363	2.1553597	-112.63926	0.14464669	24401.162459611893
301	864.25	178.6888	979.0	555.0	952.6	34.722324	993.0	891.0	1000.0	1000.0	1203999	112.23514	5.47211	127.580284	2.1591074	-112.38718	0.14247297	24484.577991724014
302	952.75	25.252476	974.0	910.0	781.3	390.81967	996.0	0.0	1000.0	1000.0	1207999	112.03499	5.835687	129.38486	2.1612704	-112.19171	0.14167242	24568.07865333557
303	751.0	404.18808	991.0	51.0	972.4	26.039202	996.0	901.0	1000.0	1000.0	1211999	112.15951	6.216425	128.97902	2.1649222	-112.344765	0.14524661	24651.6814391613
304	929.0	63.407413	978.0	820.0	941.5	94.745186	1000.0	661.0	1000.0	1000.0	1215999	113.25006	6.844427	129.72363	-9.11016	-113.5028	0.17861344	24734.95631456375
305	734.25	224.87816	988.0	378.0	706.8	318.53156	993.0	111.0	1000.0	1000.0	1219999	114.17433	7.0053864	126.778275	-13.237331	-114.382484	0.17047033	24818.556475639343
306	964.0	7.17635	971.0	952.0	884.8	174.64581	992.0	514.0	1000.0	1000.0	1223999	114.3317	6.6657376	126.3876	-5.7382245	-114.51094	0.15887742	24901.934136867523
307	973.25	1.7853571	976.0	971.0	970.7	14.953594	995.0	942.0	1000.0	1000.0	1227999	114.22569	6.3100114	125.93255	2.177855	-114.409355	0.15250252	24985.34415411949
308	970.0	15.066519	985.0	945.0	981.7	11.933566	1000.0	966.0	1000.0	1000.0	1231999	114.16745	6.027572	126.29485	2.183397	-114.34508	0.14650571	25068.78306531906
309	946.5	42.740498	979.0	873.0	975.5	14.800338	1000.0	960.0	1000.0	1000.0	1235999	113.95488	6.205576	125.89474	2.186929	-114.125984	0.14173694	25152.305770635605
310	968.25	24.883478	1000.0	932.0	940.6	101.4763	998.0	639.0	1000.0	1000.0	1239999	113.72705	6.038002	125.85535	2.1924248	-113.89826	0.13828132	25235.676208496094
311	936.5	55.3963	1000.0	852.0	776.4	388.4686	990.0	0.0	1000.0	1000.0	1243999	113.45801	6.1752114	127.49681	2.196133	-113.62605	0.13750428	25319.02636885643
312	944.5	38.62965	979.0	879.0	636.1	421.36908	990.0	0.0	1000.0	1000.0	1247999	113.81283	6.2710576	128.4727	2.1963933	-114.05786	0.15412262	25402.54309654236
313	951.75	22.71976	980.0	927.0	952.5	51.51165	984.0	802.0	1000.0	1000.0	1251999	115.15374	6.387594	127.65191	2.1997366	-115.4035	0.17896545	25486.046384096146
314	967.75	27.086666	994.0	923.0	965.8	21.03711	994.0	917.0	1000.0	1000.0	1255999	115.81733	6.292385	127.81296	2.204351	-116.018524	0.15965866	25569.468824863434
315	972.75	9.679231	987.0	962.0	971.4	13.328166	988.0	949.0	1000.0	1000.0	1259999	115.60529	6.1707706	126.26615	2.2092566	-115.7982	0.15779804	25652.965455293655
316	844.0	79.1486	952.0	729.0	799.1	303.35406	983.0	12.0	1000.0	1000.0	1263999	115.66449	6.142868	127.90098	2.2134552	-115.883705	0.17696893	25736.24866604805
317	791.5	220.80591	961.0	412.0	941.2	95.13023	998.0	659.0	1000.0	1000.0	1267999	116.39354	5.9607153	138.18767	2.216742	-116.64073	0.1829224	25819.80434203148
318	940.75	37.62562	980.0	882.0	953.7	32.796494	987.0	868.0	1000.0	1000.0	1271999	117.11912	6.0227704	148.84737	2.2199552	-117.362236	0.1930572	25903.431968450546
319	894.5	83.43111	970.0	760.0	874.1	284.56613	991.0	21.0	1000.0	1000.0	1275999	117.623	6.047807	151.70033	2.2260911	-117.86059	0.18823266	25986.993035554886
320	977.25	15.769829	994.0	961.0	970.0	15.899686	1000.0	949.0	1000.0	1000.0	1279999	117.78797	6.0704994	144.46631	2.2317605	-118.01175	0.19085743	26070.614498853683
321	979.75	6.533567	985.0	969.0	888.8	284.43198	998.0	36.0	1000.0	1000.0	1283999	117.73032	5.9754934	138.02501	2.2386189	-117.94465	0.1658299	26153.969856500626
322	976.5	17.036724	996.0	953.0	973.3	10.668177	987.0	950.0	1000.0	1000.0	1287999	117.54489	5.981366	130.57762	2.2406187	-117.74834	0.16672279	26237.40654349327
323	973.25	9.959292	987.0	960.0	974.4	11.791523	1000.0	957.0	1000.0	1000.0	1291999	117.23056	6.1136327	131.7824	2.2438166	-117.43771	0.16266589	26320.73658299446
324	976.0	5.3851647	985.0	971.0	970.5	14.623611	992.0	945.0	1000.0	1000.0	1295999	117.11931	6.424629	131.5251	2.2457337	-117.32856	0.1618791	26404.04256105423
325	978.0	8.573215	992.0	971.0	978.5	11.002273	998.0	965.0	1000.0	1000.0	1299999	117.11149	6.3170023	130.25003	2.2482107	-117.32834	0.16405882	26487.21870970726
326	891.5	131.61781	977.0	664.0	960.3	33.184483	997.0	866.0	1000.0	1000.0	1303999	117.05415	6.212012	129.70802	2.2519524	-117.25896	0.16894357	26570.474441051483
327	971.0	10.606602	983.0	954.0	980.1	12.964953	997.0	962.0	1000.0	1000.0	1307999	116.84172	6.03478	127.415146	2.256106	-117.03994	0.15923618	26653.568506002426
328	969.25	13.442005	986.0	952.0	973.9	10.624971	998.0	956.0	1000.0	1000.0	1311999	116.38858	5.993681	126.81613	2.261502	-116.56975	0.1514482	26736.91069960594
329	785.25	273.9027	964.0	313.0	974.1	13.852437	997.0	954.0	1000.0	1000.0	1315999	115.86561	6.1400967	126.07206	2.2648764	-116.04753	0.14363286	26820.364641189575
330	949.5	33.20015	977.0	894.0	977.3	14.731259	998.0	941.0	1000.0	1000.0	1319999	115.40935	6.0049343	125.560356	2.1815002	-115.58767	0.14340568	26903.527131795883
331	978.0	13.0	991.0	959.0	684.3	443.54233	1000.0	4.0	1000.0	1000.0	1323999	115.16957	6.2277813	128.90312	2.2675343	-115.35915	0.14276022	26986.780556201935
332	970.75	12.417226	989.0	954.0	816.2	316.30264	989.0	12.0	1000.0	1000.0	1327999	115.23376	6.293835	132.90366	2.2693605	-115.44487	0.14845835	27069.91316652298
333	963.75	18.21229	985.0	937.0	924.2	143.88245	1000.0	495.0	1000.0	1000.0	1331999	115.43602	6.068167	153.3599	2.2731287	-115.63172	0.15138535	27153.51521205902
334	783.25	346.8792	998.0	183.0	889.1	253.53284	990.0	129.0	1000.0	1000.0	1335999	115.18396	6.243471	154.50397	2.276094	-115.35851	0.15093191	27236.642340898514
335	973.75	8.042854	983.0	961.0	863.7	278.7368	1000.0	40.0	1000.0	1000.0	1339999	114.76138	6.214499	138.61139	2.279616	-114.933846	0.14999308	27319.962861776352
336	904.75	108.934326	984.0	717.0	969.6	9.013324	980.0	953.0	1000.0	1000.0	1343999	114.55019	6.11325	135.92056	2.2818203	-114.73986	0.15116498	27403.386719465256
337	901.5	115.469696	980.0	702.0	972.3	14.450259	996.0	948.0	1000.0	1000.0	1347999	114.41877	6.096244	138.15921	2.2858343	-114.59651	0.1480481	27486.722042798996
338	972.25	13.367404	989.0	952.0	826.1	310.1704	986.0	0.0	1000.0	1000.0	1351999	114.32154	6.0827775	138.58408	2.2888515	-114.507065	0.14832947	27570.064300775528
339	797.0	307.77426	980.0	264.0	976.6	12.379015	999.0	961.0	1000.0	1000.0	1355999	114.17816	5.876817	140.00557	2.290519	-114.34658	0.14541258	27653.29613518715
340	790.5	286.5009	984.0	296.0	906.1	158.55501	992.0	485.0	1000.0	1000.0	1359999	113.93233	5.697822	134.022	2.2958205	-114.11325	0.14462702	27736.62173652649
341	954.25	13.772709	972.0	935.0	868.0	268.06305	997.0	69.0	1000.0	1000.0	1363999	114.07039	5.7524576	131.61476	2.3008115	-114.268616	0.14674504	27819.870826482773
342	980.25	13.516194	1000.0	965.0	979.0	13.206059	1000.0	958.0	1000.0	1000.0	1367999	114.21185	5.6935334	131.05269	2.3033428	-114.399025	0.15193224	27903.076575517654
343	929.75	84.3575	988.0	784.0	936.6	95.42138	998.0	660.0	1000.0	1000.0	1371999	114.26329	5.594703	129.69238	2.308005	-114.44941	0.1453904	27986.178632497787
344	880.75	150.65254	975.0	620.0	884.4	266.7224	996.0	86.0	1000.0	1000.0	1375999	114.16889	5.515931	128.78775	2.3139093	-114.34187	0.15095012	28069.48370575905
345	969.0	17.958284	1000.0	957.0	922.9	152.10025	1000.0	472.0	1000.0	1000.0	1379999	113.82225	5.5059247	128.3842	2.3172176	-113.9892	0.15160301	28152.85448741913
346	936.25	80.3784	993.0	799.0	971.2	26.171741	1000.0	906.0	1000.0	1000.0	1383999	113.76394	5.786253	130.49431	2.3188522	-113.95509	0.15974459	28236.010029554367
347	979.25	10.755813	996.0	966.0	706.4	417.08566	985.0	0.0	1000.0	1000.0	1387999	114.14444	6.048327	128.55527	2.3212788	-114.35978	0.17145865	28319.55773615837
348	767.0	344.7441	1000.0	171.0	976.8	10.293687	1000.0	964.0	1000.0	1000.0	1391999	114.8995	6.1767964	127.38572	2.3243902	-115.12719	0.18175632	28402.865297079086
349	937.25	69.758064	989.0	818.0	875.6	292.24002	996.0	0.0	1000.0	1000.0	1395999	115.26741	6.098255	127.3794	2.3285804	-115.46124	0.17378132	28486.112396240234
350	795.75	307.83386	990.0	263.0	969.0	19.209373	995.0	927.0	1000.0	1000.0	1399999	115.14208	5.9082847	127.98107	2.331475	-115.33136	0.16277185	28569.19029188156
351	968.75	11.519006	981.0	950.0	900.3	98.67325	988.0	717.0	1000.0	1000.0	1403999	114.98062	5.6825056	126.45422	2.338558	-115.16239	0.15336838	28652.390407562256
352	974.0	9.874208	988.0	961.0	933.5	149.39828	995.0	486.0	1000.0	1000.0	1407999	114.67002	5.542095	128.01346	2.34539	-114.83703	0.15145408	28735.58575320244
353	854.25	200.81755	997.0	508.0	976.2	14.68877	1000.0	949.0	1000.0	1000.0	1411999	114.08151	5.5310526	129.85805	2.3515828	-114.239555	0.15324634	28818.832312583923
354	931.25	76.7215	993.0	801.0	917.8	111.02324	998.0	667.0	1000.0	1000.0	1415999	113.60348	5.6653247	127.15035	2.357477	-113.76466	0.14776763	28902.052702188492
355	746.0	287.7247	971.0	267.0	970.9	9.679359	986.0	959.0	1000.0	1000.0	1419999	113.24218	5.6594276	126.39926	2.361784	-113.40811	0.14993668	28985.385691404343
356	809.25	300.02448	997.0	290.0	980.2	11.6430235	1000.0	964.0	1000.0	1000.0	1423999	113.07	5.8731685	126.78838	2.3650327	-113.24667	0.15754901	29068.655725717545
357	956.25	12.275484	967.0	936.0	874.1	291.51276	988.0	0.0	1000.0	1000.0	1427999	113.3064	5.8925133	141.84825	2.3667963	-113.501625	0.16787629	29151.852294683456
358	966.0	29.555033	996.0	934.0	929.2	136.6966	1000.0	523.0	1000.0	1000.0	1431999	113.57634	6.0086384	159.03688	2.3701766	-113.76914	0.1836144	29235.209812164307
359	967.5	11.521719	984.0	954.0	897.9	181.06763	994.0	363.0	1000.0	1000.0	1435999	113.81891	6.1503925	162.18408	2.3863068	-114.01578	0.1853901	29318.889258623123
360	799.75	301.64084	994.0	278.0	799.1	322.52115	995.0	0.0	1000.0	1000.0	1439999	114.17738	6.5502152	162.26904	2.3976405	-114.38472	0.16916583	29402.346282720566
361	939.5	83.73321	994.0	795.0	857.4	170.44307	983.0	520.0	1000.0	1000.0	1443999	114.38391	6.4500704	145.71783	2.4110591	-114.58253	0.15660407	29485.599658727646
362	754.75	301.89102	981.0	237.0	974.7	12.830043	992.0	952.0	1000.0	1000.0	1447999	114.72308	6.280835	144.15462	2.4151177	-114.93677	0.1863497	29568.622267007828
363	816.0	279.0654	994.0	333.0	788.3	390.08307	998.0	6.0	1000.0	1000.0	1451999	114.84982	6.502964	153.36948	2.4223838	-115.04444	0.19181104	29651.873545646667
364	772.5	347.382	986.0	171.0	974.2	16.283735	1000.0	941.0	1000.0	1000.0	1455999	114.99476	6.442318	171.16458	2.4323602	-115.198654	0.19616835	29735.269830942154
365	975.75	5.0682836	982.0	969.0	887.2	295.98068	1000.0	0.0	1000.0	1000.0	1459999	115.03581	6.178031	173.85248	2.4369602	-115.24139	0.2023941	29818.599896907806
366	971.5	8.645808	980.0	958.0	919.4	130.48618	1000.0	533.0	1000.0	1000.0	1463999	115.08098	5.90357	147.52292	2.4423556	-115.28137	0.20081045	29901.703070402145
367	858.5	136.3424	995.0	650.0	787.6	388.0606	1000.0	0.0	1000.0	1000.0	1467999	115.09803	5.7380824	152.54498	2.445932	-115.294815	0.20861621	29984.702300310135
368	975.5	17.839563	994.0	946.0	825.0	295.2128	998.0	73.0	1000.0	1000.0	1471999	114.96736	5.650991	154.44763	2.4513204	-115.15791	0.21581833	30067.760715961456
369	942.0	65.58963	994.0	832.0	943.6	85.61682	992.0	691.0	1000.0	1000.0	1475999	114.75221	5.6036105	163.1733	2.4543505	-114.939026	0.21182978	30151.145237207413
370	953.25	55.62542	989.0	857.0	828.0	257.33752	986.0	88.0	1000.0	1000.0	1479999	114.61945	5.6420555	176.19063	2.4560895	-114.80863	0.22029789	30234.509791851044
371	810.75	251.32686	973.0	376.0	849.9	286.78613	982.0	0.0	1000.0	1000.0	1483999	114.24754	5.640229	177.94856	2.4577188	-114.42274	0.2099046	30317.753485441208
372	892.25	148.15259	988.0	636.0	854.6	286.60083	982.0	0.0	1000.0	1000.0	1487999	114.09176	5.5414605	172.26529	2.4615285	-114.28833	0.19033912	30400.724915981293
373	785.0	292.4269	994.0	283.0	958.1	51.860294	991.0	806.0	1000.0	1000.0	1491999	114.15493	5.3260803	157.71625	2.468587	-114.34936	0.19131102	30483.49096941948
374	938.75	26.76168	977.0	902.0	648.4	428.35132	983.0	0.0	1000.0	1000.0	1495999	114.18821	5.2301183	206.65	2.4714336	-114.38461	0.20135434	30566.451536417007
375	844.75	130.56105	999.0	708.0	739.2	387.13974	997.0	0.0	1000.0	1000.0	1499999	114.27376	5.2760477	220.96155	2.4736743	-114.49063	0.25033155	30649.924194574356
376	978.25	12.695964	1000.0	968.0	824.5	289.89523	990.0	220.0	1000.0	1000.0	1503999	114.76923	5.5037155	255.2149	2.4763	-115.00337	0.2601648	30733.176431894302
377	945.75	37.4124	985.0	889.0	459.6	430.4591	994.0	0.0	1000.0	1000.0	1507999	115.15108	5.6125154	283.59122	2.4798577	-115.38174	0.31215903	30815.799517393112
378	740.75	420.78342	993.0	12.0	778.1	389.10062	990.0	0.0	1000.0	1000.0	1511999	115.12155	5.573014	266.75366	2.4933937	-115.31631	0.25380543	30898.389323711395
379	869.5	108.85886	990.0	717.0	813.3	318.57278	993.0	0.0	1000.0	1000.0	1515999	114.87456	6.308452	214.6459	2.50145	-115.073654	0.24500312	30981.325653791428
380	834.25	162.33357	982.0	560.0	883.6	149.52136	998.0	514.0	1000.0	1000.0	1519999	114.53092	6.6773114	188.65984	-28.566328	-114.70403	0.24411887	31064.014127016068
381	951.5	29.5	993.0	916.0	776.0	377.46655	995.0	20.0	1000.0	1000.0	1523999	114.04745	6.5746584	167.11488	-25.13403	-114.230576	0.22777592	31146.7288711071
382	497.5	482.24915	995.0	0.0	864.1	288.5957	986.0	0.0	1000.0	1000.0	1527999	113.84472	6.457405	166.34575	-3.8516824	-114.03317	0.20847133	31229.414939165115
383	979.75	10.59186	992.0	963.0	781.1	390.65646	992.0	0.0	1000.0	1000.0	1531999	113.77707	6.345034	133.88387	2.5211854	-113.962265	0.1914677	31311.93928050995
384	903.5	123.45546	983.0	690.0	974.4	17.71553	1000.0	946.0	1000.0	1000.0	1535999	113.66202	6.071111	129.73665	2.5254343	-113.84793	0.19788513	31394.591352701187
385	924.25	111.19662	999.0	732.0	864.0	289.40765	984.0	0.0	1000.0	1000.0	1539999	113.5943	5.942356	124.89476	2.5268834	-113.784966	0.18870357	31477.282271146774
386	989.25	4.205651	994.0	983.0	969.5	16.608732	995.0	940.0	1000.0	1000.0	1543999	113.63304	5.6863327	128.83727	2.5311282	-113.81697	0.18715277	31559.99815607071
387	975.0	18.986837	999.0	954.0	875.7	292.32312	997.0	0.0	1000.0	1000.0	1547999	113.49564	5.5171113	125.08928	2.535898	-113.6776	0.19475561	31642.780136346817
388	979.5	12.338963	997.0	964.0	974.0	32.6374	1000.0	883.0	1000.0	1000.0	1551999	113.39465	5.4115	125.758644	2.538993	-113.57908	0.18291703	31725.424175977707
389	865.0	196.31735	981.0	525.0	916.4	187.83887	1000.0	354.0	1000.0	1000.0	1555999	113.22773	5.5553527	128.26074	2.5406034	-113.39984	0.18137875	31807.97644853592
390	965.25	20.265427	997.0	944.0	863.4	290.47314	1000.0	0.0	1000.0	1000.0	1559999	113.0313	5.600638	141.94843	2.544385	-113.20655	0.16725272	31890.690135002136
391	931.75	64.83199	986.0	821.0	827.2	310.9054	996.0	0.0	1000.0	1000.0	1563999	112.90895	5.6608562	140.35814	2.5476577	-113.093704	0.17183915	31973.390397548676
392	976.25	14.703316	997.0	958.0	954.6	28.601398	989.0	902.0	1000.0	1000.0	1567999	113.05023	5.6462846	134.53384	2.5514057	-113.24389	0.16686982	32056.35545182228
393	971.5	11.07926	988.0	958.0	773.5	384.2073	994.0	0.0	1000.0	1000.0	1571999	113.37749	5.9103093	147.25151	2.5578344	-113.58472	0.17155227	32139.123481035233
394	971.25	31.916883	991.0	916.0	981.8	10.552725	1000.0	961.0	1000.0	1000.0	1575999	113.68936	6.228681	162.67798	2.5614727	-113.88457	0.17846392	32222.09590601921
395	973.5	5.766281	979.0	964.0	973.2	24.103111	995.0	916.0	1000.0	1000.0	1579999	113.69616	6.3506956	176.48862	-2.2634017	-113.88278	0.1730991	32305.03745985031
396	967.75	3.8971143	974.0	964.0	975.0	12.25561	996.0	956.0	1000.0	1000.0	1583999	113.70474	6.4816575	182.82971	2.5694792	-113.89639	0.17401886	32387.969380140305
397	969.0	16.777962	980.0	940.0	975.8	13.090455	993.0	945.0	1000.0	1000.0	1587999	113.73998	6.496759	186.26135	2.5723178	-113.935524	0.17919165	32470.86892271042
398	971.5	10.161201	982.0	957.0	970.1	11.458185	986.0	953.0	1000.0	1000.0	1591999	113.8382	6.222538	156.79913	2.5782053	-114.029305	0.16289717	32553.669166326523
399	988.75	6.977643	1000.0	981.0	976.8	14.681962	997.0	955.0	1000.0	1000.0	1595999	113.70926	6.075669	134.33043	2.5803907	-113.89339	0.1663029	32636.702338457108
400	976.75	3.112475	982.0	974.0	971.0	19.869574	1000.0	928.0	1000.0	1000.0	1599999	113.63836	6.0158234	129.40921	2.5841784	-113.82587	0.1594855	32719.735249996185
401	908.75	91.655266	962.0	750.0	972.8	10.244999	991.0	958.0	1000.0	1000.0	1603999	113.5795	5.928101	127.2391	2.5889463	-113.76437	0.15793088	32802.853130340576
402	962.75	22.697742	1000.0	939.0	983.1	9.771899	993.0	959.0	1000.0	1000.0	1607999	113.51067	5.6900153	126.77617	2.591038	-113.694405	0.16076925	32885.75677108765
403	976.5	4.031129	981.0	972.0	880.3	283.28503	990.0	31.0	1000.0	1000.0	1611999	113.36153	5.5329804	127.766464	2.5950415	-113.53907	0.15566069	32968.88143515587
404	974.75	5.0682836	981.0	968.0	975.1	16.961428	997.0	949.0	1000.0	1000.0	1615999	113.10634	5.4917936	127.1269	2.598394	-113.28019	0.15654993	33051.88361644745
405	926.25	34.924026	957.0	868.0	968.0	15.283978	990.0	937.0	1000.0	1000.0	1619999	112.97916	5.5318274	127.77805	2.6000893	-113.16132	0.1597125	33134.954280376434
406	969.75	18.592672	989.0	940.0	765.6	380.58936	994.0	0.0	1000.0	1000.0	1623999	112.98735	5.45809	129.08824	2.60345	-113.16855	0.15394889	33218.184935092926
407	743.75	429.51157	1000.0	0.0	973.2	13.181806	988.0	945.0	1000.0	1000.0	1627999	112.96309	5.5492625	126.59566	2.605259	-113.14651	0.16080242	33301.249666929245
408	975.0	15.313393	992.0	954.0	966.0	10.611315	983.0	947.0	1000.0	1000.0	1631999	112.84512	5.4016395	128.73961	2.6062958	-113.01789	0.16109528	33384.21741986275
409	977.75	11.882235	991.0	964.0	785.4	377.95007	993.0	23.0	1000.0	1000.0	1635999	112.6338	5.5762568	129.34604	2.6112123	-112.80997	0.16551043	33467.171250104904
410	981.0	13.360389	991.0	958.0	945.7	39.814693	992.0	847.0	1000.0	1000.0	1639999	112.44079	5.4260254	127.41977	2.6142232	-112.61015	0.16830255	33550.04022812843
411	953.75	19.018084	975.0	927.0	970.1	13.080138	986.0	940.0	1000.0	1000.0	1643999	112.25374	5.462914	127.60651	2.6180236	-112.42753	0.16645418	33633.121057510376
412	957.25	6.0570207	966.0	949.0	958.6	31.560102	987.0	874.0	1000.0	1000.0	1647999	112.11139	5.7960243	127.23026	2.6244946	-112.2798	0.16050677	33716.365605831146
413	973.25	7.8222437	979.0	960.0	823.7	304.37872	993.0	20.0	1000.0	1000.0	1651999	112.07548	6.437405	128.30963	-12.3770895	-112.259155	0.1758931	33799.26434659958
414	974.5	6.8007355	986.0	969.0	969.1	15.365221	1000.0	945.0	1000.0	1000.0	1655999	112.20194	6.839871	131.98949	-23.34785	-112.38282	0.16924918	33882.13834357262
415	963.0	10.653638	974.0	950.0	897.6	180.85419	1000.0	404.0	1000.0	1000.0	1659999	112.20463	7.0448585	132.76097	-43.94246	-112.379524	0.17245908	33965.047632455826
416	971.25	12.968713	987.0	951.0	977.9	13.434657	996.0	948.0	1000.0	1000.0	1663999	112.11645	7.272352	131.39777	-64.695404	-112.295044	0.168023	34048.02699351311
417	967.75	20.547201	988.0	935.0	972.1	26.938635	1000.0	901.0	1000.0	1000.0	1667999	112.27563	7.066592	130.10414	-46.873005	-112.466156	0.16858146	34130.784157037735
418	923.5	90.04027	990.0	769.0	866.9	290.11734	996.0	0.0	1000.0	1000.0	1671999	112.61693	6.5601363	130.59233	-26.982986	-112.81839	0.17591009	34213.615482091904
419	948.0	21.84033	981.0	923.0	978.9	12.56543	1000.0	961.0	1000.0	1000.0	1675999	113.0635	6.2397676	131.16852	2.635369	-113.26749	0.18962432	34296.58670639992
420	967.25	19.395554	987.0	936.0	921.7	173.732	995.0	401.0	1000.0	1000.0	1679999	113.19307	6.284651	131.46906	2.634916	-113.37887	0.16291945	34379.81933283806
421	976.25	12.437343	997.0	964.0	977.8	11.923087	994.0	954.0	1000.0	1000.0	1683999	112.96324	6.1163297	130.98238	2.6389194	-113.125114	0.16214256	34462.66595721245
422	968.75	5.3560715	978.0	965.0	972.7	12.017072	994.0	956.0	1000.0	1000.0	1687999	112.40782	5.957794	128.80347	2.6410396	-112.559746	0.1608352	34545.730555295944
423	986.25	7.361216	992.0	974.0	970.1	15.378232	1000.0	947.0	1000.0	1000.0	1691999	111.96986	6.0147414	126.78689	2.642703	-112.130585	0.15692228	34628.59740638733
424	981.25	15.303186	995.0	958.0	958.2	21.357903	985.0	903.0	1000.0	1000.0	1695999	111.76941	5.8966165	126.6482	2.6459758	-111.93421	0.15112185	34711.51958036423
425	968.0	16.65833	996.0	954.0	937.2	91.06789	1000.0	716.0	1000.0	1000.0	1699999	111.70975	5.7081766	127.1532	2.6505852	-111.880936	0.15892568	34794.386952877045
426	860.5	201.5124	989.0	512.0	969.5	19.961212	1000.0	928.0	1000.0	1000.0	1703999	111.69226	5.710797	127.00122	2.6535602	-111.861664	0.15529034	34877.08730459213
427	858.25	199.62387	991.0	513.0	978.9	14.487581	999.0	952.0	1000.0	1000.0	1707999	111.65603	5.45976	127.156555	2.654935	-111.8223	0.1639195	34959.98360133171
428	957.5	46.100433	988.0	878.0	885.3	271.0487	995.0	74.0	1000.0	1000.0	1711999	111.46186	5.3750825	127.15467	2.6611693	-111.62161	0.15081705	35042.72079873085
429	875.0	183.46935	1000.0	558.0	983.4	11.038116	1000.0	960.0	1000.0	1000.0	1715999	111.33834	5.3603344	126.56401	2.6650543	-111.50098	0.16738419	35126.015783786774
430	950.5	29.00431	975.0	901.0	975.3	14.477915	996.0	954.0	1000.0	1000.0	1719999	111.32933	5.456004	126.49575	2.6691508	-111.500046	0.16036993	35208.858988046646
431	945.0	70.95068	997.0	823.0	878.0	292.9505	998.0	0.0	1000.0	1000.0	1723999	111.30605	5.702882	126.63725	2.6714115	-111.47948	0.16678157	35291.659709692
432	969.75	4.380354	976.0	964.0	878.8	267.95923	1000.0	78.0	1000.0	1000.0	1727999	111.52115	5.801382	126.40931	2.6730716	-111.704445	0.15977992	35374.636842250824
433	975.0	4.1231055	978.0	968.0	882.9	285.33047	995.0	28.0	1000.0	1000.0	1731999	111.69192	5.832206	127.68454	2.6738641	-111.86723	0.15687272	35457.85854768753
434	973.0	16.477257	999.0	954.0	971.9	15.700001	992.0	948.0	1000.0	1000.0	1735999	111.79786	6.046189	129.52463	2.6741667	-111.9757	0.15944226	35540.56935286522
435	964.0	13.6565	976.0	941.0	978.4	11.499566	1000.0	959.0	1000.0	1000.0	1739999	111.74512	6.249995	130.45142	2.6745465	-111.91302	0.1504819	35623.55740046501
436	979.25	8.196798	993.0	973.0	975.0	21.099764	1000.0	934.0	1000.0	1000.0	1743999	111.62199	6.3138466	131.35791	2.679558	-111.77972	0.15995373	35706.51937222481
437	976.0	8.916277	988.0	966.0	966.0	15.388308	983.0	939.0	1000.0	1000.0	1747999	111.2725	6.2701745	130.00308	2.6825516	-111.43009	0.15013671	35789.32953286171
438	959.5	20.180435	987.0	936.0	971.3	20.085068	1000.0	924.0	1000.0	1000.0	1751999	111.06404	6.199579	131.59709	2.6856692	-111.21681	0.15344693	35872.32068657875
439	971.0	4.1231055	974.0	964.0	971.7	12.641598	991.0	943.0	1000.0	1000.0	1755999	110.84189	6.0344462	131.33858	2.6908934	-110.995766	0.15677856	35955.16093254089
440	969.0	7.1414285	978.0	962.0	977.2	9.108238	989.0	959.0	1000.0	1000.0	1759999	110.58604	6.068122	130.75801	2.6939008	-110.73648	0.15010034	36037.94785404205
441	975.25	2.772634	980.0	973.0	975.4	10.365327	996.0	957.0	1000.0	1000.0	1763999	110.42692	5.998587	129.51959	2.6947389	-110.58115	0.15445705	36120.902176856995
442	983.25	4.656984	989.0	976.0	972.2	17.943245	992.0	938.0	1000.0	1000.0	1767999	110.32864	6.0081058	128.99208	2.6958392	-110.47378	0.14771663	36204.00204896927
443	922.25	99.65283	989.0	750.0	861.2	283.52243	981.0	14.0	1000.0	1000.0	1771999	109.97955	6.1275597	129.5722	2.695194	-110.11941	0.15054345	36287.009056806564
444	738.75	423.18518	1000.0	6.0	969.1	9.74115	987.0	958.0	1000.0	1000.0	1775999	109.76157	5.9280205	129.23288	2.6954346	-109.90671	0.14639491	36370.110718250275
445	986.25	4.145781	993.0	982.0	980.1	12.202049	997.0	964.0	1000.0	1000.0	1779999	109.58121	6.045004	128.3191	2.6973715	-109.72413	0.14734091	36453.062507390976
446	969.5	14.739403	992.0	951.0	976.0	14.615061	997.0	955.0	1000.0	1000.0	1783999	109.41323	5.96843	129.27435	2.6976879	-109.55055	0.14296772	36535.93209147453
447	940.0	26.46696	966.0	907.0	976.3	16.474525	995.0	936.0	1000.0	1000.0	1787999	109.11114	6.1408296	129.63277	2.698523	-109.24464	0.14266671	36618.84089398384
448	942.25	27.444262	980.0	905.0	974.6	11.394736	997.0	956.0	1000.0	1000.0	1791999	108.77296	6.257512	129.03703	2.7001219	-108.901596	0.14796112	36701.890161275864
449	961.25	18.21229	975.0	930.0	960.3	16.547205	980.0	930.0	1000.0	1000.0	1795999	108.50701	6.2985377	128.18198	0.62627816	-108.63684	0.14296332	36784.8918466568
450	976.0	9.669539	990.0	964.0	978.1	5.8557663	989.0	969.0	1000.0	1000.0	1799999	108.30534	6.2189603	125.18719	2.7041683	-108.43705	0.14394854	36867.90585756302
451	971.5	16.454483	993.0	951.0	947.9	96.79819	1000.0	660.0	1000.0	1000.0	1803999	108.14826	5.9959536	123.374825	2.709052	-108.27459	0.14188501	36950.857337236404
452	978.75	7.8859053	991.0	969.0	875.0	292.063	988.0	0.0	1000.0	1000.0	1807999	107.9791	6.0309367	121.25652	2.713171	-108.11281	0.14346223	37033.876421928406
453	904.25	118.144775	984.0	700.0	970.9	10.435038	987.0	953.0	1000.0	1000.0	1811999	108.1046	6.0539813	120.35578	2.7148056	-108.25707	0.14376977	37116.67222285271
454	916.25	121.701225	1000.0	706.0	884.3	293.1887	1000.0	6.0	1000.0	1000.0	1815999	108.4982	6.397006	121.39247	2.719602	-108.66083	0.15011881	37199.39508366585
455	959.0	38.06573	1000.0	910.0	916.1	166.18993	994.0	423.0	1000.0	1000.0	1819999	108.96329	6.533249	122.02696	-1.1672735	-109.135735	0.1504639	37282.33675003052
456	952.75	14.254385	973.0	937.0	972.9	7.5822163	985.0	961.0	1000.0	1000.0	1823999	109.42853	6.5916576	121.744934	-1.8273978	-109.597206	0.14448778	37365.379432439804
457	978.75	13.589978	996.0	958.0	966.5	13.958868	990.0	945.0	1000.0	1000.0	1827999	109.66626	6.5709176	121.668175	-2.4114566	-109.82934	0.14710437	37448.41678285599
458	980.0	12.389512	996.0	962.0	852.3	140.17351	981.0	508.0	1000.0	1000.0	1831999	109.76743	6.703595	123.08732	0.6026068	-109.92343	0.1526406	37531.44659280777
459	698.75	407.5674	979.0	0.0	959.8	24.049118	986.0	902.0	1000.0	1000.0	1835999	109.76249	6.520909	123.29352	2.7290444	-109.915565	0.14855532	37614.5094833374
460	974.25	22.62051	1000.0	943.0	926.3	168.32115	997.0	422.0	1000.0	1000.0	1839999	109.70132	6.486033	124.654655	2.7310665	-109.85431	0.151764	37697.43068480492
461	881.75	143.39172	982.0	635.0	967.4	15.525463	990.0	928.0	1000.0	1000.0	1843999	109.69271	6.4490886	124.10294	2.7332175	-109.8521	0.15088305	37780.489523649216
462	973.0	7.5828753	981.0	964.0	969.6	20.664946	995.0	930.0	1000.0	1000.0	1847999	109.87812	6.5180836	126.27308	2.7366147	-110.04728	0.16013637	37863.78938770294
463	969.5	14.568802	985.0	946.0	837.4	282.2117	999.0	20.0	1000.0	1000.0	1851999	110.23433	6.6078787	127.04262	2.7352757	-110.413765	0.16624252	37946.68966984749
464	733.0	423.322	992.0	0.0	977.6	15.140674	996.0	948.0	1000.0	1000.0	1855999	110.51977	6.7644887	127.18809	2.735431	-110.68887	0.157834	38029.626178979874
465	926.25	69.98705	979.0	806.0	923.9	102.87804	983.0	631.0	1000.0	1000.0	1859999	110.53565	6.725271	127.751816	2.7358596	-110.69358	0.15592074	38112.483984708786
466	832.25	161.95119	978.0	572.0	964.6	27.269764	997.0	917.0	1000.0	1000.0	1863999	110.4599	6.84593	130.11609	2.734708	-110.62767	0.16118948	38195.2928750515
467	979.75	26.051632	1000.0	935.0	980.3	13.1837015	1000.0	958.0	1000.0	1000.0	1867999	110.79996	6.937685	130.86328	2.7337666	-110.98727	0.15590513	38278.29358077049
468	979.5	22.787058	1000.0	941.0	975.0	19.354586	1000.0	932.0	1000.0	1000.0	1871999	111.11958	6.8352966	130.26816	2.734733	-111.29939	0.15527387	38362.383833646774
469	948.25	43.083496	988.0	882.0	932.0	87.95339	1000.0	755.0	1000.0	1000.0	1875999	111.40085	6.886001	132.20258	2.7342129	-111.58967	0.15837836	38445.66927814484
470	968.75	10.662434	984.0	955.0	869.6	290.12213	981.0	0.0	1000.0	1000.0	1879999	111.75899	6.8883553	132.00279	2.7334304	-111.95053	0.1682743	38528.77839207649
471	975.5	5.8523498	983.0	967.0	972.5	12.611503	992.0	953.0	1000.0	1000.0	1883999	111.93185	7.021536	133.94308	2.7310402	-112.11055	0.15733175	38611.8847322464
472	954.0	20.904545	971.0	919.0	983.0	12.033287	1000.0	963.0	1000.0	1000.0	1887999	111.92319	6.7848835	132.58801	2.731982	-112.09954	0.15718727	38694.75294446945
473	759.5	364.04843	976.0	129.0	975.1	11.928537	996.0	953.0	1000.0	1000.0	1891999	111.92321	6.644033	129.2634	2.7376034	-112.101295	0.15918316	38777.72579264641
474	857.25	210.8013	1000.0	493.0	950.7	73.393524	997.0	739.0	1000.0	1000.0	1895999	111.92186	6.7061706	128.60735	2.7466912	-112.10472	0.15561108	38860.77792644501
475	967.75	10.963006	983.0	952.0	946.3	85.50445	991.0	693.0	1000.0	1000.0	1899999	111.99596	6.5195065	127.326256	2.753667	-112.17411	0.15756427	38943.75614690781
476	959.0	45.094345	997.0	882.0	977.0	12.401613	993.0	950.0	1000.0	1000.0	1903999	111.81387	6.510806	127.14872	2.7599366	-111.9788	0.15608981	39026.86415410042
477	976.0	15.700318	994.0	951.0	973.3	25.973255	999.0	908.0	1000.0	1000.0	1907999	111.52334	6.764134	125.41041	2.7645557	-111.68535	0.1511279	39109.90227127075
478	964.75	9.781999	975.0	954.0	888.8	185.42966	994.0	441.0	1000.0	1000.0	1911999	111.32737	6.3289595	123.89734	2.7674515	-111.48806	0.15073185	39192.99320793152
479	912.0	62.35383	972.0	812.0	972.1	16.813387	1000.0	935.0	1000.0	1000.0	1915999	111.13809	6.0395603	122.75011	2.772556	-111.30751	0.14870194	39275.94128394127
480	930.75	80.57722	986.0	792.0	973.6	12.435433	991.0	948.0	1000.0	1000.0	1919999	111.10149	5.939944	122.64402	2.7780304	-111.27172	0.1566001	39358.96819067001
481	968.25	10.034316	979.0	952.0	971.3	17.361162	996.0	942.0	1000.0	1000.0	1923999	110.96317	5.929315	121.960556	2.7802527	-111.12155	0.15422142	39441.931032180786
482	964.0	10.793516	977.0	951.0	954.2	65.21319	996.0	762.0	1000.0	1000.0	1927999	110.83256	5.929241	131.58862	2.7829864	-111.00231	0.16202429	39524.93723678589
483	972.75	14.428704	988.0	953.0	973.3	12.837834	993.0	957.0	1000.0	1000.0	1931999	110.85701	5.8193145	150.35866	2.7870858	-111.02394	0.161659	39607.96738910675
484	943.75	49.1649	1000.0	890.0	973.3	24.9962	997.0	908.0	1000.0	1000.0	1935999	110.77346	5.7917595	162.02953	2.787225	-110.94078	0.16509031	39690.81126785278
485	969.25	24.283482	1000.0	932.0	964.3	16.643618	998.0	938.0	1000.0	1000.0	1939999	110.75928	5.807396	171.48767	2.790773	-110.92723	0.16659884	39773.83949923515
486	974.25	13.988834	995.0	960.0	969.5	13.603309	997.0	942.0	1000.0	1000.0	1943999	110.75709	5.747326	168.57922	2.794687	-110.92258	0.16416538	39856.9390232563
487	971.25	15.270478	987.0	955.0	927.8	66.271866	984.0	776.0	1000.0	1000.0	1947999	110.70183	5.960495	172.0867	2.7961545	-110.87205	0.16832069	39939.849231004715
488	972.25	22.331312	991.0	935.0	973.4	6.499231	985.0	962.0	1000.0	1000.0	1951999	110.82447	5.931582	183.61478	2.799246	-110.998886	0.16939671	40022.84733438492
489	976.75	20.363878	1000.0	949.0	970.7	18.601343	1000.0	935.0	1000.0	1000.0	1955999	110.96883	5.9546494	192.5962	2.8035753	-111.15002	0.1717817	40105.856957912445
490	969.75	10.35314	980.0	954.0	972.5	15.094701	1000.0	949.0	1000.0	1000.0	1959999	111.30517	6.0306697	201.50807	2.8115978	-111.49494	0.17290665	40189.08775949478
491	957.25	16.33057	974.0	932.0	976.9	13.567977	992.0	944.0	1000.0	1000.0	1963999	111.81755	6.227991	210.16925	2.8209975	-112.03016	0.17644562	40272.06725072861
492	805.75	288.6186	983.0	306.0	760.4	365.86887	989.0	6.0	1000.0	1000.0	1967999	112.5719	6.3643847	215.7637	2.8315496	-112.78378	0.18000239	40354.97826170921
493	940.25	43.37842	979.0	869.0	965.4	16.97174	1000.0	939.0	1000.0	1000.0	1971999	112.92499	6.687326	222.27399	2.8376787	-113.123795	0.19204544	40437.977507829666
494	903.0	96.428734	961.0	736.0	951.1	75.477745	1000.0	730.0	1000.0	1000.0	1975999	113.16635	6.6002784	211.61755	2.8409176	-113.36931	0.19528972	40521.29290890694
495	717.25	277.77902	984.0	339.0	801.5	204.00797	988.0	432.0	1000.0	1000.0	1979999	113.38979	6.59405	209.4667	2.8411732	-113.59226	0.20384619	40604.367354393005
496	897.25	147.6912	998.0	642.0	872.8	291.58456	991.0	0.0	1000.0	1000.0	1983999	113.91796	6.8415895	212.425	2.8395994	-114.149216	0.2229719	40687.266632795334
497	916.75	83.205696	991.0	783.0	935.3	78.73887	989.0	717.0	1000.0	1000.0	1987999	114.25424	6.6773367	209.31242	2.8375282	-114.452095	0.21813345	40770.496816158295
498	983.25	13.083864	994.0	961.0	972.0	12.336936	992.0	958.0	1000.0	1000.0	1991999	114.11244	6.5238905	205.74121	2.8373008	-114.300575	0.20260097	40853.65734863281
499	967.5	12.459936	976.0	946.0	974.0	11.696154	989.0	951.0	1000.0	1000.0	1995999	113.78567	6.340126	194.45561	2.8401122	-113.95836	0.1963187	40936.72008872032
500	984.75	10.009371	997.0	971.0	975.9	13.845217	996.0	950.0	1000.0	1000.0	1999999	113.34465	6.368418	199.03299	2.8464131	-113.51214	0.17683688	41019.797249794006
