Epoch	AverageEpRet	StdEpRet	MaxEpRet	MinEpRet	AverageTestEpRet	StdTestEpRet	MaxTestEpRet	MinTestEpRet	EpLen	TestEpLen	TotalEnvInteracts	AverageQVals	StdQVals	MaxQVals	MinQVals	LossPi	LossQ	Time
1	0.0	0.0	0.0	0.0	5.7	14.156624	48.0	0.0	1000.0	1000.0	3999	0.075325094	0.04832404	0.28307343	-0.38606364	-0.08707937	5.7062785e-05	50.32362341880798
2	20.75	20.753012	42.0	0.0	0.0	0.0	0.0	0.0	1000.0	1000.0	7999	0.36957493	0.28927174	5.6213017	0.011606544	-0.39071324	0.001743873	117.3617513179779
3	0.0	0.0	0.0	0.0	0.4	0.8	2.0	0.0	1000.0	1000.0	11999	0.7546915	0.68606585	7.036127	0.37542662	-0.7557978	0.0014187921	187.63300848007202
4	2.25	3.8971143	9.0	0.0	0.0	0.0	0.0	0.0	1000.0	1000.0	15999	1.3749617	1.3755581	7.8169813	0.41565627	-1.3819182	0.001530564	257.83710527420044
5	0.0	0.0	0.0	0.0	0.4	1.1999999	4.0	0.0	1000.0	1000.0	19999	1.8468431	1.1808926	7.7442603	0.58727324	-1.8643616	0.0016718885	328.43031907081604
6	0.0	0.0	0.0	0.0	11.0	31.349642	105.0	0.0	1000.0	1000.0	23999	1.9855659	0.9190852	7.802707	0.74962425	-1.9935666	0.0010677443	394.55457377433777
7	0.0	0.0	0.0	0.0	0.6	0.9165151	2.0	0.0	1000.0	1000.0	27999	1.8395215	0.75466937	12.000431	0.5007474	-1.8466536	0.0013352471	466.44063925743103
8	0.75	1.299038	3.0	0.0	1.1	1.7578397	5.0	0.0	1000.0	1000.0	31999	2.161842	1.2512839	15.009907	0.57800394	-2.18738	0.0027006494	538.7166900634766
9	0.5	0.8660254	2.0	0.0	9.1	26.968315	90.0	0.0	1000.0	1000.0	35999	2.227133	1.3761758	10.027727	0.24962807	-2.2296236	0.0018165491	607.248566865921
10	0.5	0.8660254	2.0	0.0	9.5	24.872677	84.0	0.0	1000.0	1000.0	39999	1.9267325	1.0578543	6.976406	-0.091820896	-1.9177018	0.001497524	668.7308897972107
11	0.0	0.0	0.0	0.0	0.8	1.2489997	4.0	0.0	1000.0	1000.0	43999	1.6229049	0.87571555	5.800556	-0.14735192	-1.6208884	0.0009793635	732.1890120506287
12	0.5	0.8660254	2.0	0.0	21.0	42.194786	132.0	0.0	1000.0	1000.0	47999	1.4450594	0.7560442	5.608625	0.5780562	-1.4446323	0.00081970566	796.7929491996765
13	0.5	0.8660254	2.0	0.0	11.4	34.199997	114.0	0.0	1000.0	1000.0	51999	1.2952521	0.63719887	5.926665	0.5198243	-1.2963806	0.0008532296	867.4201755523682
14	28.0	48.49742	112.0	0.0	1.0	1.67332	5.0	0.0	1000.0	1000.0	55999	1.1639732	0.5367873	5.3468313	0.49763986	-1.1645654	0.0015402454	934.5163822174072
15	0.5	0.8660254	2.0	0.0	11.1	33.3	111.0	0.0	1000.0	1000.0	59999	1.0874448	0.4890613	6.069519	0.47941193	-1.0900042	0.00288807	1005.1710999011993
16	0.0	0.0	0.0	0.0	0.2	0.59999996	2.0	0.0	1000.0	1000.0	63999	1.061891	0.47187236	6.582823	0.43756938	-1.0637324	0.0025619168	1079.6647973060608
17	0.0	0.0	0.0	0.0	1.2	1.8330302	4.0	0.0	1000.0	1000.0	67999	1.0347439	0.44002986	6.3817725	0.3946452	-1.0379517	0.002383977	1158.4779829978943
18	0.75	1.299038	3.0	0.0	0.0	0.0	0.0	0.0	1000.0	1000.0	71999	0.9624465	0.38386908	5.4879045	0.34952274	-0.9617936	0.0023070765	1237.5649077892303
19	0.75	1.299038	3.0	0.0	12.3	36.9	123.0	0.0	1000.0	1000.0	75999	0.85224456	0.32392865	6.413872	0.29604912	-0.8524609	0.0024719257	1320.2363684177399
20	0.0	0.0	0.0	0.0	0.4	0.9165151	3.0	0.0	1000.0	1000.0	79999	0.7750325	0.26479632	6.3061986	0.27166972	-0.7746872	0.0022065535	1402.9934105873108
21	24.5	40.159058	94.0	0.0	0.0	0.0	0.0	0.0	1000.0	1000.0	83999	0.6691063	0.22326316	5.9158354	0.24260388	-0.667735	0.0021831156	1484.3723821640015
22	0.0	0.0	0.0	0.0	0.6	1.2	3.0	0.0	1000.0	1000.0	87999	0.6011911	0.20603772	6.42314	0.21284778	-0.60038406	0.003040587	1565.9296615123749
23	1.0	1.7320508	4.0	0.0	8.3	24.9	83.0	0.0	1000.0	1000.0	91999	0.5140144	0.2102615	5.2853947	0.18161629	-0.5097584	0.0029833037	1647.9827795028687
24	21.75	37.672104	87.0	0.0	0.3	0.90000004	3.0	0.0	1000.0	1000.0	95999	0.4264096	0.228851	6.4046016	0.1573362	-0.42227337	0.0038134013	1733.924026966095
25	0.0	0.0	0.0	0.0	0.3	0.90000004	3.0	0.0	1000.0	1000.0	99999	0.36055672	0.26637426	5.7189264	0.14486544	-0.35621515	0.004086234	1820.6869013309479
26	0.0	0.0	0.0	0.0	0.5	1.5	5.0	0.0	1000.0	1000.0	103999	0.3020947	0.30759838	5.8137617	0.13150676	-0.29820523	0.0042553004	1906.400573015213
27	0.0	0.0	0.0	0.0	0.4	1.1999999	4.0	0.0	1000.0	1000.0	107999	0.24781111	0.31716347	5.5786858	0.092962615	-0.24496421	0.0049090707	1988.906774520874
28	30.25	52.394535	121.0	0.0	11.4	32.888294	110.0	0.0	1000.0	1000.0	111999	0.20755129	0.28111345	5.572601	0.078200854	-0.2063893	0.0047289305	2071.509695291519
29	0.0	0.0	0.0	0.0	0.4	0.91651505	3.0	0.0	1000.0	1000.0	115999	0.21225882	0.28319833	6.04634	0.14341407	-0.21193133	0.005158681	2154.7095432281494
30	20.0	34.641018	80.0	0.0	0.0	0.0	0.0	0.0	1000.0	1000.0	119999	0.23211606	0.2671703	5.251851	0.11572943	-0.23109253	0.005567378	2240.2508385181427
31	30.75	53.260563	123.0	0.0	13.7	41.1	137.0	0.0	1000.0	1000.0	123999	0.25029036	0.22445902	5.5373917	0.19335067	-0.24923627	0.006161771	2327.2554314136505
32	0.0	0.0	0.0	0.0	0.4	1.1999999	4.0	0.0	1000.0	1000.0	127999	0.27179685	0.188971	5.2686157	0.18483385	-0.27067974	0.0068861484	2415.8618121147156
33	0.5	0.8660254	2.0	0.0	12.7	36.122158	121.0	0.0	1000.0	1000.0	131999	0.29370755	0.16130918	5.827682	0.1830687	-0.29302087	0.00612448	2500.9578783512115
34	0.0	0.0	0.0	0.0	0.4	1.1999999	4.0	0.0	1000.0	1000.0	135999	0.32619706	0.19833428	6.5811076	0.24419975	-0.325883	0.006778258	2585.505833864212
35	0.0	0.0	0.0	0.0	0.0	0.0	0.0	0.0	1000.0	1000.0	139999	0.33845392	0.16886865	6.422966	0.31186926	-0.33745626	0.0061373715	2670.0440289974213
36	27.25	47.198383	109.0	0.0	0.5	1.5	5.0	0.0	1000.0	1000.0	143999	0.35516733	0.16641383	6.2745953	0.3230726	-0.35455915	0.0074630496	2756.293839454651
37	0.0	0.0	0.0	0.0	29.3	46.84453	117.0	0.0	1000.0	1000.0	147999	0.38286406	0.230065	6.6073575	0.29372096	-0.3832041	0.008852216	2841.659367799759
38	0.0	0.0	0.0	0.0	0.0	0.0	0.0	0.0	1000.0	1000.0	151999	0.40258524	0.29072127	7.6782627	0.35745066	-0.402457	0.0096417805	2925.9699199199677
39	0.25	0.4330127	1.0	0.0	22.4	44.90924	119.0	0.0	1000.0	1000.0	155999	0.4019112	0.3218115	6.908886	0.30774733	-0.40138838	0.011208898	3013.734071493149
40	0.5	0.8660254	2.0	0.0	0.0	0.0	0.0	0.0	1000.0	1000.0	159999	0.39399645	0.344301	7.1327214	0.32582337	-0.3932428	0.01237615	3100.2012395858765
41	0.0	0.0	0.0	0.0	5.4	16.199999	54.0	0.0	1000.0	1000.0	163999	0.40110093	0.41931084	8.0826	0.30564865	-0.40111783	0.014517186	3187.0640711784363
42	2.25	2.2776084	5.0	0.0	0.0	0.0	0.0	0.0	1000.0	1000.0	167999	0.4091753	0.4796654	8.800759	0.31453738	-0.4097306	0.01610044	3275.9556012153625
43	0.75	1.299038	3.0	0.0	0.0	0.0	0.0	0.0	1000.0	1000.0	171999	0.4167032	0.5336777	9.09128	0.29240462	-0.41765726	0.018117117	3364.693571329117
44	0.0	0.0	0.0	0.0	3.9	10.143471	34.0	0.0	1000.0	1000.0	175999	0.4361372	0.6096431	9.597218	0.30613768	-0.43868512	0.019146182	3453.5898406505585
45	0.0	0.0	0.0	0.0	0.6	1.4966631	5.0	0.0	1000.0	1000.0	179999	0.5268228	0.926599	13.481535	0.2606442	-0.5387524	0.025628658	3542.249261856079
46	0.0	0.0	0.0	0.0	14.0	39.69131	133.0	0.0	1000.0	1000.0	183999	0.7679276	1.5565022	16.282413	0.31608447	-0.78112775	0.03450147	3627.729406118393
47	31.25	54.126587	125.0	0.0	1.2	3.6000001	12.0	0.0	1000.0	1000.0	187999	0.7709802	1.3808213	15.0477495	0.23981942	-0.7662654	0.033340506	3713.265784740448
48	0.25	0.4330127	1.0	0.0	0.3	0.90000004	3.0	0.0	1000.0	1000.0	191999	0.67250055	1.0835434	10.290178	0.3026007	-0.67345023	0.031432044	3802.0764186382294
49	0.0	0.0	0.0	0.0	0.0	0.0	0.0	0.0	1000.0	1000.0	195999	0.7370437	1.178294	10.2703705	0.30055243	-0.74487025	0.03183348	3887.9807341098785
50	1.0	1.7320508	4.0	0.0	0.2	0.59999996	2.0	0.0	1000.0	1000.0	199999	0.9024304	1.3807887	10.657636	0.29961693	-0.91547716	0.031843707	3972.578790664673
51	0.0	0.0	0.0	0.0	0.0	0.0	0.0	0.0	1000.0	1000.0	203999	1.0919379	1.6814528	12.027701	0.23932602	-1.1048757	0.0326715	4057.806233406067
52	0.0	0.0	0.0	0.0	0.0	0.0	0.0	0.0	1000.0	1000.0	207999	1.215735	1.8207891	13.725698	0.29850847	-1.2291332	0.03192154	4146.712302684784
53	0.0	0.0	0.0	0.0	0.4	1.1999999	4.0	0.0	1000.0	1000.0	211999	1.1452367	1.5836377	10.396215	0.30555752	-1.1352519	0.031708725	4235.109006404877
54	1.0	1.7320508	4.0	0.0	0.4	1.1999999	4.0	0.0	1000.0	1000.0	215999	0.8519522	1.1804911	11.136589	0.3118965	-0.8519993	0.025764395	4323.488790273666
55	0.75	1.299038	3.0	0.0	0.4	1.1999999	4.0	0.0	1000.0	1000.0	219999	0.7845167	1.061605	9.673404	0.30296865	-0.7847572	0.02077923	4412.054409503937
56	21.0	36.373066	84.0	0.0	0.2	0.59999996	2.0	0.0	1000.0	1000.0	223999	0.7271425	1.0074571	7.589753	0.28660142	-0.7272407	0.019275114	4500.54891371727
57	0.0	0.0	0.0	0.0	0.2	0.59999996	2.0	0.0	1000.0	1000.0	227999	0.6823221	0.9905875	7.626979	0.28081226	-0.68224746	0.01983467	4586.275228500366
58	0.0	0.0	0.0	0.0	6.5	18.205769	61.0	0.0	1000.0	1000.0	231999	0.63490915	0.95986205	7.640318	0.27273497	-0.63434106	0.020188807	4670.677927494049
59	0.0	0.0	0.0	0.0	1.1	1.7	4.0	0.0	1000.0	1000.0	235999	0.581671	0.9082076	7.872729	0.271191	-0.58074814	0.020153206	4754.903689146042
60	0.5	0.8660254	2.0	0.0	0.3	0.90000004	3.0	0.0	1000.0	1000.0	239999	0.53860575	0.87377286	8.358784	0.27082667	-0.53816164	0.021437677	4840.490897655487
61	0.0	0.0	0.0	0.0	0.5	1.5	5.0	0.0	1000.0	1000.0	243999	0.5005937	0.81643015	8.578579	0.27085844	-0.49952075	0.023173787	4925.082236528397
62	1.0	1.7320508	4.0	0.0	0.0	0.0	0.0	0.0	1000.0	1000.0	247999	0.45964354	0.73750234	8.710797	0.22676066	-0.4584033	0.022005068	5010.721127510071
63	0.0	0.0	0.0	0.0	0.5	1.2041595	4.0	0.0	1000.0	1000.0	251999	0.42025876	0.6687041	10.329392	0.23289464	-0.41884544	0.022285525	5099.759460449219
64	1.0	1.7320508	4.0	0.0	0.0	0.0	0.0	0.0	1000.0	1000.0	255999	0.37048236	0.5390918	9.762401	0.26991683	-0.3691687	0.02046616	5186.741284608841
65	0.0	0.0	0.0	0.0	13.1	37.985394	127.0	0.0	1000.0	1000.0	259999	0.33021116	0.40058616	9.202861	0.254603	-0.32955143	0.014460864	5271.333789348602
66	0.0	0.0	0.0	0.0	0.0	0.0	0.0	0.0	1000.0	1000.0	263999	0.31392258	0.34111494	8.8147745	0.2705009	-0.31317022	0.012641347	5356.133668422699
67	1.0	1.7320508	4.0	0.0	11.8	34.411625	115.0	0.0	1000.0	1000.0	267999	0.30019125	0.27993998	9.64226	0.2571316	-0.29954803	0.009807114	5441.893162488937
68	0.0	0.0	0.0	0.0	0.0	0.0	0.0	0.0	1000.0	1000.0	271999	0.2960279	0.24278684	8.562881	0.22350581	-0.2955795	0.0088484	5530.698446989059
69	0.0	0.0	0.0	0.0	0.0	0.0	0.0	0.0	1000.0	1000.0	275999	0.2943689	0.2327015	8.332231	0.26014438	-0.29381642	0.008663597	5619.459459066391
70	29.0	47.947887	112.0	0.0	1.3	2.0024984	5.0	0.0	1000.0	1000.0	279999	0.29383945	0.21114925	8.042939	0.2522629	-0.29332465	0.008425505	5706.271477937698
71	0.5	0.8660254	2.0	0.0	11.2	33.600002	112.0	0.0	1000.0	1000.0	283999	0.29947636	0.19876671	7.4833145	0.27092832	-0.29908907	0.008133065	5790.792255163193
72	0.0	0.0	0.0	0.0	9.0	25.3535	85.0	0.0	1000.0	1000.0	287999	0.3063752	0.22514734	7.9563556	0.22222365	-0.30580318	0.009280616	5877.844281673431
73	0.0	0.0	0.0	0.0	16.8	40.06195	134.0	0.0	1000.0	1000.0	291999	0.31242558	0.26356444	8.866257	0.2741865	-0.3119296	0.011170669	5966.547550678253
74	0.0	0.0	0.0	0.0	0.0	0.0	0.0	0.0	1000.0	1000.0	295999	0.30842647	0.24903005	8.155944	0.26097962	-0.3080287	0.00964181	6052.848884105682
75	0.0	0.0	0.0	0.0	0.7	1.4177446	4.0	0.0	1000.0	1000.0	299999	0.3075335	0.26575884	8.72122	0.27512375	-0.30721822	0.0103812	6139.409939527512
76	0.0	0.0	0.0	0.0	11.1	33.3	111.0	0.0	1000.0	1000.0	303999	0.30909762	0.2977049	9.986988	0.22486655	-0.3087713	0.010506848	6226.787682294846
77	0.0	0.0	0.0	0.0	0.3	0.90000004	3.0	0.0	1000.0	1000.0	307999	0.3061645	0.2932844	9.160559	0.2668438	-0.30588818	0.010309587	6311.724130630493
78	34.25	59.32274	137.0	0.0	10.8	30.749958	103.0	0.0	1000.0	1000.0	311999	0.30253956	0.29825425	7.848215	0.26106334	-0.302279	0.011297239	6396.586537599564
79	1.0	1.7320508	4.0	0.0	7.8	22.080761	74.0	0.0	1000.0	1000.0	315999	0.30456138	0.33847016	10.563312	0.24039777	-0.30417603	0.012324062	6482.815607309341
80	0.0	0.0	0.0	0.0	0.0	0.0	0.0	0.0	1000.0	1000.0	319999	0.30082625	0.3392564	8.50577	0.2521336	-0.30038428	0.013043665	6571.710134744644
81	32.25	53.57413	125.0	0.0	10.4	28.566414	96.0	0.0	1000.0	1000.0	323999	0.3017124	0.3715701	9.163524	0.2524899	-0.30146956	0.014403351	6660.987285852432
82	0.75	1.299038	3.0	0.0	12.9	37.385693	125.0	0.0	1000.0	1000.0	327999	0.3076342	0.3980418	9.388232	0.24998195	-0.30744445	0.01544364	6749.878317832947
83	1.0	1.7320508	4.0	0.0	0.4	1.1999999	4.0	0.0	1000.0	1000.0	331999	0.3176458	0.4312541	9.763524	0.2502775	-0.31760004	0.017182376	6838.662276983261
84	0.0	0.0	0.0	0.0	0.0	0.0	0.0	0.0	1000.0	1000.0	335999	0.32127407	0.4493622	11.180085	0.2392527	-0.3213776	0.016194517	6924.06973528862
85	0.0	0.0	0.0	0.0	13.3	38.5851	129.0	0.0	1000.0	1000.0	339999	0.3233037	0.43965137	10.128327	0.2568793	-0.3236812	0.017091362	7012.094482421875
86	0.0	0.0	0.0	0.0	0.4	1.1999999	4.0	0.0	1000.0	1000.0	343999	0.32991797	0.45462626	10.620368	0.24403703	-0.33017272	0.018497452	7099.5015189647675
87	0.0	0.0	0.0	0.0	0.0	0.0	0.0	0.0	1000.0	1000.0	347999	0.3273124	0.4311847	10.819358	0.26004937	-0.32714212	0.016451085	7186.423718214035
88	0.0	0.0	0.0	0.0	0.6	1.8000001	6.0	0.0	1000.0	1000.0	351999	0.33734277	0.47304335	9.835389	0.25643817	-0.33722633	0.017778909	7275.376368999481
89	1.0	1.7320508	4.0	0.0	0.3	0.64031243	2.0	0.0	1000.0	1000.0	355999	0.33869305	0.50071985	9.19253	0.25068662	-0.33844098	0.021187512	7364.269693374634
90	0.0	0.0	0.0	0.0	21.7	44.452335	130.0	0.0	1000.0	1000.0	359999	0.3296395	0.4851011	10.271725	0.21366042	-0.32972565	0.017587895	7449.456568002701
91	0.0	0.0	0.0	0.0	3.8	9.474175	32.0	0.0	1000.0	1000.0	363999	0.33260548	0.49363968	11.59561	0.2091899	-0.33280262	0.018234959	7534.384395599365
92	78.75	49.756283	122.0	0.0	0.4	1.1999999	4.0	0.0	1000.0	1000.0	367999	0.35022777	0.5558981	13.726542	0.14061266	-0.35098982	0.023294479	7619.251054286957
93	0.0	0.0	0.0	0.0	3.6	9.840732	33.0	0.0	1000.0	1000.0	371999	0.3715354	0.5971719	13.071025	0.19402197	-0.37067702	0.02551975	7706.36412191391
94	0.0	0.0	0.0	0.0	0.0	0.0	0.0	0.0	1000.0	1000.0	375999	0.3582645	0.5363521	11.131888	0.15955539	-0.35726354	0.02351869	7791.31480717659
95	0.0	0.0	0.0	0.0	0.2	0.59999996	2.0	0.0	1000.0	1000.0	379999	0.3493994	0.50955683	9.566325	0.06260653	-0.34881034	0.021192284	7878.1338522434235
96	28.25	48.930435	113.0	0.0	0.0	0.0	0.0	0.0	1000.0	1000.0	383999	0.35350028	0.53949666	9.34067	0.21242812	-0.35288012	0.02477745	7966.26432967186
97	29.5	51.095497	118.0	0.0	0.0	0.0	0.0	0.0	1000.0	1000.0	387999	0.3634877	0.5997021	10.274862	0.25952944	-0.36314258	0.029017247	8050.9978902339935
98	0.0	0.0	0.0	0.0	0.8	1.6613247	5.0	0.0	1000.0	1000.0	391999	0.3773814	0.66805416	11.51692	0.17017412	-0.37651056	0.033463683	8136.411371946335
99	0.0	0.0	0.0	0.0	5.1	15.3	51.0	0.0	1000.0	1000.0	395999	0.37163827	0.6529421	12.431611	0.016975522	-0.37102765	0.03319916	8225.03632235527
100	0.0	0.0	0.0	0.0	0.0	0.0	0.0	0.0	1000.0	1000.0	399999	0.37335065	0.6746418	12.057812	0.0687034	-0.37211782	0.033723556	8313.29002404213
101	14.25	24.681725	57.0	0.0	11.5	23.087875	62.0	0.0	1000.0	1000.0	403999	0.3588602	0.6517052	15.024885	0.10418096	-0.3574382	0.033210624	8402.03666806221
102	0.0	0.0	0.0	0.0	0.0	0.0	0.0	0.0	1000.0	1000.0	407999	0.35251477	0.6234979	16.36907	-0.19426435	-0.35200518	0.031685498	8490.745908021927
103	0.0	0.0	0.0	0.0	12.4	35.886486	120.0	0.0	1000.0	1000.0	411999	0.3684076	0.6520278	15.287782	0.20004526	-0.3680335	0.035109468	8575.76601600647
104	0.0	0.0	0.0	0.0	0.3	0.90000004	3.0	0.0	1000.0	1000.0	415999	0.35940605	0.63495934	16.586874	0.02730523	-0.35864323	0.031854805	8660.32473564148
105	0.0	0.0	0.0	0.0	3.6	10.8	36.0	0.0	1000.0	1000.0	419999	0.34026852	0.56527704	14.327704	0.23743501	-0.33947545	0.027078087	8747.249549865723
106	0.0	0.0	0.0	0.0	0.4	1.1999999	4.0	0.0	1000.0	1000.0	423999	0.33156094	0.5396504	14.390379	0.22462842	-0.3310585	0.025812408	8832.584347724915
107	0.0	0.0	0.0	0.0	11.8	35.399998	118.0	0.0	1000.0	1000.0	427999	0.33410406	0.52330196	13.827879	0.24830589	-0.3341375	0.027286367	8918.240621328354
108	0.0	0.0	0.0	0.0	22.7	43.90911	124.0	0.0	1000.0	1000.0	431999	0.33390215	0.50524664	13.629108	0.1674325	-0.33361074	0.019641504	9003.71780705452
109	12.25	21.217623	49.0	0.0	0.0	0.0	0.0	0.0	1000.0	1000.0	435999	0.33616167	0.51882035	12.877476	0.18067697	-0.33602223	0.021445148	9088.178356647491
110	1.25	2.1650636	5.0	0.0	15.7	31.496191	84.0	0.0	1000.0	1000.0	439999	0.34844172	0.58485407	16.590677	0.13265814	-0.3489101	0.022779133	9175.511318445206
111	1.0	1.7320508	4.0	0.0	0.0	0.0	0.0	0.0	1000.0	1000.0	443999	0.37100348	0.69346637	20.035847	-0.0672885	-0.3716754	0.027592165	9264.285960912704
112	0.0	0.0	0.0	0.0	0.0	0.0	0.0	0.0	1000.0	1000.0	447999	0.37954575	0.7350446	19.9158	0.1861966	-0.37967247	0.031242112	9353.179717302322
113	0.25	0.4330127	1.0	0.0	12.6	36.48616	122.0	0.0	1000.0	1000.0	451999	0.37679222	0.7359201	22.016356	0.15013576	-0.37637836	0.030561661	9441.878316402435
114	34.0	57.7408	134.0	0.0	17.7	35.08575	107.0	0.0	1000.0	1000.0	455999	0.37243128	0.7119765	24.737453	-0.04655002	-0.37200242	0.028087012	9527.433102607727
115	1.0	1.7320508	4.0	0.0	0.4	1.1999999	4.0	0.0	1000.0	1000.0	459999	0.3810931	0.7492253	21.605764	-0.24122703	-0.38105628	0.029369587	9611.852763652802
116	0.0	0.0	0.0	0.0	13.0	37.68554	126.0	0.0	1000.0	1000.0	463999	0.38852525	0.78709114	20.695347	-0.19564232	-0.38818902	0.033061158	9697.708950042725
117	7.0	12.124355	28.0	0.0	0.4	1.1999999	4.0	0.0	1000.0	1000.0	467999	0.38884977	0.7939094	16.201002	-0.020963833	-0.38873446	0.03507478	9786.397344350815
118	0.0	0.0	0.0	0.0	0.6	1.2	3.0	0.0	1000.0	1000.0	471999	0.39299315	0.81966895	22.867666	-0.00790894	-0.39310744	0.032738775	9872.509709119797
119	0.0	0.0	0.0	0.0	0.0	0.0	0.0	0.0	1000.0	1000.0	475999	0.39556515	0.84044355	22.773214	0.18120843	-0.39588585	0.035271186	9957.066573858261
120	0.75	1.299038	3.0	0.0	0.0	0.0	0.0	0.0	1000.0	1000.0	479999	0.3994941	0.850488	24.003996	-1.2243928	-0.3998972	0.037110765	10042.74811577797
121	0.0	0.0	0.0	0.0	0.0	0.0	0.0	0.0	1000.0	1000.0	483999	0.40897733	0.884383	26.79559	0.21551438	-0.4086571	0.034894206	10127.399311304092
122	0.0	0.0	0.0	0.0	0.5	1.2041595	4.0	0.0	1000.0	1000.0	487999	0.39949062	0.85555	22.804483	0.12641594	-0.39893377	0.03656903	10211.98701429367
123	0.0	0.0	0.0	0.0	0.3	0.90000004	3.0	0.0	1000.0	1000.0	491999	0.3895357	0.82506454	26.494513	0.1519603	-0.3891114	0.033796296	10296.711742162704
124	0.0	0.0	0.0	0.0	0.0	0.0	0.0	0.0	1000.0	1000.0	495999	0.38415453	0.8266187	20.868069	0.20996362	-0.38380316	0.03417914	10381.5995657444
125	1.0	1.7320508	4.0	0.0	0.4	1.1999999	4.0	0.0	1000.0	1000.0	499999	0.38224542	0.83460057	25.75325	0.13407582	-0.3820805	0.035172317	10467.77715587616
126	0.0	0.0	0.0	0.0	1.8	4.489989	15.0	0.0	1000.0	1000.0	503999	0.37975517	0.8168648	21.534847	-0.27116823	-0.3798379	0.0330302	10552.548758268356
127	0.0	0.0	0.0	0.0	16.0	32.97575	103.0	0.0	1000.0	1000.0	507999	0.38475546	0.8376112	27.492357	-0.21576639	-0.3846609	0.03461434	10640.62696647644
128	0.0	0.0	0.0	0.0	6.2	16.998823	57.0	0.0	1000.0	1000.0	511999	0.37608027	0.81319594	23.136635	0.20765834	-0.37570843	0.03394528	10729.494384288788
129	0.0	0.0	0.0	0.0	9.6	28.46823	95.0	0.0	1000.0	1000.0	515999	0.36619022	0.76927364	22.251005	-0.24495728	-0.36629465	0.033353996	10818.43506193161
130	0.0	0.0	0.0	0.0	0.0	0.0	0.0	0.0	1000.0	1000.0	519999	0.36537406	0.7763284	18.331125	0.022086084	-0.36541072	0.035570215	10907.317210912704
131	1.0	1.7320508	4.0	0.0	0.0	0.0	0.0	0.0	1000.0	1000.0	523999	0.36528507	0.78599054	19.758835	-0.121075004	-0.36561108	0.03688775	10992.598281860352
132	0.0	0.0	0.0	0.0	0.0	0.0	0.0	0.0	1000.0	1000.0	527999	0.36922294	0.79885554	23.479185	-0.013847381	-0.36917785	0.03617508	11079.60344171524
133	0.0	0.0	0.0	0.0	0.0	0.0	0.0	0.0	1000.0	1000.0	531999	0.36157292	0.779548	21.233093	-0.66254383	-0.36140662	0.03452781	11168.72639966011
134	0.0	0.0	0.0	0.0	0.5	1.5	5.0	0.0	1000.0	1000.0	535999	0.36247668	0.7759548	21.660002	-0.13353327	-0.3623064	0.03421221	11256.154663562775
135	1.0	1.7320508	4.0	0.0	10.7	30.789774	103.0	0.0	1000.0	1000.0	539999	0.34874296	0.7444557	24.485596	0.1467242	-0.34881735	0.03181936	11341.13910651207
136	1.25	2.1650636	5.0	0.0	3.8	10.438391	35.0	0.0	1000.0	1000.0	543999	0.34004977	0.7208116	21.825315	-0.16780716	-0.3401018	0.031516563	11426.186304330826
137	0.0	0.0	0.0	0.0	0.0	0.0	0.0	0.0	1000.0	1000.0	547999	0.3441395	0.745058	21.284054	0.109930396	-0.34465453	0.03194858	11513.011278867722
138	0.0	0.0	0.0	0.0	0.3	0.90000004	3.0	0.0	1000.0	1000.0	551999	0.3511224	0.76054	22.163631	0.070300594	-0.35203093	0.032427978	11601.852523088455
139	0.5	0.8660254	2.0	0.0	0.9	1.5779734	4.0	0.0	1000.0	1000.0	555999	0.36481854	0.8142078	19.64278	0.17778823	-0.36626127	0.03390645	11690.589316368103
140	0.0	0.0	0.0	0.0	8.2	23.297213	78.0	0.0	1000.0	1000.0	559999	0.38414732	0.895529	20.543108	0.124359176	-0.3854727	0.03867325	11778.554949760437
141	0.75	1.299038	3.0	0.0	12.7	38.100002	127.0	0.0	1000.0	1000.0	563999	0.38476986	0.8753669	22.171288	-0.1756125	-0.38591206	0.04077256	11864.34219956398
142	0.0	0.0	0.0	0.0	0.5	1.5	5.0	0.0	1000.0	1000.0	567999	0.3862359	0.86772233	23.466202	-0.118329674	-0.3869961	0.037593108	11953.276032924652
143	0.0	0.0	0.0	0.0	10.3	29.913372	100.0	0.0	1000.0	1000.0	571999	0.37889317	0.8284944	28.865845	-0.14379978	-0.37931335	0.03618414	12042.398715496063
144	18.25	29.345997	69.0	0.0	13.3	38.91028	130.0	0.0	1000.0	1000.0	575999	0.37347195	0.8038581	18.797092	0.06962919	-0.3741468	0.034242257	12130.479221582413
145	0.0	0.0	0.0	0.0	7.2	20.619408	69.0	0.0	1000.0	1000.0	579999	0.37463927	0.8253663	30.491451	-0.016639948	-0.37524694	0.03461272	12219.362717151642
146	2.0	2.1213202	5.0	0.0	0.1	0.29999998	1.0	0.0	1000.0	1000.0	583999	0.3780787	0.82383066	28.296543	0.036288917	-0.3788373	0.033422824	12308.180809259415
147	1.25	2.1650636	5.0	0.0	0.0	0.0	0.0	0.0	1000.0	1000.0	587999	0.3898909	0.8632192	27.084625	0.18957943	-0.3910777	0.03635095	12396.93315577507
148	0.0	0.0	0.0	0.0	9.9	29.699997	99.0	0.0	1000.0	1000.0	591999	0.40516624	0.88145155	19.943142	0.04045038	-0.40703326	0.03939097	12485.70515871048
149	0.0	0.0	0.0	0.0	0.3	0.90000004	3.0	0.0	1000.0	1000.0	595999	0.43345106	0.9790506	22.795298	0.15257043	-0.43518412	0.047017846	12572.644527196884
150	0.75	1.299038	3.0	0.0	22.2	45.67888	135.0	0.0	1000.0	1000.0	599999	0.43282288	0.95588064	21.14397	0.035332352	-0.43457597	0.040645313	12659.150111198425
151	0.0	0.0	0.0	0.0	0.3	0.64031243	2.0	0.0	1000.0	1000.0	603999	0.4336437	0.9567585	26.854084	-0.06745201	-0.4354681	0.040435523	12744.062502861023
152	1.25	2.1650636	5.0	0.0	0.5	1.024695	3.0	0.0	1000.0	1000.0	607999	0.44513723	0.9848205	32.9654	-0.37334672	-0.4466912	0.04220227	12829.192753314972
153	0.0	0.0	0.0	0.0	0.2	0.59999996	2.0	0.0	1000.0	1000.0	611999	0.43940496	0.9505246	28.52277	-0.36399224	-0.4403595	0.04111102	12914.36809539795
154	0.0	0.0	0.0	0.0	10.4	28.900518	97.0	0.0	1000.0	1000.0	615999	0.43492794	0.9067325	29.92261	-0.23349175	-0.43644366	0.039073758	13000.949501752853
155	0.0	0.0	0.0	0.0	11.8	34.087536	114.0	0.0	1000.0	1000.0	619999	0.42744437	0.8570517	25.552452	-0.4884207	-0.42807698	0.03167655	13089.646732091904
156	0.75	1.299038	3.0	0.0	18.2	35.818436	97.0	0.0	1000.0	1000.0	623999	0.41609767	0.8181422	30.2222	-0.63202226	-0.41705647	0.032216035	13177.101507663727
157	1.25	2.1650636	5.0	0.0	0.2	0.59999996	2.0	0.0	1000.0	1000.0	627999	0.41708532	0.83147717	20.465082	-1.1243764	-0.41849408	0.032763224	13264.797468423843
158	0.0	0.0	0.0	0.0	11.6	33.16685	111.0	0.0	1000.0	1000.0	631999	0.42512438	0.84301436	20.245861	-1.5916076	-0.42710614	0.033883154	13353.610164642334
159	0.0	0.0	0.0	0.0	0.0	0.0	0.0	0.0	1000.0	1000.0	635999	0.44963214	0.9173468	19.162958	-2.5323958	-0.4520988	0.036685843	13442.053507328033
160	0.0	0.0	0.0	0.0	0.0	0.0	0.0	0.0	1000.0	1000.0	639999	0.4832232	0.99855804	22.634523	-2.2535765	-0.4858639	0.03766687	13528.529129505157
161	1.25	2.1650636	5.0	0.0	5.4	14.568458	49.0	0.0	1000.0	1000.0	643999	0.5084961	1.0482588	27.895746	-2.542502	-0.5111739	0.04395348	13614.496914625168
162	0.0	0.0	0.0	0.0	0.4	1.1999999	4.0	0.0	1000.0	1000.0	647999	0.5295547	1.0465336	28.32389	-1.9842423	-0.5325208	0.045985702	13701.956807851791
163	31.0	53.693577	124.0	0.0	10.0	29.01379	97.0	0.0	1000.0	1000.0	651999	0.5382424	1.0286644	26.29353	-1.6825229	-0.540693	0.040136848	13786.715986728668
164	0.0	0.0	0.0	0.0	5.1	15.3	51.0	0.0	1000.0	1000.0	655999	0.5489876	1.0452058	28.341373	-0.9821085	-0.5523359	0.04177545	13871.28512430191
165	0.0	0.0	0.0	0.0	18.4	36.3296	94.0	0.0	1000.0	1000.0	659999	0.57540655	1.0535077	25.829062	-1.0316978	-0.5794165	0.044726383	13957.976620197296
166	31.25	54.126587	125.0	0.0	0.2	0.59999996	2.0	0.0	1000.0	1000.0	663999	0.5882935	1.0529054	26.363852	-1.4819772	-0.59164894	0.041477785	14045.874035358429
167	1.0	1.7320508	4.0	0.0	0.0	0.0	0.0	0.0	1000.0	1000.0	667999	0.5979603	1.058693	21.930168	-1.119976	-0.6015738	0.037714526	14130.705078125
168	0.0	0.0	0.0	0.0	1.7	1.7349352	4.0	0.0	1000.0	1000.0	671999	0.61410683	1.0560222	23.92009	-0.60082066	-0.6188502	0.04105439	14218.29769897461
169	0.0	0.0	0.0	0.0	10.2	30.6	102.0	0.0	1000.0	1000.0	675999	0.63990605	1.0786632	25.055536	-0.22768587	-0.6440833	0.046312608	14305.823718547821
170	0.0	0.0	0.0	0.0	0.2	0.59999996	2.0	0.0	1000.0	1000.0	679999	0.6479205	1.0476761	22.964117	0.10297209	-0.653047	0.042649698	14390.5569460392
171	0.0	0.0	0.0	0.0	6.1	16.7	56.0	0.0	1000.0	1000.0	683999	0.6736881	1.0885574	25.361681	-0.0108934045	-0.67842585	0.04793534	14477.232974529266
172	0.0	0.0	0.0	0.0	0.3	0.90000004	3.0	0.0	1000.0	1000.0	687999	0.6933546	1.0686076	23.153421	-1.1817124	-0.6995353	0.048036903	14566.005333900452
173	0.0	0.0	0.0	0.0	13.0	39.0	130.0	0.0	1000.0	1000.0	691999	0.68716055	1.0186784	16.061628	-0.7882311	-0.6903777	0.043908153	14652.512216567993
174	1.0	1.7320508	4.0	0.0	12.2	35.286827	118.0	0.0	1000.0	1000.0	695999	0.6562147	0.9433495	20.951555	-0.20683467	-0.65921557	0.03834528	14737.740098714828
175	1.75	1.7853571	4.0	0.0	0.0	0.0	0.0	0.0	1000.0	1000.0	699999	0.6241578	0.8899027	21.98484	-1.0233054	-0.6270624	0.037568558	14822.670915603638
176	30.25	52.394535	121.0	0.0	6.7	18.80452	63.0	0.0	1000.0	1000.0	703999	0.6123451	0.8795143	17.114931	-0.025486127	-0.615235	0.03444709	14910.355906486511
177	0.0	0.0	0.0	0.0	10.5	31.5	105.0	0.0	1000.0	1000.0	707999	0.59669447	0.8518985	19.508781	0.01332745	-0.59982973	0.033837464	14999.153706789017
178	0.0	0.0	0.0	0.0	0.0	0.0	0.0	0.0	1000.0	1000.0	711999	0.59376705	0.85347766	15.536693	-0.0568157	-0.5963638	0.035060693	15084.487666368484
179	21.75	37.672104	87.0	0.0	23.6	47.208477	120.0	0.0	1000.0	1000.0	715999	0.5824483	0.84259015	15.618409	-0.07711002	-0.58514273	0.03280859	15169.162469625473
180	1.5	1.6583124	4.0	0.0	0.0	0.0	0.0	0.0	1000.0	1000.0	719999	0.5792287	0.86019677	19.321173	-0.2187237	-0.5814799	0.035836097	15253.481645345688
181	0.0	0.0	0.0	0.0	0.0	0.0	0.0	0.0	1000.0	1000.0	723999	0.55780596	0.812805	16.839266	-0.38365388	-0.5599893	0.0312909	15337.87060713768
182	45.75	53.909065	134.0	0.0	0.7	1.4177446	4.0	0.0	1000.0	1000.0	727999	0.54417694	0.7864074	19.866795	-0.25758043	-0.54670984	0.030836035	15423.912672519684
183	0.0	0.0	0.0	0.0	0.0	0.0	0.0	0.0	1000.0	1000.0	731999	0.54886967	0.7925858	20.370472	-0.70393217	-0.5516423	0.029918762	15509.265580415726
184	0.0	0.0	0.0	0.0	0.0	0.0	0.0	0.0	1000.0	1000.0	735999	0.54401314	0.8103128	19.895243	-0.82928	-0.54621094	0.030930676	15595.485828876495
185	0.0	0.0	0.0	0.0	0.0	0.0	0.0	0.0	1000.0	1000.0	739999	0.54516405	0.8418741	15.218587	-0.9143093	-0.5477316	0.034750335	15683.693307161331
186	0.0	0.0	0.0	0.0	1.8	5.4	18.0	0.0	1000.0	1000.0	743999	0.5504116	0.85823303	19.730305	-0.77646077	-0.5533352	0.034297556	15772.285898923874
187	2.0	2.1213202	5.0	0.0	1.1	1.7578397	5.0	0.0	1000.0	1000.0	747999	0.54462147	0.82759273	21.915306	-1.1650478	-0.5476955	0.030589318	15860.743973970413
188	0.0	0.0	0.0	0.0	0.4	1.1999999	4.0	0.0	1000.0	1000.0	751999	0.56066185	0.8416949	15.955781	-0.79324675	-0.5643347	0.032389622	15949.283436536789
189	29.75	51.52851	119.0	0.0	0.9	1.8138357	5.0	0.0	1000.0	1000.0	755999	0.57045966	0.8863679	22.233267	-1.1403667	-0.57324827	0.036323093	16038.03526544571
190	0.0	0.0	0.0	0.0	12.3	36.9	123.0	0.0	1000.0	1000.0	759999	0.5701212	0.8646682	21.788816	-1.1924961	-0.57303375	0.0371389	16126.841938018799
191	0.5	0.8660254	2.0	0.0	0.5	1.5	5.0	0.0	1000.0	1000.0	763999	0.5750761	0.8665442	22.312569	-0.904866	-0.5787881	0.037009183	16214.770301818848
192	0.0	0.0	0.0	0.0	22.0	43.328976	114.0	0.0	1000.0	1000.0	767999	0.58975005	0.87755424	15.669007	-1.4490755	-0.593542	0.033596776	16303.658470153809
193	0.0	0.0	0.0	0.0	0.4	1.1999999	4.0	0.0	1000.0	1000.0	771999	0.5938403	0.88947564	20.481428	-1.8419411	-0.5970398	0.03533801	16390.011159658432
194	27.25	46.050922	107.0	0.0	0.9	1.9209373	6.0	0.0	1000.0	1000.0	775999	0.60728395	0.9296762	16.610325	-2.4267817	-0.6113943	0.035675067	16474.788100719452
195	0.5	0.8660254	2.0	0.0	0.4	1.1999999	4.0	0.0	1000.0	1000.0	779999	0.63003135	0.99342895	18.20779	-3.0696802	-0.633781	0.040296655	16559.536180734634
196	0.0	0.0	0.0	0.0	0.6	1.2806249	4.0	0.0	1000.0	1000.0	783999	0.6401122	1.0458885	24.430647	-2.5156624	-0.6434579	0.047071766	16644.149525165558
197	0.75	0.8291562	2.0	0.0	0.0	0.0	0.0	0.0	1000.0	1000.0	787999	0.6371284	1.0033871	20.869541	-3.5379667	-0.64005464	0.04344335	16730.257914066315
198	20.5	35.507042	82.0	0.0	13.3	39.899998	133.0	0.0	1000.0	1000.0	791999	0.6312899	0.98883337	20.022247	-4.4330697	-0.6344044	0.042256158	16815.73650574684
199	0.0	0.0	0.0	0.0	0.6	1.8000001	6.0	0.0	1000.0	1000.0	795999	0.6299961	0.94136953	25.613394	-4.5166163	-0.6333319	0.040907737	16902.577730178833
200	0.0	0.0	0.0	0.0	0.5	1.5	5.0	0.0	1000.0	1000.0	799999	0.6356016	0.96459025	19.828377	-4.44246	-0.63928676	0.040723808	16989.884117364883
201	0.0	0.0	0.0	0.0	11.7	24.53589	75.0	0.0	1000.0	1000.0	803999	0.6402722	0.99702156	21.56679	-3.617354	-0.64303493	0.043128632	17074.565730571747
202	22.75	38.828953	90.0	0.0	12.7	36.786003	123.0	0.0	1000.0	1000.0	807999	0.63804424	1.0399679	22.24149	-2.6219182	-0.641124	0.045169126	17159.13277363777
203	1.25	1.6393596	4.0	0.0	0.0	0.0	0.0	0.0	1000.0	1000.0	811999	0.6664053	1.1213704	18.70611	-3.862919	-0.67049634	0.052712727	17243.975960731506
204	0.0	0.0	0.0	0.0	0.0	0.0	0.0	0.0	1000.0	1000.0	815999	0.68758774	1.1368121	20.595963	-4.1665316	-0.69186586	0.05116313	17328.85273385048
205	32.5	53.443897	125.0	0.0	4.5	13.5	45.0	0.0	1000.0	1000.0	819999	0.6980297	1.1149997	20.08572	-3.839193	-0.70290816	0.046672918	17414.405707359314
206	1.25	2.1650636	5.0	0.0	0.4	1.1999999	4.0	0.0	1000.0	1000.0	823999	0.7149042	1.1127307	19.218851	-4.5174947	-0.719573	0.04869073	17499.128398418427
207	0.0	0.0	0.0	0.0	0.4	1.1999999	4.0	0.0	1000.0	1000.0	827999	0.70248175	1.0539951	17.45987	-5.001901	-0.7063396	0.047063634	17583.936415433884
208	0.0	0.0	0.0	0.0	0.0	0.0	0.0	0.0	1000.0	1000.0	831999	0.69485945	1.0266236	20.18326	-5.234097	-0.69884723	0.046027455	17671.23026895523
209	0.0	0.0	0.0	0.0	0.0	0.0	0.0	0.0	1000.0	1000.0	835999	0.6866501	0.99703425	18.812792	-1.8748411	-0.69011474	0.045097116	17759.499934911728
210	0.0	0.0	0.0	0.0	12.6	36.16407	121.0	0.0	1000.0	1000.0	839999	0.6757421	1.0044199	22.531221	-0.5792388	-0.6781981	0.043757804	17846.894654750824
211	31.75	54.992615	127.0	0.0	8.9	26.699999	89.0	0.0	1000.0	1000.0	843999	0.6477606	0.9810569	20.968012	-0.6714119	-0.64942884	0.04229028	17933.43576812744
212	1.25	2.1650636	5.0	0.0	0.0	0.0	0.0	0.0	1000.0	1000.0	847999	0.6308491	0.96127987	20.123058	-0.20144182	-0.63330173	0.042601485	18022.593976974487
213	0.0	0.0	0.0	0.0	0.0	0.0	0.0	0.0	1000.0	1000.0	851999	0.6271115	0.9864674	17.697107	0.11347459	-0.6299365	0.046677385	18108.146069049835
214	0.0	0.0	0.0	0.0	8.8	26.4	88.0	0.0	1000.0	1000.0	855999	0.6359913	1.0174825	19.151545	-0.10818118	-0.63916284	0.047713555	18195.736268043518
215	1.0	1.7320508	4.0	0.0	18.9	40.23046	128.0	0.0	1000.0	1000.0	859999	0.63951284	1.0195934	18.272045	-1.0507567	-0.64387697	0.045219466	18284.545317173004
216	0.0	0.0	0.0	0.0	0.0	0.0	0.0	0.0	1000.0	1000.0	863999	0.6572025	1.0847566	19.813099	-1.8903883	-0.6610135	0.04540265	18372.315329790115
217	0.0	0.0	0.0	0.0	9.7	28.114231	94.0	0.0	1000.0	1000.0	867999	0.6423573	1.0867575	23.762676	-1.8706077	-0.64317554	0.048620656	18457.03835129738
218	0.0	0.0	0.0	0.0	0.0	0.0	0.0	0.0	1000.0	1000.0	871999	0.58804405	0.974439	19.203716	-1.9565547	-0.5879838	0.04317994	18542.849639892578
219	0.0	0.0	0.0	0.0	0.3	0.90000004	3.0	0.0	1000.0	1000.0	875999	0.565586	0.97909886	17.716476	-2.5148718	-0.56667894	0.043765727	18629.819344758987
220	1.75	3.0310888	7.0	0.0	0.3	0.90000004	3.0	0.0	1000.0	1000.0	879999	0.5405567	0.94440407	20.567816	-2.2629817	-0.5415663	0.043235075	18714.335249185562
221	0.0	0.0	0.0	0.0	5.2	15.6	52.0	0.0	1000.0	1000.0	883999	0.52423847	0.9120154	17.182983	-1.8243873	-0.52552676	0.03982637	18798.76674556732
222	0.75	1.299038	3.0	0.0	5.8	16.424372	55.0	0.0	1000.0	1000.0	887999	0.51473826	0.9285224	16.634176	-2.2038174	-0.5162534	0.03949573	18887.284967184067
223	24.25	41.426895	96.0	0.0	0.8	1.6	4.0	0.0	1000.0	1000.0	891999	0.5036403	0.91812307	19.164326	-2.200877	-0.5048345	0.04003969	18976.086550951004
224	0.0	0.0	0.0	0.0	12.2	36.600002	122.0	0.0	1000.0	1000.0	895999	0.49163473	0.928363	17.46846	-2.1945138	-0.49213162	0.04242998	19065.073102235794
225	34.25	59.32274	137.0	0.0	0.0	0.0	0.0	0.0	1000.0	1000.0	899999	0.4790991	0.9610032	19.536606	-2.8989372	-0.47956884	0.04433213	19152.34353852272
226	0.0	0.0	0.0	0.0	7.1	21.300001	71.0	0.0	1000.0	1000.0	903999	0.4804836	0.99438715	19.989294	-2.7446666	-0.48138738	0.048367813	19237.03994321823
227	1.75	1.7853571	4.0	0.0	0.4	1.1999999	4.0	0.0	1000.0	1000.0	907999	0.47938317	1.0137485	16.824339	-2.5574515	-0.47964716	0.04574544	19321.507260799408
228	10.25	17.753521	41.0	0.0	0.0	0.0	0.0	0.0	1000.0	1000.0	911999	0.45103598	0.9534329	19.77381	-3.1846688	-0.45083654	0.04518075	19406.149033546448
229	1.25	2.1650636	5.0	0.0	6.4	19.199999	64.0	0.0	1000.0	1000.0	915999	0.43104526	0.92624354	15.316616	-3.0391989	-0.4303302	0.043934908	19492.13029408455
230	0.0	0.0	0.0	0.0	0.0	0.0	0.0	0.0	1000.0	1000.0	919999	0.40921918	0.87315744	14.868443	-3.9909117	-0.4090722	0.039630152	19578.868669986725
231	11.25	19.48557	45.0	0.0	3.8	11.4	38.0	0.0	1000.0	1000.0	923999	0.4033051	0.92294693	18.933844	-4.5844693	-0.40240857	0.042374566	19664.687848329544
232	0.75	1.299038	3.0	0.0	0.3	0.90000004	3.0	0.0	1000.0	1000.0	927999	0.38235095	0.899812	18.227964	-5.545976	-0.38093737	0.042035084	19753.527089118958
233	0.0	0.0	0.0	0.0	6.9	20.699999	69.0	0.0	1000.0	1000.0	931999	0.35301614	0.9610044	19.668314	-7.094708	-0.34969327	0.043908186	19839.199124097824
234	0.0	0.0	0.0	0.0	6.4	17.56246	59.0	0.0	1000.0	1000.0	935999	0.271833	1.1879565	17.349867	-15.965685	-0.2627362	0.0503137	19924.48524403572
235	0.0	0.0	0.0	0.0	0.3	0.90000004	3.0	0.0	1000.0	1000.0	939999	0.043385062	2.185217	20.807018	-28.9458	-0.025039364	0.0504106	20010.372564792633
236	0.5	0.8660254	2.0	0.0	0.4	1.1999999	4.0	0.0	1000.0	1000.0	943999	-0.1842282	3.338466	16.524935	-37.06038	0.19498254	0.047620628	20097.311361789703
237	0.0	0.0	0.0	0.0	0.0	0.0	0.0	0.0	1000.0	1000.0	947999	-0.22058079	3.5826182	19.043472	-39.5083	0.22392766	0.04385004	20186.22295808792
238	0.0	0.0	0.0	0.0	10.5	31.5	105.0	0.0	1000.0	1000.0	951999	-0.14691857	3.1847682	19.89608	-39.237865	0.14671597	0.048113476	20275.253574848175
239	0.0	0.0	0.0	0.0	16.5	34.5	105.0	0.0	1000.0	1000.0	955999	-0.0420321	2.641429	17.341381	-33.17208	0.042325303	0.047356706	20361.199257850647
240	0.0	0.0	0.0	0.0	0.2	0.59999996	2.0	0.0	1000.0	1000.0	959999	-0.001959473	2.2951705	18.498594	-26.168413	0.0041042785	0.04408291	20445.993277549744
241	0.0	0.0	0.0	0.0	1.0	1.264911	3.0	0.0	1000.0	1000.0	963999	-0.006279322	2.2148483	19.497786	-24.177828	0.011055053	0.042694803	20530.73761177063
242	0.0	0.0	0.0	0.0	0.1	0.29999998	1.0	0.0	1000.0	1000.0	967999	-0.03712995	2.3364398	19.766392	-23.914864	0.042811003	0.04501202	20617.52877473831
243	0.0	0.0	0.0	0.0	11.6	32.82438	110.0	0.0	1000.0	1000.0	971999	-0.012783944	2.156396	20.942236	-20.76159	0.01247159	0.044403944	20706.367065668106
244	1.25	2.1650636	5.0	0.0	1.9	4.5265884	15.0	0.0	1000.0	1000.0	975999	0.051266532	1.7785653	20.858917	-14.35983	-0.049914736	0.04091478	20792.86482858658
245	0.75	1.299038	3.0	0.0	9.9	29.699997	99.0	0.0	1000.0	1000.0	979999	0.055661075	1.6160191	18.802439	-13.735346	-0.054014474	0.03531838	20877.60178041458
246	0.0	0.0	0.0	0.0	0.3	0.90000004	3.0	0.0	1000.0	1000.0	983999	0.08706278	1.4432075	18.412262	-12.635058	-0.085873656	0.03883717	20962.393994808197
247	16.25	28.145826	65.0	0.0	0.3	0.90000004	3.0	0.0	1000.0	1000.0	987999	0.11070146	1.3725725	19.245972	-11.779573	-0.10809413	0.0399807	21051.323355436325
248	0.0	0.0	0.0	0.0	0.0	0.0	0.0	0.0	1000.0	1000.0	991999	0.11523783	1.3321334	21.493158	-10.595721	-0.11375766	0.041143928	21137.350930690765
249	0.0	0.0	0.0	0.0	0.7	1.2688577	4.0	0.0	1000.0	1000.0	995999	0.12571947	1.2170788	22.155243	-10.12719	-0.122511186	0.03618762	21222.086304426193
250	0.0	0.0	0.0	0.0	1.0	1.7888544	5.0	0.0	1000.0	1000.0	999999	0.08562636	1.3695439	18.739843	-11.207898	-0.0828743	0.03339416	21307.076617002487
251	17.0	29.444864	68.0	0.0	0.0	0.0	0.0	0.0	1000.0	1000.0	1003999	0.12231544	1.312332	22.961927	-11.067712	-0.12242562	0.039700232	21392.186948299408
252	15.5	26.846788	62.0	0.0	0.0	0.0	0.0	0.0	1000.0	1000.0	1007999	0.17609213	1.0947467	21.208605	-8.703279	-0.17718813	0.03700289	21477.322573184967
253	0.0	0.0	0.0	0.0	1.1	1.8138357	5.0	0.0	1000.0	1000.0	1011999	0.22389601	1.0048592	18.749111	-7.598728	-0.22404307	0.038507804	21562.91114282608
254	0.0	0.0	0.0	0.0	0.5	1.5	5.0	0.0	1000.0	1000.0	1015999	0.25143677	0.9645384	17.986353	-6.834383	-0.25063416	0.04042196	21648.671993017197
255	0.0	0.0	0.0	0.0	29.6	44.166054	105.0	0.0	1000.0	1000.0	1019999	0.2630019	0.9138937	15.935685	-5.8842316	-0.26212877	0.037153307	21733.708886146545
256	0.0	0.0	0.0	0.0	17.1	34.127556	99.0	0.0	1000.0	1000.0	1023999	0.2727019	0.8919395	15.457067	-5.6603875	-0.2719779	0.037077274	21818.923526763916
257	31.25	51.84291	121.0	0.0	0.0	0.0	0.0	0.0	1000.0	1000.0	1027999	0.28314382	0.9074841	16.074432	-5.9042177	-0.2826477	0.03927038	21905.615520477295
258	0.0	0.0	0.0	0.0	0.1	0.29999998	1.0	0.0	1000.0	1000.0	1031999	0.2921204	0.8700184	17.710537	-5.5720577	-0.29164493	0.038811002	21990.63052368164
259	0.0	0.0	0.0	0.0	0.1	0.29999998	1.0	0.0	1000.0	1000.0	1035999	0.3029306	0.8370178	15.555037	-3.9370146	-0.30231112	0.037172157	22075.85866856575
260	1.0	1.7320508	4.0	0.0	0.0	0.0	0.0	0.0	1000.0	1000.0	1039999	0.308336	0.833357	17.020546	-4.5865865	-0.3077085	0.036895093	22163.503123044968
261	13.75	21.028255	50.0	0.0	8.6	25.800001	86.0	0.0	1000.0	1000.0	1043999	0.3174263	0.83017856	15.272319	-2.2506793	-0.31674537	0.035559487	22252.513895511627
262	0.0	0.0	0.0	0.0	0.0	0.0	0.0	0.0	1000.0	1000.0	1047999	0.3067729	0.78120005	16.286926	-1.3959006	-0.30623266	0.032499135	22341.34650373459
263	0.0	0.0	0.0	0.0	0.3	0.90000004	3.0	0.0	1000.0	1000.0	1051999	0.31686917	0.8295581	15.51936	-1.5017965	-0.31659356	0.03388665	22430.159475564957
264	1.0	1.7320508	4.0	0.0	6.9	19.091621	64.0	0.0	1000.0	1000.0	1055999	0.32254416	0.85712886	16.180025	-1.692078	-0.3222153	0.037010454	22518.994303941727
265	0.0	0.0	0.0	0.0	5.3	15.900001	53.0	0.0	1000.0	1000.0	1059999	0.3291959	0.87536544	15.254016	-2.623754	-0.32910302	0.03760557	22606.264728307724
266	0.0	0.0	0.0	0.0	0.4	1.1999999	4.0	0.0	1000.0	1000.0	1063999	0.3461661	0.90925646	16.400263	-4.864785	-0.34682593	0.039668955	22691.512934446335
267	0.0	0.0	0.0	0.0	0.0	0.0	0.0	0.0	1000.0	1000.0	1067999	0.37826988	0.9935166	17.22869	-4.503054	-0.38030103	0.043882996	22778.225744247437
268	32.25	53.57413	125.0	0.0	20.4	41.238815	124.0	0.0	1000.0	1000.0	1071999	0.44062722	1.119578	17.756187	-4.8237333	-0.44500825	0.046702225	22864.940280675888
269	31.5	54.5596	126.0	0.0	0.2	0.59999996	2.0	0.0	1000.0	1000.0	1075999	0.52796966	1.3030195	18.721329	-3.5436122	-0.53486127	0.053900864	22953.8414914608
270	25.75	42.322422	99.0	0.0	0.0	0.0	0.0	0.0	1000.0	1000.0	1079999	0.6245552	1.4663185	19.600039	-3.152207	-0.63292164	0.055733815	23039.918310403824
271	0.0	0.0	0.0	0.0	6.6	19.800001	66.0	0.0	1000.0	1000.0	1083999	0.69883287	1.5594136	20.274752	-3.4269583	-0.70723706	0.054530043	23125.697947740555
272	0.5	0.8660254	2.0	0.0	1.0	1.5491934	4.0	0.0	1000.0	1000.0	1087999	0.72270274	1.5839043	24.062996	-4.3976674	-0.73079103	0.05653969	23214.661462068558
273	22.5	38.97114	90.0	0.0	0.2	0.59999996	2.0	0.0	1000.0	1000.0	1091999	0.7373602	1.6153007	26.05776	-3.5483718	-0.7449633	0.06140947	23303.532560825348
274	0.0	0.0	0.0	0.0	11.7	35.1	117.0	0.0	1000.0	1000.0	1095999	0.72220284	1.553542	26.831694	-3.8928466	-0.7278976	0.058724936	23391.934083223343
275	19.75	34.208004	79.0	0.0	0.8	1.6	4.0	0.0	1000.0	1000.0	1099999	0.7081205	1.495074	26.568373	-3.5576475	-0.7128524	0.05744571	23479.077553272247
276	0.0	0.0	0.0	0.0	0.0	0.0	0.0	0.0	1000.0	1000.0	1103999	0.6820224	1.3756585	25.06845	-3.8503814	-0.6862647	0.051326293	23566.820041418076
277	0.0	0.0	0.0	0.0	25.7	49.958084	137.0	0.0	1000.0	1000.0	1107999	0.6463152	1.199852	19.418203	-2.2713666	-0.64947444	0.045493826	23651.830605745316
278	0.0	0.0	0.0	0.0	12.6	37.8	126.0	0.0	1000.0	1000.0	1111999	0.6289337	1.1194084	17.398584	-3.2469738	-0.6319073	0.046492737	23736.81145811081
279	7.0	12.124355	28.0	0.0	0.6	1.2806249	4.0	0.0	1000.0	1000.0	1115999	0.6228833	1.1044966	17.305481	-1.3175552	-0.625754	0.047291927	23825.431364536285
280	0.0	0.0	0.0	0.0	0.5	1.5	5.0	0.0	1000.0	1000.0	1119999	0.62607527	1.1105839	18.504272	-0.93585277	-0.6292486	0.046376996	23914.255009174347
281	1.25	2.1650636	5.0	0.0	0.5	1.5	5.0	0.0	1000.0	1000.0	1123999	0.63293767	1.1170987	19.387794	-1.0652616	-0.63632774	0.046812646	23999.916707277298
282	33.5	57.447803	133.0	0.0	0.3	0.90000004	3.0	0.0	1000.0	1000.0	1127999	0.6357644	1.1143765	21.575903	-0.37017205	-0.63927394	0.043654606	24084.628436803818
283	28.25	47.21427	110.0	0.0	0.4	1.1999999	4.0	0.0	1000.0	1000.0	1131999	0.63880587	1.1336938	20.882751	-0.83339274	-0.64224684	0.049143035	24171.520882844925
284	18.0	29.470324	69.0	0.0	0.3	0.90000004	3.0	0.0	1000.0	1000.0	1135999	0.633362	1.0902828	19.893562	-0.5318009	-0.63694406	0.04488114	24260.34119963646
285	0.75	1.299038	3.0	0.0	0.2	0.59999996	2.0	0.0	1000.0	1000.0	1139999	0.6140503	1.036377	20.226141	0.13083182	-0.6177473	0.040531244	24346.394002199173
286	1.0	1.7320508	4.0	0.0	0.4	1.1999999	4.0	0.0	1000.0	1000.0	1143999	0.6027709	1.0405772	20.810854	0.13105337	-0.6068252	0.040914085	24431.180427789688
287	0.0	0.0	0.0	0.0	6.0	18.0	60.0	0.0	1000.0	1000.0	1147999	0.6063171	1.0806131	21.020885	0.12797385	-0.61025345	0.045531236	24517.7958009243
288	1.0	1.7320508	4.0	0.0	12.1	36.3	121.0	0.0	1000.0	1000.0	1151999	0.6046733	1.0872682	20.855425	0.12961529	-0.60828876	0.047666483	24606.630165576935
289	31.0	53.693577	124.0	0.0	0.0	0.0	0.0	0.0	1000.0	1000.0	1155999	0.5939167	1.0404396	19.53067	0.12722312	-0.59771436	0.040957175	24695.340430021286
290	0.0	0.0	0.0	0.0	0.0	0.0	0.0	0.0	1000.0	1000.0	1159999	0.5941232	1.0313821	20.53679	0.12380639	-0.5984918	0.03891536	24784.18803191185
291	0.0	0.0	0.0	0.0	10.3	26.283264	88.0	0.0	1000.0	1000.0	1163999	0.5902923	1.0365576	21.137445	0.1201559	-0.59476	0.037660994	24873.128176689148
292	0.75	1.299038	3.0	0.0	13.4	38.884956	130.0	0.0	1000.0	1000.0	1167999	0.5727571	1.007889	20.27346	0.11708338	-0.5772317	0.035419114	24958.593064308167
293	0.0	0.0	0.0	0.0	13.2	37.292896	125.0	0.0	1000.0	1000.0	1171999	0.5691101	1.0163523	21.001373	0.11261783	-0.57301545	0.03517836	25045.89705824852
294	0.75	1.299038	3.0	0.0	17.2	34.4726	91.0	0.0	1000.0	1000.0	1175999	0.5569702	1.0306426	22.410006	0.10678109	-0.5605354	0.03546486	25131.310557365417
295	0.75	1.299038	3.0	0.0	0.2	0.59999996	2.0	0.0	1000.0	1000.0	1179999	0.5354842	1.0097939	22.332798	0.10491153	-0.5386426	0.03829829	25218.090876340866
296	0.0	0.0	0.0	0.0	0.5	1.5	5.0	0.0	1000.0	1000.0	1183999	0.5304304	1.0314331	23.658146	0.099167384	-0.53318644	0.040983237	25307.16953277588
297	0.0	0.0	0.0	0.0	0.5	1.5	5.0	0.0	1000.0	1000.0	1187999	0.51284784	1.0055012	22.675112	0.10018148	-0.5149959	0.041968796	25395.197366952896
298	0.0	0.0	0.0	0.0	15.8	30.426302	80.0	0.0	1000.0	1000.0	1191999	0.49611363	0.9731984	20.817116	0.09975927	-0.4979357	0.0398052	25480.280697345734
299	0.0	0.0	0.0	0.0	0.0	0.0	0.0	0.0	1000.0	1000.0	1195999	0.490999	0.9869113	21.38003	0.1001917	-0.49253374	0.039330125	25565.857357740402
300	0.0	0.0	0.0	0.0	15.1	30.385687	83.0	0.0	1000.0	1000.0	1199999	0.4787109	0.97671247	21.87278	0.100434095	-0.47981596	0.03884954	25651.72827744484
301	0.0	0.0	0.0	0.0	0.7	1.4177446	4.0	0.0	1000.0	1000.0	1203999	0.45195735	0.8863937	17.883179	0.10096587	-0.45256528	0.035749443	25740.204419851303
302	0.0	0.0	0.0	0.0	0.0	0.0	0.0	0.0	1000.0	1000.0	1207999	0.43141323	0.8427836	15.025623	0.10399333	-0.4321709	0.034346096	25829.222306728363
303	0.0	0.0	0.0	0.0	11.3	33.9	113.0	0.0	1000.0	1000.0	1211999	0.41221997	0.82923627	14.5190115	0.10470706	-0.41294128	0.033309247	25918.996527671814
304	1.5	1.6583124	4.0	0.0	32.1	50.345703	129.0	0.0	1000.0	1000.0	1215999	0.40505427	0.8369608	14.337279	0.10285293	-0.40520737	0.034666114	26005.682958364487
305	0.5	0.8660254	2.0	0.0	15.9	33.167603	103.0	0.0	1000.0	1000.0	1219999	0.3889531	0.8269574	14.932195	0.09961588	-0.38908276	0.034578837	26094.79176735878
306	0.0	0.0	0.0	0.0	0.2	0.59999996	2.0	0.0	1000.0	1000.0	1223999	0.36610568	0.79863864	14.968374	0.09574094	-0.36610454	0.031178916	26183.607313156128
307	0.75	1.299038	3.0	0.0	25.0	50.1996	135.0	0.0	1000.0	1000.0	1227999	0.3526043	0.80098724	15.464534	0.09117714	-0.35238734	0.032107722	26269.78251028061
308	0.0	0.0	0.0	0.0	8.3	24.9	83.0	0.0	1000.0	1000.0	1231999	0.33384508	0.7911187	16.344692	0.08699232	-0.33340308	0.03249672	26355.082617759705
309	0.0	0.0	0.0	0.0	13.5	39.510124	132.0	0.0	1000.0	1000.0	1235999	0.32879817	0.8427961	15.502119	0.082436696	-0.32808587	0.03748832	26440.30230498314
310	0.0	0.0	0.0	0.0	21.1	42.568653	118.0	0.0	1000.0	1000.0	1239999	0.31868815	0.8637703	16.751276	0.06916918	-0.3177658	0.04010088	26527.168590068817
311	0.0	0.0	0.0	0.0	12.4	37.199997	124.0	0.0	1000.0	1000.0	1243999	0.28755495	0.7505999	15.6563425	0.0821011	-0.2864706	0.03255654	26612.381666898727
312	0.0	0.0	0.0	0.0	0.3	0.90000004	3.0	0.0	1000.0	1000.0	1247999	0.2811083	0.7658581	15.708019	0.028064888	-0.2797527	0.033994403	26698.566247463226
313	1.0	1.7320508	4.0	0.0	7.4	22.199997	74.0	0.0	1000.0	1000.0	1251999	0.2627117	0.7495776	15.643167	0.08028428	-0.26095924	0.03270575	26785.11128950119
314	0.75	1.299038	3.0	0.0	10.8	32.06805	107.0	0.0	1000.0	1000.0	1255999	0.24975297	0.73692507	15.383661	0.080840215	-0.24796304	0.0344765	26872.576278209686
315	8.75	15.155444	35.0	0.0	0.3	0.90000004	3.0	0.0	1000.0	1000.0	1259999	0.23831254	0.7089391	16.577757	0.08409365	-0.23680764	0.03159399	26957.846135377884
316	1.0	1.7320508	4.0	0.0	8.3	24.240667	81.0	0.0	1000.0	1000.0	1263999	0.23238488	0.7042821	16.763908	0.034921024	-0.23065652	0.03053977	27043.171406030655
317	44.5	47.37879	112.0	0.0	0.0	0.0	0.0	0.0	1000.0	1000.0	1267999	0.22526316	0.700282	15.012053	0.08234326	-0.22382578	0.031537496	27131.707092046738
318	17.0	29.444864	68.0	0.0	2.0	6.0	20.0	0.0	1000.0	1000.0	1271999	0.23804498	0.77763677	15.346638	0.08392647	-0.2365421	0.037326943	27218.1671128273
319	1.25	2.1650636	5.0	0.0	0.3	0.90000004	3.0	0.0	1000.0	1000.0	1275999	0.25259432	0.8197881	15.556282	0.063856855	-0.25114942	0.040112518	27303.69601893425
320	0.0	0.0	0.0	0.0	10.2	25.817825	87.0	0.0	1000.0	1000.0	1279999	0.2560367	0.82361424	16.727095	0.09173184	-0.25465024	0.03953103	27390.096705913544
321	0.5	0.8660254	2.0	0.0	12.1	36.3	121.0	0.0	1000.0	1000.0	1283999	0.25561553	0.81429625	17.169258	0.092625685	-0.25415862	0.03800036	27479.385182619095
322	24.25	42.00223	97.0	0.0	0.0	0.0	0.0	0.0	1000.0	1000.0	1287999	0.25244102	0.80657333	17.111217	0.09475982	-0.25088865	0.03610312	27568.635998487473
323	0.0	0.0	0.0	0.0	0.5	1.5	5.0	0.0	1000.0	1000.0	1291999	0.24988727	0.7772361	17.377914	0.095996626	-0.2484216	0.035689764	27657.785229206085
324	0.0	0.0	0.0	0.0	0.0	0.0	0.0	0.0	1000.0	1000.0	1295999	0.2487161	0.78281945	16.4043	0.08003032	-0.24736087	0.03686083	27745.40866613388
325	0.0	0.0	0.0	0.0	0.4	1.1999999	4.0	0.0	1000.0	1000.0	1299999	0.2578365	0.82171357	16.089447	0.058214165	-0.25650698	0.04111879	27830.712342977524
326	0.0	0.0	0.0	0.0	0.3	0.90000004	3.0	0.0	1000.0	1000.0	1303999	0.26019296	0.8094896	16.47026	0.10403789	-0.25863576	0.03872577	27916.13486981392
327	0.0	0.0	0.0	0.0	0.7	1.4177446	4.0	0.0	1000.0	1000.0	1307999	0.25406304	0.78003913	15.571392	0.10699928	-0.2525906	0.03884767	28004.84765267372
328	0.0	0.0	0.0	0.0	0.0	0.0	0.0	0.0	1000.0	1000.0	1311999	0.2533516	0.7643951	15.182599	0.109739415	-0.25203502	0.036311377	28093.951350450516
329	0.0	0.0	0.0	0.0	0.0	0.0	0.0	0.0	1000.0	1000.0	1315999	0.26666778	0.80291665	15.224648	0.11262826	-0.2653033	0.037820652	28181.797360420227
330	0.0	0.0	0.0	0.0	0.1	0.29999998	1.0	0.0	1000.0	1000.0	1319999	0.26802787	0.80471015	15.969028	0.11487185	-0.26646268	0.036597658	28268.934809923172
331	0.0	0.0	0.0	0.0	0.0	0.0	0.0	0.0	1000.0	1000.0	1323999	0.26631	0.80134684	15.528119	0.11610197	-0.26505628	0.039849617	28358.407772541046
332	0.0	0.0	0.0	0.0	0.0	0.0	0.0	0.0	1000.0	1000.0	1327999	0.26950657	0.79354584	15.367969	0.11971814	-0.26829988	0.037432417	28444.42025899887
333	0.0	0.0	0.0	0.0	12.3	36.9	123.0	0.0	1000.0	1000.0	1331999	0.2661022	0.76984715	15.817822	0.12304623	-0.26486602	0.036241867	28529.863493442535
334	1.25	2.1650636	5.0	0.0	0.2	0.59999996	2.0	0.0	1000.0	1000.0	1335999	0.2531342	0.7090418	14.491158	0.121795446	-0.25220618	0.029741503	28618.747802972794
335	0.0	0.0	0.0	0.0	19.6	40.462822	122.0	0.0	1000.0	1000.0	1339999	0.25974	0.7211459	15.915989	0.1283215	-0.25894123	0.030338688	28707.95726108551
336	28.0	46.21688	108.0	0.0	7.4	22.199999	74.0	0.0	1000.0	1000.0	1343999	0.27506614	0.7676695	15.146077	0.12779212	-0.27451476	0.032754745	28797.104493141174
337	0.0	0.0	0.0	0.0	0.9	1.4456831	4.0	0.0	1000.0	1000.0	1347999	0.29383716	0.8380095	14.886213	0.12955564	-0.2933914	0.03601074	28886.52081990242
338	0.0	0.0	0.0	0.0	0.0	0.0	0.0	0.0	1000.0	1000.0	1351999	0.30759907	0.8731912	16.368385	0.13387613	-0.30766633	0.038578406	28975.82291340828
339	0.0	0.0	0.0	0.0	0.0	0.0	0.0	0.0	1000.0	1000.0	1355999	0.32201952	0.8926195	16.746113	0.14052285	-0.32246056	0.038455583	29065.396005630493
340	12.0	20.784609	48.0	0.0	7.9	23.7	79.0	0.0	1000.0	1000.0	1359999	0.33809847	0.9141271	15.162573	0.13157216	-0.3385132	0.04051215	29154.138157367706
341	0.0	0.0	0.0	0.0	12.7	36.463818	122.0	0.0	1000.0	1000.0	1363999	0.36189938	0.96464115	15.705702	0.118360244	-0.36240646	0.044811334	29243.251707077026
342	0.0	0.0	0.0	0.0	0.4	1.1999999	4.0	0.0	1000.0	1000.0	1367999	0.36427313	0.9413502	16.061947	0.15929079	-0.36507598	0.042042434	29329.65314078331
343	0.75	1.299038	3.0	0.0	0.0	0.0	0.0	0.0	1000.0	1000.0	1371999	0.3661384	0.9044697	16.570946	0.16276567	-0.36735442	0.038540218	29416.851477622986
344	0.0	0.0	0.0	0.0	0.7	1.4177446	4.0	0.0	1000.0	1000.0	1375999	0.3716698	0.895958	13.985982	0.16240077	-0.37287402	0.03973227	29506.325490951538
345	0.0	0.0	0.0	0.0	0.0	0.0	0.0	0.0	1000.0	1000.0	1379999	0.35945827	0.8511509	14.502643	0.092887156	-0.36005425	0.036017388	29595.507531881332
346	1.0	1.7320508	4.0	0.0	8.1	24.3	81.0	0.0	1000.0	1000.0	1383999	0.33812764	0.8140825	13.790276	0.15597796	-0.33889824	0.031886734	29682.68867135048
347	0.0	0.0	0.0	0.0	13.7	41.1	137.0	0.0	1000.0	1000.0	1387999	0.32625896	0.80123436	14.78667	0.09371767	-0.32726112	0.030067004	29767.79740381241
348	24.0	38.151016	90.0	0.0	10.5	30.190231	101.0	0.0	1000.0	1000.0	1391999	0.32544637	0.8248907	14.788036	0.12593164	-0.3267125	0.036077026	29855.064525604248
349	0.0	0.0	0.0	0.0	12.9	38.7	129.0	0.0	1000.0	1000.0	1395999	0.3218528	0.79354113	14.203736	0.14898762	-0.32326576	0.030107906	29944.287707567215
350	1.0	1.7320508	4.0	0.0	0.0	0.0	0.0	0.0	1000.0	1000.0	1399999	0.3271863	0.8230289	15.167471	0.12809397	-0.32877064	0.03082979	30032.340109825134
351	32.75	56.724663	131.0	0.0	0.4	1.1999999	4.0	0.0	1000.0	1000.0	1403999	0.3389975	0.88039947	15.868462	0.1411785	-0.3410302	0.033605367	30117.61591053009
352	0.0	0.0	0.0	0.0	0.9	1.3747727	3.0	0.0	1000.0	1000.0	1407999	0.35668057	0.9321738	15.453907	0.05361832	-0.3591758	0.03494674	30202.983540296555
353	0.0	0.0	0.0	0.0	5.3	14.926823	50.0	0.0	1000.0	1000.0	1411999	0.37748206	0.9697382	15.748781	-0.046466544	-0.3804598	0.03471491	30288.149171113968
354	1.0	1.7320508	4.0	0.0	0.2	0.59999996	2.0	0.0	1000.0	1000.0	1415999	0.3832422	1.0078595	16.47047	-0.3212179	-0.38612536	0.034899227	30374.65896296501
355	0.5	0.8660254	2.0	0.0	0.0	0.0	0.0	0.0	1000.0	1000.0	1419999	0.4026744	1.1166149	20.199251	-0.7041822	-0.40547884	0.040336598	30462.021945476532
356	0.5	0.8660254	2.0	0.0	1.0	2.0	5.0	0.0	1000.0	1000.0	1423999	0.40509188	1.1972048	21.902426	-0.91882074	-0.40713167	0.042227603	30551.56783413887
357	25.25	43.734283	101.0	0.0	0.3	0.90000004	3.0	0.0	1000.0	1000.0	1427999	0.4017882	1.1620207	18.960567	-1.0425872	-0.4036428	0.041663267	30637.08054471016
358	0.0	0.0	0.0	0.0	0.4	1.1999999	4.0	0.0	1000.0	1000.0	1431999	0.39784735	1.0928999	18.28206	-1.0892814	-0.39963022	0.04714297	30724.359809160233
359	0.75	1.299038	3.0	0.0	11.1	33.3	111.0	0.0	1000.0	1000.0	1435999	0.38643375	1.0190227	17.0035	-1.4270735	-0.3879958	0.041391693	30813.758722782135
360	33.25	56.441895	131.0	0.0	1.0	1.5491934	4.0	0.0	1000.0	1000.0	1439999	0.3684895	0.95856196	16.999939	-1.7917013	-0.3698216	0.03854595	30903.151266098022
361	20.5	33.23778	78.0	0.0	8.0	24.0	80.0	0.0	1000.0	1000.0	1443999	0.36333796	0.95077527	16.931147	-2.1956646	-0.36458722	0.041147456	30991.151396751404
362	0.0	0.0	0.0	0.0	0.0	0.0	0.0	0.0	1000.0	1000.0	1447999	0.3528938	0.9243807	17.293688	-2.1187153	-0.35405192	0.03832605	31076.655006170273
363	0.0	0.0	0.0	0.0	0.3	0.90000004	3.0	0.0	1000.0	1000.0	1451999	0.3607804	0.96644133	16.545036	-2.0176525	-0.36218047	0.04621371	31161.762221813202
364	0.75	1.299038	3.0	0.0	0.0	0.0	0.0	0.0	1000.0	1000.0	1455999	0.35914108	0.94325185	15.991882	-1.8071849	-0.36047676	0.044856116	31247.11876988411
365	0.0	0.0	0.0	0.0	11.3	32.579285	109.0	0.0	1000.0	1000.0	1459999	0.34372044	0.86700225	15.535915	-1.6344022	-0.3452894	0.03918483	31333.59503555298
366	0.0	0.0	0.0	0.0	4.8	13.090455	44.0	0.0	1000.0	1000.0	1463999	0.34335282	0.86909616	15.267139	-1.6718636	-0.3448808	0.04060515	31419.192200660706
367	0.0	0.0	0.0	0.0	1.2	1.4696939	3.0	0.0	1000.0	1000.0	1467999	0.33127472	0.8347851	14.932815	-2.797901	-0.33276576	0.036990438	31506.40518260002
368	0.0	0.0	0.0	0.0	19.9	40.458496	123.0	0.0	1000.0	1000.0	1471999	0.3133025	0.79284006	15.07549	-2.970792	-0.31436768	0.03586757	31595.663934469223
369	26.5	45.899345	106.0	0.0	0.0	0.0	0.0	0.0	1000.0	1000.0	1475999	0.30004364	0.7573555	15.540978	-3.008112	-0.30079046	0.038577016	31684.864850521088
370	0.0	0.0	0.0	0.0	10.5	31.5	105.0	0.0	1000.0	1000.0	1479999	0.29299793	0.77301246	15.87916	-2.3031018	-0.2937457	0.03881846	31774.365371227264
371	0.0	0.0	0.0	0.0	0.3	0.90000004	3.0	0.0	1000.0	1000.0	1483999	0.2816	0.7441979	16.492313	-2.411054	-0.2818996	0.036380515	31861.47213292122
372	1.0	1.7320508	4.0	0.0	0.3	0.90000004	3.0	0.0	1000.0	1000.0	1487999	0.27985278	0.76288795	21.249842	-2.1911309	-0.2800895	0.03697488	31950.839123487473
373	33.25	57.59069	133.0	0.0	0.0	0.0	0.0	0.0	1000.0	1000.0	1491999	0.28255025	0.779467	22.002872	-2.187249	-0.28240684	0.038993847	32040.01290988922
374	0.0	0.0	0.0	0.0	0.3	0.90000004	3.0	0.0	1000.0	1000.0	1495999	0.29516718	0.87545985	24.159388	-2.1145387	-0.29492897	0.044140898	32127.936292886734
375	22.75	39.404156	91.0	0.0	8.4	22.909388	77.0	0.0	1000.0	1000.0	1499999	0.3114525	0.9629673	26.293201	-1.7829037	-0.31115383	0.04885605	32213.860010385513
376	0.5	0.8660254	2.0	0.0	4.8	14.069826	47.0	0.0	1000.0	1000.0	1503999	0.31908348	0.98354274	26.24685	-2.0501692	-0.3191226	0.047408853	32299.113598823547
377	0.25	0.4330127	1.0	0.0	11.2	30.973537	104.0	0.0	1000.0	1000.0	1507999	0.32606438	1.0171527	28.717949	-1.3839489	-0.32592872	0.047155306	32384.61789894104
378	0.0	0.0	0.0	0.0	0.4	1.1999999	4.0	0.0	1000.0	1000.0	1511999	0.336286	1.09078	30.54728	-1.4398907	-0.33664683	0.0490166	32472.072131872177
379	0.0	0.0	0.0	0.0	0.0	0.0	0.0	0.0	1000.0	1000.0	1515999	0.34145483	1.1037406	25.883204	-1.6470182	-0.3421039	0.04403601	32559.44116783142
380	0.75	1.299038	3.0	0.0	0.6	1.2806249	4.0	0.0	1000.0	1000.0	1519999	0.36057562	1.1724358	26.757278	-1.5506718	-0.3609445	0.045707893	32645.023345947266
381	0.5	0.8660254	2.0	0.0	0.4	1.1999999	4.0	0.0	1000.0	1000.0	1523999	0.3710934	1.2173207	26.074736	-1.3559232	-0.37165698	0.04229455	32730.359719991684
382	0.0	0.0	0.0	0.0	8.3	24.9	83.0	0.0	1000.0	1000.0	1527999	0.37060183	1.2140291	26.944635	-2.0247633	-0.37102118	0.041488923	32815.65909934044
383	0.0	0.0	0.0	0.0	0.0	0.0	0.0	0.0	1000.0	1000.0	1531999	0.3735662	1.2110176	25.686975	-2.8303475	-0.37422797	0.04041853	32900.98898053169
384	1.25	2.1650636	5.0	0.0	0.0	0.0	0.0	0.0	1000.0	1000.0	1535999	0.37639606	1.2028581	24.60182	-2.4206352	-0.37713337	0.03642308	32987.6498632431
385	27.0	45.049973	105.0	0.0	0.0	0.0	0.0	0.0	1000.0	1000.0	1539999	0.3806272	1.1581156	20.450027	-2.650855	-0.3816288	0.03624058	33076.73795890808
386	29.75	51.52851	119.0	0.0	0.5	1.5	5.0	0.0	1000.0	1000.0	1543999	0.3770988	1.0845181	19.268314	-1.4550934	-0.37882566	0.03361424	33166.26633691788
387	0.0	0.0	0.0	0.0	18.7	36.502193	97.0	0.0	1000.0	1000.0	1547999	0.37051913	1.0557275	19.624336	-0.73023075	-0.3732644	0.034172416	33255.495019197464
388	1.0	1.7320508	4.0	0.0	12.0	33.03029	111.0	0.0	1000.0	1000.0	1551999	0.3755905	1.1075487	19.565788	-0.3430154	-0.37890288	0.03553266	33344.80887722969
389	0.75	1.299038	3.0	0.0	0.5	1.024695	3.0	0.0	1000.0	1000.0	1555999	0.38047913	1.1878821	21.059242	-0.89693034	-0.38420275	0.040522642	33430.59737324715
390	47.25	47.31477	98.0	0.0	1.1	1.8138357	5.0	0.0	1000.0	1000.0	1559999	0.37635964	1.1980152	23.370993	-1.6485497	-0.38042405	0.04226943	33518.061532497406
391	0.5	0.8660254	2.0	0.0	5.5	14.9080515	50.0	0.0	1000.0	1000.0	1563999	0.35902467	1.1635282	26.338701	-1.3674123	-0.362626	0.039657157	33605.42519426346
392	0.0	0.0	0.0	0.0	11.8	34.411625	115.0	0.0	1000.0	1000.0	1567999	0.3445894	1.0991364	22.947424	-2.6783845	-0.3467554	0.04198045	33690.912920475006
393	0.25	0.4330127	1.0	0.0	12.2	35.611233	119.0	0.0	1000.0	1000.0	1571999	0.32207522	0.9863182	21.394608	-2.6043036	-0.3232423	0.040899776	33776.24277162552
394	1.25	2.1650636	5.0	0.0	0.7	1.4177446	4.0	0.0	1000.0	1000.0	1575999	0.3088043	0.9265418	18.21065	-2.6050007	-0.3090111	0.042196434	33861.856474876404
395	29.5	51.095497	118.0	0.0	0.4	1.1999999	4.0	0.0	1000.0	1000.0	1579999	0.2984421	0.85696125	16.747902	-3.373227	-0.29825225	0.04059274	33947.14795041084
396	0.0	0.0	0.0	0.0	0.0	0.0	0.0	0.0	1000.0	1000.0	1583999	0.29488096	0.8475754	16.502626	-3.3543224	-0.2946977	0.038090404	34033.42595767975
397	0.0	0.0	0.0	0.0	0.8	1.6613247	5.0	0.0	1000.0	1000.0	1587999	0.30327752	0.87208873	16.817072	-3.4366775	-0.30296198	0.040554266	34120.64385795593
398	0.0	0.0	0.0	0.0	0.0	0.0	0.0	0.0	1000.0	1000.0	1591999	0.31148666	0.88160473	18.1827	-2.1217568	-0.31091204	0.043975104	34208.18557333946
399	0.0	0.0	0.0	0.0	25.1	49.300003	130.0	0.0	1000.0	1000.0	1595999	0.3099241	0.8864475	20.520742	-1.5870649	-0.3092165	0.042829644	34298.128916502
400	0.0	0.0	0.0	0.0	0.7	1.1874342	3.0	0.0	1000.0	1000.0	1599999	0.308346	0.8960268	20.815386	-2.482157	-0.30753246	0.042589694	34386.637171030045
401	1.5	1.5	3.0	0.0	0.4	1.1999999	4.0	0.0	1000.0	1000.0	1603999	0.29456982	0.84670985	16.283405	-0.75628877	-0.29332176	0.042527925	34472.97966885567
402	15.5	26.846788	62.0	0.0	6.7	20.099998	67.0	0.0	1000.0	1000.0	1607999	0.2848078	0.82733446	16.042704	-0.95727247	-0.28332973	0.040519014	34559.013556957245
403	0.0	0.0	0.0	0.0	8.6	24.816124	83.0	0.0	1000.0	1000.0	1611999	0.29030696	0.90814066	18.259247	-0.8703606	-0.28864214	0.04868978	34648.55968618393
404	0.0	0.0	0.0	0.0	0.4	1.1999999	4.0	0.0	1000.0	1000.0	1615999	0.27226973	0.84280723	19.069332	-0.96702063	-0.27049673	0.045116626	34737.57099986076
405	1.0	1.7320508	4.0	0.0	0.0	0.0	0.0	0.0	1000.0	1000.0	1619999	0.26594326	0.8457606	18.410225	-1.4933393	-0.2640557	0.04534166	34825.55902004242
406	25.5	44.167297	102.0	0.0	1.3	1.8466185	5.0	0.0	1000.0	1000.0	1623999	0.26248878	0.86383265	19.989717	-1.7639971	-0.26061872	0.043238778	34910.775805711746
407	0.0	0.0	0.0	0.0	0.3	0.90000004	3.0	0.0	1000.0	1000.0	1627999	0.26487896	0.8603324	23.879375	-1.852776	-0.26311976	0.046176072	34996.11802625656
408	15.75	26.137856	61.0	0.0	0.3	0.90000004	3.0	0.0	1000.0	1000.0	1631999	0.26614773	0.8692852	17.758598	-1.5609711	-0.2644166	0.04623842	35084.022006988525
409	0.0	0.0	0.0	0.0	0.1	0.29999998	1.0	0.0	1000.0	1000.0	1635999	0.25865716	0.83396655	18.819862	-1.5095682	-0.25715944	0.04451599	35173.20776748657
410	0.0	0.0	0.0	0.0	0.0	0.0	0.0	0.0	1000.0	1000.0	1639999	0.25306413	0.8209316	18.908459	-1.5417789	-0.2514547	0.043789834	35262.45752263069
411	0.0	0.0	0.0	0.0	11.7	35.1	117.0	0.0	1000.0	1000.0	1643999	0.25125808	0.8454662	18.693577	-2.1563418	-0.24977887	0.04441659	35351.472387075424
412	46.75	46.76203	95.0	0.0	0.0	0.0	0.0	0.0	1000.0	1000.0	1647999	0.26541573	0.94156945	18.663004	-1.8138525	-0.26387927	0.047920838	35440.5909178257
413	0.5	0.8660254	2.0	0.0	14.3	28.837648	88.0	0.0	1000.0	1000.0	1651999	0.28782484	1.0384456	20.062405	-1.8235817	-0.2863462	0.05633561	35526.9953122139
414	0.0	0.0	0.0	0.0	0.4	1.1999999	4.0	0.0	1000.0	1000.0	1655999	0.2942177	1.0456932	20.638708	-1.4368733	-0.2930226	0.058555633	35612.242436409
415	0.5	0.8660254	2.0	0.0	0.5	1.024695	3.0	0.0	1000.0	1000.0	1659999	0.29398778	0.99559855	19.8229	-1.4441984	-0.29315105	0.053929206	35699.03003692627
416	0.0	0.0	0.0	0.0	0.8	1.6	4.0	0.0	1000.0	1000.0	1663999	0.30673718	1.0179266	18.662605	-1.8498482	-0.30601892	0.053278223	35787.38940191269
417	0.0	0.0	0.0	0.0	13.6	28.69216	94.0	0.0	1000.0	1000.0	1667999	0.32027388	1.0642278	19.66328	-1.9416747	-0.3194733	0.054165162	35874.105600357056
418	1.0	1.7320508	4.0	0.0	0.0	0.0	0.0	0.0	1000.0	1000.0	1671999	0.3334836	1.1284219	22.043356	-1.8902985	-0.3326814	0.0619393	35962.18026590347
419	0.75	1.299038	3.0	0.0	0.0	0.0	0.0	0.0	1000.0	1000.0	1675999	0.32870677	1.0774705	22.683823	-2.098547	-0.32829207	0.05588045	36047.34309387207
420	1.25	1.299038	3.0	0.0	8.7	24.795362	83.0	0.0	1000.0	1000.0	1679999	0.3358056	1.0710522	20.93849	-1.8740335	-0.33573845	0.05565413	36132.5984582901
421	0.0	0.0	0.0	0.0	0.0	0.0	0.0	0.0	1000.0	1000.0	1683999	0.35139015	1.1028469	20.981592	-2.6625216	-0.35192183	0.055555284	36217.94788622856
422	0.0	0.0	0.0	0.0	21.5	43.71327	131.0	0.0	1000.0	1000.0	1687999	0.3705734	1.1457644	23.344378	-2.5975926	-0.37108105	0.056227975	36306.68528985977
423	26.25	45.466335	105.0	0.0	0.4	1.1999999	4.0	0.0	1000.0	1000.0	1691999	0.389654	1.2058369	23.662064	-2.9693198	-0.39005595	0.06266685	36392.780651807785
424	0.25	0.4330127	1.0	0.0	0.4	1.1999999	4.0	0.0	1000.0	1000.0	1695999	0.39834288	1.1835376	21.615574	-3.170579	-0.39902663	0.065446734	36479.608618974686
425	0.0	0.0	0.0	0.0	0.8	1.6	4.0	0.0	1000.0	1000.0	1699999	0.41004574	1.1662549	21.744686	-3.0450778	-0.41091266	0.059635017	36565.64550232887
426	16.0	27.712812	64.0	0.0	0.9	1.8138357	5.0	0.0	1000.0	1000.0	1703999	0.42558253	1.1863668	18.858644	-2.4016223	-0.42701048	0.05849361	36654.70439052582
427	1.5	2.598076	6.0	0.0	13.2	39.600002	132.0	0.0	1000.0	1000.0	1707999	0.44826353	1.2289277	21.064749	-1.3213047	-0.44987458	0.06233317	36740.79119515419
428	0.0	0.0	0.0	0.0	0.3	0.90000004	3.0	0.0	1000.0	1000.0	1711999	0.46691012	1.2475172	21.763418	-1.2544726	-0.46885443	0.06267613	36827.08289170265
429	0.75	1.299038	3.0	0.0	0.9	1.8138357	5.0	0.0	1000.0	1000.0	1715999	0.481901	1.2310042	21.358387	-1.1147797	-0.4845101	0.059572212	36916.014162778854
430	0.0	0.0	0.0	0.0	10.0	28.691462	96.0	0.0	1000.0	1000.0	1719999	0.49492687	1.2279805	20.39761	-0.78764427	-0.49746343	0.058041178	37002.151518821716
431	0.0	0.0	0.0	0.0	13.6	39.48468	132.0	0.0	1000.0	1000.0	1723999	0.51953566	1.2429881	21.326477	-1.5598426	-0.5224845	0.058431476	37090.086736917496
432	31.75	54.992615	127.0	0.0	10.5	30.513111	102.0	0.0	1000.0	1000.0	1727999	0.5386755	1.2444319	20.72668	-1.0688634	-0.54239047	0.054277897	37176.08235955238
433	0.0	0.0	0.0	0.0	0.0	0.0	0.0	0.0	1000.0	1000.0	1731999	0.57731396	1.2747793	22.688984	-1.3356398	-0.5819878	0.053576212	37262.59578895569
434	29.5	51.095497	118.0	0.0	0.0	0.0	0.0	0.0	1000.0	1000.0	1735999	0.6301856	1.3639345	23.917841	-1.8941239	-0.6360729	0.060404435	37349.978021621704
435	1.0	1.7320508	4.0	0.0	0.4	1.1999999	4.0	0.0	1000.0	1000.0	1739999	0.70942366	1.4686563	25.80866	-2.8241596	-0.7166097	0.06602376	37438.3546538353
436	0.0	0.0	0.0	0.0	0.4	1.1999999	4.0	0.0	1000.0	1000.0	1743999	0.77933735	1.481909	25.606773	-3.9796083	-0.7882516	0.068382554	37527.61225938797
437	0.0	0.0	0.0	0.0	0.2	0.59999996	2.0	0.0	1000.0	1000.0	1747999	0.8464212	1.4853802	25.734882	-4.2355857	-0.8562737	0.06729027	37616.98103141785
438	0.75	1.299038	3.0	0.0	12.8	38.399998	128.0	0.0	1000.0	1000.0	1751999	0.91233665	1.4602523	25.230389	-4.454651	-0.9229912	0.06376546	37704.560516119
439	0.0	0.0	0.0	0.0	10.3	29.913374	100.0	0.0	1000.0	1000.0	1755999	0.97337526	1.4233559	24.455381	-5.2995396	-0.9842571	0.06311726	37789.71669960022
440	17.5	30.310888	70.0	0.0	8.6	25.800001	86.0	0.0	1000.0	1000.0	1759999	1.018985	1.3553473	23.621693	-6.352853	-1.0300769	0.057572402	37875.07988524437
441	0.0	0.0	0.0	0.0	1.0	3.0	10.0	0.0	1000.0	1000.0	1763999	1.0544261	1.3087151	22.38905	-6.970459	-1.0647749	0.05549785	37960.49138355255
442	27.0	46.765373	108.0	0.0	0.0	0.0	0.0	0.0	1000.0	1000.0	1767999	1.0788996	1.3606099	21.489422	-7.8800745	-1.0870183	0.060515203	38048.271666288376
443	0.0	0.0	0.0	0.0	12.1	36.3	121.0	0.0	1000.0	1000.0	1771999	1.0359869	1.431045	21.0671	-8.420207	-1.040003	0.06218442	38133.88483476639
444	0.0	0.0	0.0	0.0	4.5	12.847178	43.0	0.0	1000.0	1000.0	1775999	0.91234905	1.5824895	22.736662	-8.476655	-0.9108585	0.06060348	38222.470626592636
445	0.0	0.0	0.0	0.0	11.6	34.8	116.0	0.0	1000.0	1000.0	1779999	0.7006374	1.780423	21.405409	-8.628314	-0.69274044	0.061063226	38311.85794830322
446	0.0	0.0	0.0	0.0	0.4	1.1999999	4.0	0.0	1000.0	1000.0	1783999	0.4406634	2.0171697	24.41769	-8.635658	-0.4282124	0.06764586	38401.27537202835
447	62.0	62.01613	126.0	0.0	0.0	0.0	0.0	0.0	1000.0	1000.0	1787999	0.15976882	2.1968265	22.591032	-8.5133	-0.14422117	0.06805645	38489.60241961479
448	0.0	0.0	0.0	0.0	11.7	34.11173	114.0	0.0	1000.0	1000.0	1791999	-0.107001595	2.3053172	21.683956	-8.109926	0.12451488	0.06905653	38578.660675525665
449	0.0	0.0	0.0	0.0	0.0	0.0	0.0	0.0	1000.0	1000.0	1795999	-0.344585	2.3751547	23.778557	-7.9401517	0.36366737	0.07353293	38667.836788892746
450	0.0	0.0	0.0	0.0	11.1	31.668438	106.0	0.0	1000.0	1000.0	1799999	-0.5610324	2.356498	24.75555	-8.166303	0.5809241	0.075582065	38756.467302560806
451	0.75	0.8291562	2.0	0.0	0.4	1.1999999	4.0	0.0	1000.0	1000.0	1803999	-0.76454854	2.3032658	22.826355	-8.327929	0.78469855	0.07112595	38845.68772268295
452	0.0	0.0	0.0	0.0	0.2	0.59999996	2.0	0.0	1000.0	1000.0	1807999	-0.91133726	2.217264	22.487408	-8.168813	0.93156886	0.07562631	38931.63836789131
453	0.0	0.0	0.0	0.0	0.0	0.0	0.0	0.0	1000.0	1000.0	1811999	-1.038239	2.0853689	19.701818	-8.068789	1.0578054	0.070132114	39020.016484737396
454	1.0	1.7320508	4.0	0.0	14.2	41.283894	138.0	0.0	1000.0	1000.0	1815999	-1.140484	1.944924	20.592617	-7.4281683	1.1598818	0.07168024	39105.44391989708
455	0.75	1.299038	3.0	0.0	0.0	0.0	0.0	0.0	1000.0	1000.0	1819999	-1.2217952	1.7889048	18.887058	-6.9937196	1.2400715	0.07009924	39191.81753396988
456	0.0	0.0	0.0	0.0	0.0	0.0	0.0	0.0	1000.0	1000.0	1823999	-1.270058	1.6125735	20.114061	-6.5012374	1.2873232	0.060988832	39279.384588479996
457	0.0	0.0	0.0	0.0	0.5	1.5	5.0	0.0	1000.0	1000.0	1827999	-1.2874904	1.4688103	19.876442	-5.7506447	1.3033688	0.055695925	39364.79001331329
458	0.0	0.0	0.0	0.0	12.6	37.467854	125.0	0.0	1000.0	1000.0	1831999	-1.2624463	1.325789	17.9202	-5.051349	1.2768902	0.051251207	39449.89803099632
459	0.0	0.0	0.0	0.0	0.0	0.0	0.0	0.0	1000.0	1000.0	1835999	-1.216328	1.227172	18.061306	-4.4167185	1.2293096	0.04880079	39535.16627693176
460	0.0	0.0	0.0	0.0	0.0	0.0	0.0	0.0	1000.0	1000.0	1839999	-1.1524669	1.1358248	17.04309	-4.007939	1.1640475	0.049135637	39620.30635690689
461	0.0	0.0	0.0	0.0	1.1	1.7	4.0	0.0	1000.0	1000.0	1843999	-1.0810282	1.082453	17.361113	-3.8013682	1.0912646	0.052442018	39707.640662908554
462	0.0	0.0	0.0	0.0	0.8	1.6	4.0	0.0	1000.0	1000.0	1847999	-1.0004449	1.0244577	16.293587	-3.121955	1.009402	0.049745474	39795.760961055756
463	0.0	0.0	0.0	0.0	0.2	0.59999996	2.0	0.0	1000.0	1000.0	1851999	-0.9151408	0.9667891	18.0838	-3.0201347	0.92305654	0.04536205	39885.05406141281
464	0.0	0.0	0.0	0.0	0.0	0.0	0.0	0.0	1000.0	1000.0	1855999	-0.8156289	0.9686765	20.5028	-2.891104	0.8225425	0.04752189	39974.467276096344
465	8.75	15.155444	35.0	0.0	0.4	1.1999999	4.0	0.0	1000.0	1000.0	1859999	-0.7025291	1.0224296	18.038603	-2.817537	0.7082764	0.051127814	40063.59418916702
466	1.0	1.7320508	4.0	0.0	13.1	39.300003	131.0	0.0	1000.0	1000.0	1863999	-0.61259824	0.9584886	19.44213	-2.47615	0.6173711	0.04655677	40148.824733257294
467	1.25	2.1650636	5.0	0.0	0.2	0.59999996	2.0	0.0	1000.0	1000.0	1867999	-0.5156825	0.9660644	19.548397	-2.2349865	0.5196354	0.04440802	40234.11110830307
468	1.75	1.7853571	4.0	0.0	0.4	1.1999999	4.0	0.0	1000.0	1000.0	1871999	-0.4130292	1.0249792	20.006107	-2.0196686	0.41629687	0.047167696	40319.28303217888
469	0.0	0.0	0.0	0.0	23.7	46.43501	127.0	0.0	1000.0	1000.0	1875999	-0.3332742	1.0059652	19.895447	-1.817145	0.33634266	0.04593838	40404.60945940018
470	0.0	0.0	0.0	0.0	0.0	0.0	0.0	0.0	1000.0	1000.0	1879999	-0.25674248	1.0583582	20.34491	-1.6611165	0.25940832	0.052655563	40491.86630487442
471	1.0	1.7320508	4.0	0.0	0.8	1.6	4.0	0.0	1000.0	1000.0	1883999	-0.19235848	1.0804249	21.76548	-1.6874015	0.19517922	0.053593155	40577.12538576126
472	0.0	0.0	0.0	0.0	4.7	12.822246	43.0	0.0	1000.0	1000.0	1887999	-0.14822082	1.0492138	20.761995	-1.1965069	0.1510489	0.04976432	40662.28818035126
473	1.0	1.7320508	4.0	0.0	0.4	1.1999999	4.0	0.0	1000.0	1000.0	1891999	-0.09295207	1.0885365	21.886694	-1.2144201	0.09555952	0.053900618	40747.80812501907
474	30.5	52.82755	122.0	0.0	0.7	1.4177446	4.0	0.0	1000.0	1000.0	1895999	-0.065049246	1.0204966	21.186283	-1.0872211	0.06767602	0.046873536	40836.21843314171
475	0.0	0.0	0.0	0.0	13.3	38.246696	128.0	0.0	1000.0	1000.0	1899999	-0.038839623	0.99424034	21.063179	-0.9124159	0.0415888	0.047641207	40925.51828670502
476	0.0	0.0	0.0	0.0	0.4	1.1999999	4.0	0.0	1000.0	1000.0	1903999	-0.028515661	0.91800654	19.155058	-1.5834945	0.031277716	0.043512058	41011.942844867706
477	1.0	1.7320508	4.0	0.0	0.0	0.0	0.0	0.0	1000.0	1000.0	1907999	-0.010551595	0.93593377	18.205393	-1.3285364	0.013410899	0.044372313	41098.83824133873
478	0.0	0.0	0.0	0.0	13.8	28.301235	83.0	0.0	1000.0	1000.0	1911999	0.0043011815	0.94637525	18.939678	-1.5659078	-0.0012631753	0.045064155	41184.168211221695
479	27.75	45.78414	107.0	0.0	6.7	20.099998	67.0	0.0	1000.0	1000.0	1915999	0.010296115	0.9320759	20.17174	-1.006499	-0.00688488	0.045361783	41269.68844079971
480	28.25	48.930435	113.0	0.0	6.2	18.6	62.0	0.0	1000.0	1000.0	1919999	0.012078105	0.8952562	17.936617	-0.7145872	-0.0084510995	0.043700993	41355.278998851776
481	0.0	0.0	0.0	0.0	12.1	35.967903	120.0	0.0	1000.0	1000.0	1923999	0.016365072	0.89065737	17.091135	-0.6857123	-0.012645159	0.043016624	41440.47490024567
482	1.0	1.7320508	4.0	0.0	0.0	0.0	0.0	0.0	1000.0	1000.0	1927999	0.010763199	0.8269932	17.266266	-0.54137695	-0.0074930284	0.037055336	41525.65268754959
483	0.0	0.0	0.0	0.0	0.0	0.0	0.0	0.0	1000.0	1000.0	1931999	0.016418757	0.8230696	18.091776	-0.5481847	-0.013015264	0.037993897	41614.48475217819
484	0.0	0.0	0.0	0.0	9.7	29.1	97.0	0.0	1000.0	1000.0	1935999	0.030510362	0.8451676	17.061216	-0.8648047	-0.027181193	0.041913815	41703.72098875046
485	2.25	2.4874685	6.0	0.0	3.0	9.0	30.0	0.0	1000.0	1000.0	1939999	0.03828487	0.8465144	18.7085	-0.5618626	-0.035073854	0.03950837	41791.05771279335
486	6.0	10.392304	24.0	0.0	0.0	0.0	0.0	0.0	1000.0	1000.0	1943999	0.050997682	0.83838993	18.058617	-1.041491	-0.048210926	0.0391122	41878.668313503265
487	1.25	2.1650636	5.0	0.0	12.7	38.100002	127.0	0.0	1000.0	1000.0	1947999	0.06381406	0.79465955	16.662815	-0.59896344	-0.060981054	0.037533335	41966.12169480324
488	0.0	0.0	0.0	0.0	0.0	0.0	0.0	0.0	1000.0	1000.0	1951999	0.07888038	0.79944015	16.912594	-0.90574884	-0.076309755	0.037507433	42055.06813168526
489	1.5	1.6583124	4.0	0.0	5.4	13.320661	45.0	0.0	1000.0	1000.0	1955999	0.09233786	0.80192304	17.570454	-1.7808449	-0.08967039	0.03947437	42142.16719651222
490	0.0	0.0	0.0	0.0	0.4	1.1999999	4.0	0.0	1000.0	1000.0	1959999	0.10757433	0.83551425	17.85302	-1.4503355	-0.104706235	0.043338515	42227.49780988693
491	0.0	0.0	0.0	0.0	0.2	0.59999996	2.0	0.0	1000.0	1000.0	1963999	0.106825545	0.7750925	17.357313	-0.8705187	-0.10401145	0.03800258	42316.504529953
492	0.0	0.0	0.0	0.0	0.0	0.0	0.0	0.0	1000.0	1000.0	1967999	0.10491196	0.72196615	16.620903	-1.1236602	-0.102196194	0.034264848	42405.91312623024
493	0.25	0.4330127	1.0	0.0	0.3	0.90000004	3.0	0.0	1000.0	1000.0	1971999	0.12037396	0.74834853	15.73546	-0.793031	-0.11752491	0.0378386	42493.63336253166
494	0.0	0.0	0.0	0.0	0.1	0.29999998	1.0	0.0	1000.0	1000.0	1975999	0.12565099	0.76239836	17.643608	-1.3621143	-0.122880615	0.03787352	42578.961443424225
495	33.0	57.157677	132.0	0.0	16.5	36.056206	117.0	0.0	1000.0	1000.0	1979999	0.13144971	0.7623256	17.500048	-1.3234423	-0.12868348	0.03692547	42665.251240730286
496	0.0	0.0	0.0	0.0	12.6	36.810867	123.0	0.0	1000.0	1000.0	1983999	0.14394577	0.7901225	17.40022	-1.287178	-0.14125043	0.04022904	42754.56321620941
497	1.75	3.0310888	7.0	0.0	11.0	33.0	110.0	0.0	1000.0	1000.0	1987999	0.15489583	0.8136665	18.044197	-1.7422701	-0.15232265	0.03886498	42840.72877550125
498	0.0	0.0	0.0	0.0	12.8	36.763565	123.0	0.0	1000.0	1000.0	1991999	0.15119997	0.75296754	17.719852	-1.4609113	-0.14867511	0.03504438	42925.821794986725
499	0.0	0.0	0.0	0.0	0.4	1.1999999	4.0	0.0	1000.0	1000.0	1995999	0.1544587	0.7618233	17.644768	-1.1724633	-0.15204775	0.03671708	43011.15989565849
500	1.25	2.1650636	5.0	0.0	5.6	15.206578	51.0	0.0	1000.0	1000.0	1999999	0.163955	0.7880987	18.012587	-1.2102908	-0.16145164	0.039378762	43097.253551244736
