Epoch	AverageEpRet	StdEpRet	MaxEpRet	MinEpRet	AverageTestEpRet	StdTestEpRet	MaxTestEpRet	MinTestEpRet	EpLen	TestEpLen	TotalEnvInteracts	AverageQVals	StdQVals	MaxQVals	MinQVals	LossPi	LossQ	Time
1	0.0	0.0	0.0	0.0	4.4	13.2	44.0	0.0	1000.0	1000.0	3999	0.015303749	0.051657937	0.2055364	-0.38334733	-0.026300717	4.76062e-05	39.969099283218384
2	20.75	20.753012	42.0	0.0	0.0	0.0	0.0	0.0	1000.0	1000.0	7999	0.3772537	0.4983988	8.646404	-0.07713411	-0.4156289	0.0020267752	103.17399764060974
3	0.0	0.0	0.0	0.0	0.4	0.8	2.0	0.0	1000.0	1000.0	11999	1.570299	1.1782091	13.483222	-7.3531375	-1.6632859	0.0076195477	171.8604724407196
4	0.0	0.0	0.0	0.0	0.3	0.64031243	2.0	0.0	1000.0	1000.0	15999	2.08554	2.3178828	22.105577	-2.991669	-2.1256998	0.0041941535	238.44163632392883
5	0.0	0.0	0.0	0.0	0.0	0.0	0.0	0.0	1000.0	1000.0	19999	4.212179	14.49322	170.60432	-2.5991068	-4.2932544	0.02519813	296.0761544704437
6	1.0	1.7320508	4.0	0.0	11.2	33.600002	112.0	0.0	1000.0	1000.0	23999	17.130234	32.27299	163.47798	-2.0541604	-17.256237	0.028735649	364.46819257736206
7	0.0	0.0	0.0	0.0	0.0	0.0	0.0	0.0	1000.0	1000.0	27999	24.318254	32.85348	136.76164	-1.9442275	-24.414383	0.020143338	428.560653924942
8	0.0	0.0	0.0	0.0	0.8	1.2489996	3.0	0.0	1000.0	1000.0	31999	26.493305	28.911427	113.09527	-2.0620794	-26.559605	0.014991684	492.56371331214905
9	1.0	1.7320508	4.0	0.0	9.5	26.87471	90.0	0.0	1000.0	1000.0	35999	26.238976	24.445292	93.64381	-1.4047785	-26.287292	0.016546119	565.0040044784546
10	0.0	0.0	0.0	0.0	8.7	25.11593	84.0	0.0	1000.0	1000.0	39999	24.573263	20.264719	77.81719	-1.4561931	-24.593885	0.013915705	634.5708737373352
11	0.0	0.0	0.0	0.0	0.0	0.0	0.0	0.0	1000.0	1000.0	43999	22.125328	16.670853	64.64212	-1.1887844	-22.132076	0.015920935	701.8866391181946
12	0.0	0.0	0.0	0.0	20.2	41.801437	125.0	0.0	1000.0	1000.0	47999	19.340973	13.586726	53.07112	-1.40682	-19.343433	0.010557804	764.9919214248657
13	0.0	0.0	0.0	0.0	11.7	34.438496	115.0	0.0	1000.0	1000.0	51999	16.705946	11.028607	44.19506	-1.3006635	-16.699331	0.0106262015	828.3793513774872
14	28.75	49.79646	115.0	0.0	0.2	0.59999996	2.0	0.0	1000.0	1000.0	55999	14.193531	9.037847	36.17	-1.6751572	-14.182135	0.011959521	893.0874211788177
15	0.0	0.0	0.0	0.0	11.1	33.3	111.0	0.0	1000.0	1000.0	59999	11.97056	7.45997	29.85365	-1.2879708	-11.956477	0.010835966	961.4178509712219
16	0.0	0.0	0.0	0.0	0.2	0.59999996	2.0	0.0	1000.0	1000.0	63999	9.988032	6.2006965	24.484917	-1.2616205	-9.973983	0.010467925	1039.1767735481262
17	0.0	0.0	0.0	0.0	1.2	1.8330302	4.0	0.0	1000.0	1000.0	67999	8.27878	5.0826516	20.005653	-1.1979074	-8.265246	0.010598638	1123.2340919971466
18	0.75	1.299038	3.0	0.0	0.0	0.0	0.0	0.0	1000.0	1000.0	71999	6.8317437	4.1289706	16.653868	-0.89376473	-6.818079	0.00792668	1209.785635471344
19	1.0	1.7320508	4.0	0.0	12.3	36.9	123.0	0.0	1000.0	1000.0	75999	5.6141624	3.3381395	13.30676	-0.92422205	-5.6019983	0.007427068	1296.8509500026703
20	0.0	0.0	0.0	0.0	0.4	0.9165151	3.0	0.0	1000.0	1000.0	79999	4.5929418	2.6746874	11.048549	-0.81087005	-4.5824943	0.0071971454	1382.4974892139435
21	25.0	40.466034	95.0	0.0	0.0	0.0	0.0	0.0	1000.0	1000.0	83999	3.7567403	2.134452	8.8967085	-0.64479566	-3.7476506	0.007068615	1470.6612634658813
22	0.0	0.0	0.0	0.0	0.6	1.2	3.0	0.0	1000.0	1000.0	87999	3.0747218	1.6924183	7.6013856	-1.1501462	-3.0673344	0.007860722	1559.3350298404694
23	1.0	1.7320508	4.0	0.0	8.3	24.9	83.0	0.0	1000.0	1000.0	91999	2.5324352	1.3385874	5.904407	-0.65563214	-2.5264022	0.0073566455	1646.8305535316467
24	20.75	35.940056	83.0	0.0	0.3	0.90000004	3.0	0.0	1000.0	1000.0	95999	2.1110914	1.0580565	5.932846	-0.33502987	-2.1067364	0.007443133	1733.6606249809265
25	0.0	0.0	0.0	0.0	0.3	0.90000004	3.0	0.0	1000.0	1000.0	99999	1.7850097	0.83851826	5.097051	-0.49117038	-1.7821062	0.007012122	1820.03652882576
26	0.0	0.0	0.0	0.0	0.5	1.5	5.0	0.0	1000.0	1000.0	103999	1.5259379	0.6657596	5.1984277	-0.52836716	-1.5247005	0.0069355657	1904.4528186321259
27	0.0	0.0	0.0	0.0	0.4	1.1999999	4.0	0.0	1000.0	1000.0	107999	1.3323982	0.5257964	6.9503903	-0.8153216	-1.3326651	0.006409778	1989.0679965019226
28	30.75	53.260563	123.0	0.0	11.4	32.888294	110.0	0.0	1000.0	1000.0	111999	1.1815221	0.42123112	5.9298787	-0.66090196	-1.181511	0.0066460804	2073.5857820510864
29	0.0	0.0	0.0	0.0	0.4	0.91651505	3.0	0.0	1000.0	1000.0	115999	1.0567372	0.38160917	5.567123	-1.3532279	-1.0567975	0.00690828	2158.787971496582
30	19.75	34.208004	79.0	0.0	0.0	0.0	0.0	0.0	1000.0	1000.0	119999	0.96786046	0.38349393	6.3733478	-0.83492744	-0.9686762	0.0072486545	2244.6734223365784
31	30.0	51.961525	120.0	0.0	13.7	41.1	137.0	0.0	1000.0	1000.0	123999	0.901017	0.4075005	6.3966875	-1.0238783	-0.90153104	0.008269156	2331.150313138962
32	0.0	0.0	0.0	0.0	0.4	1.1999999	4.0	0.0	1000.0	1000.0	127999	0.8645535	0.45562565	7.2345853	-1.221127	-0.8656328	0.0088555245	2417.4608018398285
33	0.0	0.0	0.0	0.0	12.7	36.122158	121.0	0.0	1000.0	1000.0	131999	0.83565825	0.50765646	7.395673	-1.9103911	-0.8365845	0.008116836	2502.2907164096832
34	0.0	0.0	0.0	0.0	0.4	1.1999999	4.0	0.0	1000.0	1000.0	135999	0.8190115	0.53245604	6.852354	-2.071688	-0.82132864	0.008383193	2590.0228836536407
35	0.5	0.8660254	2.0	0.0	0.0	0.0	0.0	0.0	1000.0	1000.0	139999	0.8162175	0.5739513	7.248114	-2.5113592	-0.8187754	0.008365906	2678.691831111908
36	28.0	48.49742	112.0	0.0	0.5	1.5	5.0	0.0	1000.0	1000.0	143999	0.81055474	0.5973056	7.4018784	-2.623264	-0.81211036	0.009228507	2764.9528245925903
37	0.0	0.0	0.0	0.0	29.3	46.84453	117.0	0.0	1000.0	1000.0	147999	0.79683745	0.6174463	7.484436	-2.8085575	-0.79850453	0.008916651	2850.8254346847534
38	0.0	0.0	0.0	0.0	0.0	0.0	0.0	0.0	1000.0	1000.0	151999	0.7783622	0.64702517	7.769648	-3.0285008	-0.7789722	0.009260706	2935.3119983673096
39	0.0	0.0	0.0	0.0	22.4	44.90924	119.0	0.0	1000.0	1000.0	155999	0.74949384	0.6883297	6.1277165	-3.2042718	-0.75055164	0.009830457	3021.6450250148773
40	0.0	0.0	0.0	0.0	0.0	0.0	0.0	0.0	1000.0	1000.0	159999	0.7307191	0.70823103	6.3291645	-3.1630945	-0.7319267	0.01027549	3110.413565158844
41	0.0	0.0	0.0	0.0	5.4	16.199999	54.0	0.0	1000.0	1000.0	163999	0.73404163	0.7177117	6.701943	-2.9956129	-0.7363283	0.010132046	3199.185104370117
42	2.0	2.0	4.0	0.0	0.0	0.0	0.0	0.0	1000.0	1000.0	167999	0.7444023	0.72446173	6.6608577	-2.892096	-0.7452559	0.010215283	3283.9416193962097
43	0.75	1.299038	3.0	0.0	0.0	0.0	0.0	0.0	1000.0	1000.0	171999	0.70963764	0.720635	8.228792	-2.7639074	-0.710107	0.0092804115	3369.275892972946
44	0.0	0.0	0.0	0.0	3.9	10.143471	34.0	0.0	1000.0	1000.0	175999	0.6867704	0.7222233	8.950218	-3.030977	-0.68774587	0.009516392	3458.021168231964
45	0.0	0.0	0.0	0.0	0.6	1.4966631	5.0	0.0	1000.0	1000.0	179999	0.68786854	0.7222604	7.865341	-3.1307905	-0.688917	0.0095756855	3546.853274822235
46	0.0	0.0	0.0	0.0	14.0	39.69131	133.0	0.0	1000.0	1000.0	183999	0.6636368	0.68094635	6.9217734	-2.9273517	-0.6648011	0.009893745	3635.6519861221313
47	31.75	54.992615	127.0	0.0	1.2	3.6000001	12.0	0.0	1000.0	1000.0	187999	0.6553089	0.6415774	7.5481997	-2.4974775	-0.65621954	0.010426167	3724.6151394844055
48	0.25	0.4330127	1.0	0.0	0.3	0.90000004	3.0	0.0	1000.0	1000.0	191999	0.62377846	0.5754797	7.9072447	-2.4688382	-0.62302965	0.009951254	3813.5241458415985
49	0.0	0.0	0.0	0.0	0.0	0.0	0.0	0.0	1000.0	1000.0	195999	0.59437704	0.5342492	6.949795	-2.1952512	-0.59382856	0.009084596	3902.611444234848
50	1.0	1.7320508	4.0	0.0	0.2	0.59999996	2.0	0.0	1000.0	1000.0	199999	0.59773546	0.5009798	7.887681	-1.6678292	-0.5965919	0.01188077	3988.983969449997
51	0.0	0.0	0.0	0.0	0.0	0.0	0.0	0.0	1000.0	1000.0	203999	0.56869566	0.44878423	7.539639	-1.1191483	-0.5675536	0.009491192	4075.9273250102997
52	0.0	0.0	0.0	0.0	0.0	0.0	0.0	0.0	1000.0	1000.0	207999	0.5424592	0.429938	8.166179	-1.1499984	-0.54143614	0.010891918	4163.714707374573
53	0.0	0.0	0.0	0.0	0.4	1.1999999	4.0	0.0	1000.0	1000.0	211999	0.49691388	0.38490012	8.364874	-1.4328895	-0.4960201	0.010312986	4252.462890386581
54	1.0	1.7320508	4.0	0.0	0.4	1.1999999	4.0	0.0	1000.0	1000.0	215999	0.4892226	0.37744567	9.700157	-1.3712293	-0.488805	0.009272688	4340.231028556824
55	1.25	1.299038	3.0	0.0	0.4	1.1999999	4.0	0.0	1000.0	1000.0	219999	0.4498565	0.36415508	9.393227	-1.1077764	-0.44880706	0.008856602	4429.4420120716095
56	22.25	38.53813	89.0	0.0	0.2	0.59999996	2.0	0.0	1000.0	1000.0	223999	0.4125187	0.37705496	11.241087	-1.3390143	-0.41208315	0.010714083	4515.638753890991
57	0.0	0.0	0.0	0.0	0.2	0.59999996	2.0	0.0	1000.0	1000.0	227999	0.38710156	0.3773173	10.907453	-1.3767514	-0.38636398	0.012036575	4600.320293426514
58	0.0	0.0	0.0	0.0	6.5	18.205769	61.0	0.0	1000.0	1000.0	231999	0.36755764	0.3991963	11.768453	-1.0847423	-0.36677283	0.013303588	4688.35918545723
59	0.0	0.0	0.0	0.0	1.1	1.7	4.0	0.0	1000.0	1000.0	235999	0.35977268	0.41926223	11.323585	-2.4571548	-0.35910517	0.014115036	4777.420438051224
60	0.5	0.8660254	2.0	0.0	0.3	0.90000004	3.0	0.0	1000.0	1000.0	239999	0.33947575	0.46052116	11.759466	-2.7414718	-0.33854693	0.016577259	4866.097010850906
61	0.0	0.0	0.0	0.0	0.5	1.5	5.0	0.0	1000.0	1000.0	243999	0.329089	0.47738424	11.640836	-2.2957416	-0.3292157	0.017859472	4955.116182088852
62	0.75	1.299038	3.0	0.0	0.0	0.0	0.0	0.0	1000.0	1000.0	247999	0.35248643	0.5165142	12.659628	-1.0455784	-0.35253072	0.019214008	5044.6841785907745
63	0.0	0.0	0.0	0.0	0.5	1.2041595	4.0	0.0	1000.0	1000.0	251999	0.34843427	0.5615305	14.181962	-1.0698805	-0.34832308	0.019900322	5132.648696422577
64	1.0	1.7320508	4.0	0.0	0.0	0.0	0.0	0.0	1000.0	1000.0	255999	0.3418127	0.564985	13.431459	-1.8513427	-0.3420818	0.020412352	5217.397529840469
65	0.0	0.0	0.0	0.0	13.1	37.985394	127.0	0.0	1000.0	1000.0	259999	0.34484085	0.59990513	14.906499	-2.0544922	-0.345191	0.020242853	5304.0182909965515
66	0.0	0.0	0.0	0.0	0.0	0.0	0.0	0.0	1000.0	1000.0	263999	0.34903204	0.59910184	13.042474	-1.2631745	-0.34914982	0.019360928	5393.3766276836395
67	1.0	1.7320508	4.0	0.0	11.8	34.411625	115.0	0.0	1000.0	1000.0	267999	0.34571195	0.59030527	12.506862	-1.6157846	-0.34605414	0.018949036	5482.5586478710175
68	0.0	0.0	0.0	0.0	0.0	0.0	0.0	0.0	1000.0	1000.0	271999	0.36203235	0.62693506	11.7214775	-2.7726068	-0.36324885	0.020278348	5567.837549686432
69	0.0	0.0	0.0	0.0	0.0	0.0	0.0	0.0	1000.0	1000.0	275999	0.38008523	0.6655913	12.651398	-2.4163063	-0.3813717	0.021712141	5655.230338096619
70	29.0	47.947887	112.0	0.0	1.3	2.0024984	5.0	0.0	1000.0	1000.0	279999	0.40144032	0.6980201	13.052208	-1.7703581	-0.40282544	0.021414477	5744.537924289703
71	1.0	1.7320508	4.0	0.0	11.2	33.600002	112.0	0.0	1000.0	1000.0	283999	0.4173212	0.73774916	12.78487	-1.7604867	-0.41853693	0.023744926	5830.372095346451
72	0.0	0.0	0.0	0.0	9.0	25.3535	85.0	0.0	1000.0	1000.0	287999	0.43166384	0.7559929	13.014939	-2.3284564	-0.4332796	0.02417999	5915.2123057842255
73	0.75	1.299038	3.0	0.0	16.8	40.06195	134.0	0.0	1000.0	1000.0	291999	0.4481704	0.7881014	14.465255	-2.594417	-0.44959822	0.026056537	6002.353201150894
74	0.0	0.0	0.0	0.0	0.0	0.0	0.0	0.0	1000.0	1000.0	295999	0.4419359	0.7743837	14.745324	-2.8356776	-0.4429875	0.026554225	6091.754818439484
75	0.0	0.0	0.0	0.0	0.7	1.4177446	4.0	0.0	1000.0	1000.0	299999	0.41196784	0.7121365	15.196639	-3.3951366	-0.4125887	0.022806915	6181.124136686325
76	0.0	0.0	0.0	0.0	11.1	33.3	111.0	0.0	1000.0	1000.0	303999	0.40721792	0.6938625	13.937434	-4.065977	-0.40808702	0.021544216	6267.402508735657
77	0.0	0.0	0.0	0.0	0.3	0.90000004	3.0	0.0	1000.0	1000.0	307999	0.409962	0.6890051	15.277386	-3.7039127	-0.41053143	0.0215914	6354.5115439891815
78	34.25	59.32274	137.0	0.0	10.8	30.749958	103.0	0.0	1000.0	1000.0	311999	0.41547462	0.698821	13.194503	-3.1916997	-0.41620952	0.02397283	6443.761241912842
79	1.25	2.1650636	5.0	0.0	7.8	22.080761	74.0	0.0	1000.0	1000.0	315999	0.42765504	0.7165938	12.0712185	-3.411761	-0.42839855	0.02522441	6528.669116973877
80	0.0	0.0	0.0	0.0	0.0	0.0	0.0	0.0	1000.0	1000.0	319999	0.43071562	0.706143	11.748774	-3.1437883	-0.43166322	0.025070801	6617.038115978241
81	31.75	52.708515	123.0	0.0	10.4	28.566414	96.0	0.0	1000.0	1000.0	323999	0.45792153	0.705104	12.810758	-3.2862055	-0.4591084	0.026052052	6702.270681619644
82	0.25	0.4330127	1.0	0.0	12.9	37.385693	125.0	0.0	1000.0	1000.0	327999	0.47874948	0.7484761	14.314043	-3.5230308	-0.47931963	0.024775974	6787.408284902573
83	1.0	1.7320508	4.0	0.0	0.4	1.1999999	4.0	0.0	1000.0	1000.0	331999	0.4823029	0.7921285	13.799205	-4.308954	-0.4834828	0.027441658	6873.553407669067
84	0.0	0.0	0.0	0.0	0.0	0.0	0.0	0.0	1000.0	1000.0	335999	0.4921211	0.8341337	13.7552	-4.246322	-0.49310565	0.031084077	6959.798260211945
85	0.0	0.0	0.0	0.0	13.3	38.5851	129.0	0.0	1000.0	1000.0	339999	0.49159485	0.8343279	13.06194	-3.734258	-0.4922665	0.029575842	7044.668060064316
86	0.0	0.0	0.0	0.0	0.4	1.1999999	4.0	0.0	1000.0	1000.0	343999	0.46584168	0.78617334	14.549182	-1.9517915	-0.46548903	0.028021114	7129.485062122345
87	0.0	0.0	0.0	0.0	0.0	0.0	0.0	0.0	1000.0	1000.0	347999	0.45189974	0.76456404	14.232193	-2.054299	-0.4525045	0.028112426	7214.394956827164
88	0.0	0.0	0.0	0.0	0.6	1.8000001	6.0	0.0	1000.0	1000.0	351999	0.4530345	0.76824975	14.274608	-1.7918301	-0.45370317	0.026192352	7302.162721633911
89	1.0	1.7320508	4.0	0.0	0.3	0.64031243	2.0	0.0	1000.0	1000.0	355999	0.44777367	0.7955529	16.428005	-1.598762	-0.448199	0.028695095	7388.96425318718
90	0.0	0.0	0.0	0.0	21.7	44.452335	130.0	0.0	1000.0	1000.0	359999	0.4487016	0.81026983	16.37084	-1.5703903	-0.44930267	0.02809124	7474.114917516708
91	0.0	0.0	0.0	0.0	3.8	9.474175	32.0	0.0	1000.0	1000.0	363999	0.44481936	0.7987819	15.868386	-1.6625634	-0.44570264	0.028456472	7558.997606515884
92	76.75	48.41681	123.0	0.0	0.4	1.1999999	4.0	0.0	1000.0	1000.0	367999	0.4461833	0.81543434	14.932229	-2.7084565	-0.44696087	0.03034711	7646.8002824783325
93	0.0	0.0	0.0	0.0	3.6	9.840732	33.0	0.0	1000.0	1000.0	371999	0.44873747	0.80777395	13.925328	-1.818157	-0.4506064	0.029548714	7735.217856168747
94	0.0	0.0	0.0	0.0	0.0	0.0	0.0	0.0	1000.0	1000.0	375999	0.47170982	0.8731505	13.872309	-1.8327414	-0.4743681	0.033387158	7822.2315192222595
95	0.0	0.0	0.0	0.0	0.2	0.59999996	2.0	0.0	1000.0	1000.0	379999	0.49760363	0.92759734	14.466745	-2.1118147	-0.4999403	0.034602072	7909.072928190231
96	28.5	49.36345	114.0	0.0	0.0	0.0	0.0	0.0	1000.0	1000.0	383999	0.4970281	0.9350756	15.858337	-2.9546769	-0.49807873	0.0355094	7994.214902877808
97	30.25	52.394535	121.0	0.0	0.0	0.0	0.0	0.0	1000.0	1000.0	387999	0.49943906	0.9594204	15.588855	-2.4308224	-0.5008044	0.03637771	8079.4399564266205
98	0.0	0.0	0.0	0.0	0.8	1.6613247	5.0	0.0	1000.0	1000.0	391999	0.47611836	0.946831	15.386213	-2.4121165	-0.4766788	0.03902427	8166.890563249588
99	0.0	0.0	0.0	0.0	5.1	15.3	51.0	0.0	1000.0	1000.0	395999	0.45940462	0.92292464	15.5324	-2.7118764	-0.46013477	0.037448213	8251.932604551315
100	0.0	0.0	0.0	0.0	0.0	0.0	0.0	0.0	1000.0	1000.0	399999	0.44530925	0.9183903	16.989199	-2.8264604	-0.4455224	0.036926292	8338.882776737213
101	15.25	26.413774	61.0	0.0	11.5	23.087875	62.0	0.0	1000.0	1000.0	403999	0.41582757	0.92324615	18.033155	-3.48568	-0.41541877	0.037234887	8428.218343019485
102	0.0	0.0	0.0	0.0	0.0	0.0	0.0	0.0	1000.0	1000.0	407999	0.38578966	0.90670973	19.151981	-3.8037703	-0.38467634	0.037645575	8515.485728025436
103	0.0	0.0	0.0	0.0	12.4	35.886486	120.0	0.0	1000.0	1000.0	411999	0.34062147	0.8614141	18.219456	-3.4731078	-0.33951	0.03532213	8600.41680765152
104	0.0	0.0	0.0	0.0	0.3	0.90000004	3.0	0.0	1000.0	1000.0	415999	0.31223145	0.81925595	18.628666	-3.3195972	-0.31073195	0.03462297	8685.331732988358
105	0.0	0.0	0.0	0.0	3.6	10.8	36.0	0.0	1000.0	1000.0	419999	0.27973458	0.7773358	16.964314	-3.5668857	-0.27883628	0.033036217	8770.040225028992
106	0.0	0.0	0.0	0.0	0.4	1.1999999	4.0	0.0	1000.0	1000.0	423999	0.27149382	0.7901289	15.200771	-2.6335616	-0.27080578	0.0340609	8858.360276222229
107	0.0	0.0	0.0	0.0	11.8	35.399998	118.0	0.0	1000.0	1000.0	427999	0.26829854	0.8201121	16.8406	-2.95336	-0.2672969	0.033497848	8945.874103784561
108	0.0	0.0	0.0	0.0	22.7	43.90911	124.0	0.0	1000.0	1000.0	431999	0.26612046	0.8316391	16.121988	-3.0962434	-0.26528057	0.03627789	9030.789879322052
109	11.5	19.918585	46.0	0.0	0.0	0.0	0.0	0.0	1000.0	1000.0	435999	0.26127517	0.8139555	16.115704	-3.4483516	-0.26035443	0.035108257	9115.924923181534
110	1.0	1.7320508	4.0	0.0	15.7	31.496191	84.0	0.0	1000.0	1000.0	439999	0.2738175	0.87303203	15.180786	-3.2891889	-0.27300695	0.03787297	9201.17310142517
111	1.0	1.7320508	4.0	0.0	0.0	0.0	0.0	0.0	1000.0	1000.0	443999	0.2690798	0.83973294	16.072096	-3.424151	-0.26806203	0.037453167	9286.112932682037
112	0.0	0.0	0.0	0.0	0.0	0.0	0.0	0.0	1000.0	1000.0	447999	0.26444712	0.81159663	18.099539	-3.3145878	-0.26332808	0.032845166	9370.925060272217
113	0.5	0.8660254	2.0	0.0	12.6	36.48616	122.0	0.0	1000.0	1000.0	451999	0.26291618	0.82963836	17.46649	-3.576584	-0.26166	0.03619732	9458.909838676453
114	33.75	56.737885	132.0	0.0	17.7	35.08575	107.0	0.0	1000.0	1000.0	455999	0.2559152	0.81339633	14.757146	-3.8517177	-0.25483716	0.034277853	9543.907138586044
115	1.0	1.7320508	4.0	0.0	0.4	1.1999999	4.0	0.0	1000.0	1000.0	459999	0.27475208	0.87957674	16.287071	-4.106739	-0.27438807	0.03989357	9628.797942876816
116	0.0	0.0	0.0	0.0	13.0	37.68554	126.0	0.0	1000.0	1000.0	463999	0.27927133	0.8820703	16.2147	-4.081291	-0.27853101	0.037282877	9713.788404226303
117	7.0	12.124355	28.0	0.0	0.4	1.1999999	4.0	0.0	1000.0	1000.0	467999	0.28830886	0.91399264	17.1448	-4.010215	-0.28782946	0.039893057	9800.979313373566
118	0.0	0.0	0.0	0.0	0.6	1.2	3.0	0.0	1000.0	1000.0	471999	0.28601918	0.9076936	17.704224	-4.291537	-0.2855595	0.037900865	9887.434376239777
119	0.0	0.0	0.0	0.0	0.0	0.0	0.0	0.0	1000.0	1000.0	475999	0.27313286	0.8706389	18.554882	-3.6126335	-0.27269137	0.034896817	9975.62077832222
120	0.5	0.8660254	2.0	0.0	0.0	0.0	0.0	0.0	1000.0	1000.0	479999	0.2777115	0.9060416	17.808744	-3.5892017	-0.27722222	0.036454763	10065.19524359703
121	0.0	0.0	0.0	0.0	0.0	0.0	0.0	0.0	1000.0	1000.0	483999	0.29266974	0.9395243	17.387499	-3.2551389	-0.29201186	0.039262976	10154.815424919128
122	0.0	0.0	0.0	0.0	0.5	1.2041595	4.0	0.0	1000.0	1000.0	487999	0.2912889	0.9663541	17.959837	-4.0001345	-0.29057574	0.039199837	10242.838788032532
123	0.0	0.0	0.0	0.0	0.3	0.90000004	3.0	0.0	1000.0	1000.0	491999	0.29604846	0.9793714	17.402946	-3.1751544	-0.29580057	0.041015055	10331.795585393906
124	0.0	0.0	0.0	0.0	0.0	0.0	0.0	0.0	1000.0	1000.0	495999	0.3078254	1.0010546	17.740444	-3.413191	-0.30766243	0.04231797	10417.780042886734
125	0.75	1.299038	3.0	0.0	0.4	1.1999999	4.0	0.0	1000.0	1000.0	499999	0.3059886	0.9921846	18.678967	-4.1011305	-0.30506316	0.04135172	10504.190010547638
126	0.0	0.0	0.0	0.0	1.8	4.489989	15.0	0.0	1000.0	1000.0	503999	0.29817978	1.0001608	16.607498	-3.8113258	-0.29737544	0.04244849	10589.197941541672
127	0.0	0.0	0.0	0.0	16.0	32.97575	103.0	0.0	1000.0	1000.0	507999	0.3069002	1.0292288	17.64596	-3.8475833	-0.30639002	0.044245023	10674.270910024643
128	0.0	0.0	0.0	0.0	6.2	16.998823	57.0	0.0	1000.0	1000.0	511999	0.311824	1.0339247	18.76606	-4.084034	-0.3111932	0.0414011	10759.323367357254
129	0.0	0.0	0.0	0.0	9.6	28.46823	95.0	0.0	1000.0	1000.0	515999	0.30968907	0.9976544	18.560095	-3.5878487	-0.3087491	0.043182716	10844.486176490784
130	0.0	0.0	0.0	0.0	0.0	0.0	0.0	0.0	1000.0	1000.0	519999	0.29885152	0.9439921	17.83195	-3.4293087	-0.29796916	0.038468692	10929.433855772018
131	1.0	1.7320508	4.0	0.0	0.0	0.0	0.0	0.0	1000.0	1000.0	523999	0.29845676	0.9497426	16.317064	-2.900764	-0.29744127	0.04333384	11014.389944314957
132	0.25	0.4330127	1.0	0.0	0.0	0.0	0.0	0.0	1000.0	1000.0	527999	0.2894532	0.9171968	15.953506	-2.8914602	-0.28812864	0.03538568	11102.868680000305
133	0.0	0.0	0.0	0.0	0.0	0.0	0.0	0.0	1000.0	1000.0	531999	0.2796617	0.8784044	16.075474	-2.4171963	-0.27850306	0.03607216	11189.601103305817
134	0.0	0.0	0.0	0.0	0.5	1.5	5.0	0.0	1000.0	1000.0	535999	0.27895734	0.9034282	16.376778	-2.7113442	-0.27797785	0.03956978	11277.911005735397
135	1.0	1.7320508	4.0	0.0	10.7	30.789774	103.0	0.0	1000.0	1000.0	539999	0.275395	0.87353295	16.801111	-2.5569618	-0.27442133	0.037679017	11364.991402626038
136	1.0	1.7320508	4.0	0.0	3.8	10.438391	35.0	0.0	1000.0	1000.0	543999	0.27312583	0.84977895	16.901737	-3.1571162	-0.2722589	0.037828658	11450.771586179733
137	0.0	0.0	0.0	0.0	0.0	0.0	0.0	0.0	1000.0	1000.0	547999	0.27239424	0.83685005	18.402964	-2.7985942	-0.27177215	0.03555678	11540.339876413345
138	0.0	0.0	0.0	0.0	0.3	0.90000004	3.0	0.0	1000.0	1000.0	551999	0.27728432	0.79260164	16.18741	-2.163675	-0.27680352	0.03212827	11629.937012195587
139	0.5	0.8660254	2.0	0.0	0.9	1.5779734	4.0	0.0	1000.0	1000.0	555999	0.287994	0.8464871	17.126999	-1.9790322	-0.2871629	0.035260994	11719.132794380188
140	0.0	0.0	0.0	0.0	8.2	23.297213	78.0	0.0	1000.0	1000.0	559999	0.2907805	0.8629176	17.153416	-2.010819	-0.29003504	0.03489679	11806.721599578857
141	1.0	1.7320508	4.0	0.0	12.7	38.100002	127.0	0.0	1000.0	1000.0	563999	0.28409863	0.851554	17.248192	-3.148232	-0.28329855	0.03520437	11895.560061216354
142	0.0	0.0	0.0	0.0	0.5	1.5	5.0	0.0	1000.0	1000.0	567999	0.28492033	0.8800339	16.547476	-2.5885954	-0.28407156	0.0381496	11984.72365474701
143	0.0	0.0	0.0	0.0	10.3	29.913372	100.0	0.0	1000.0	1000.0	571999	0.2858832	0.8840568	17.851183	-2.7453787	-0.2852431	0.0377127	12070.447718381882
144	18.0	28.913664	68.0	0.0	13.3	38.91028	130.0	0.0	1000.0	1000.0	575999	0.288016	0.89562064	18.532692	-3.082132	-0.28739133	0.038964394	12159.892096757889
145	0.0	0.0	0.0	0.0	7.2	20.619408	69.0	0.0	1000.0	1000.0	579999	0.29267287	0.8594783	18.45036	-2.7649996	-0.29178417	0.035396803	12245.988501548767
146	2.0	2.1213202	5.0	0.0	0.1	0.29999998	1.0	0.0	1000.0	1000.0	583999	0.2779109	0.8110102	18.216026	-2.9427912	-0.2768066	0.03287194	12335.340864896774
147	1.25	2.1650636	5.0	0.0	0.0	0.0	0.0	0.0	1000.0	1000.0	587999	0.26975504	0.804415	16.770973	-2.823532	-0.2691302	0.032315034	12421.407169818878
148	0.0	0.0	0.0	0.0	9.9	29.699997	99.0	0.0	1000.0	1000.0	591999	0.27301398	0.854799	18.669004	-2.9076805	-0.27236032	0.03527688	12509.215178489685
149	0.0	0.0	0.0	0.0	0.3	0.90000004	3.0	0.0	1000.0	1000.0	595999	0.26444927	0.84347284	18.203266	-2.9003763	-0.26339415	0.03528179	12598.708252191544
150	0.75	1.299038	3.0	0.0	22.2	45.67888	135.0	0.0	1000.0	1000.0	599999	0.2560313	0.8312454	17.477102	-2.6745005	-0.25490448	0.033889364	12686.765303134918
151	0.0	0.0	0.0	0.0	0.3	0.64031243	2.0	0.0	1000.0	1000.0	603999	0.24245755	0.77495474	17.47242	-2.2483807	-0.24139808	0.029894717	12773.73071026802
152	1.0	1.7320508	4.0	0.0	0.5	1.024695	3.0	0.0	1000.0	1000.0	607999	0.22393721	0.7218226	16.078754	-2.262131	-0.22300863	0.02977116	12863.410996675491
153	0.0	0.0	0.0	0.0	0.2	0.59999996	2.0	0.0	1000.0	1000.0	611999	0.22677535	0.7379044	15.933803	-2.389435	-0.22615494	0.032282405	12952.18403840065
154	0.0	0.0	0.0	0.0	10.4	28.900518	97.0	0.0	1000.0	1000.0	615999	0.22277755	0.71630234	15.865266	-2.8405342	-0.22175999	0.029630398	13037.238123178482
155	0.0	0.0	0.0	0.0	11.8	34.087536	114.0	0.0	1000.0	1000.0	619999	0.20737289	0.68522036	14.1167755	-2.6132965	-0.20640732	0.027286276	13122.366151094437
156	0.75	1.299038	3.0	0.0	18.2	35.818436	97.0	0.0	1000.0	1000.0	623999	0.19765891	0.68549126	16.013142	-3.2664719	-0.19653614	0.028547777	13212.037295818329
157	1.25	2.1650636	5.0	0.0	0.2	0.59999996	2.0	0.0	1000.0	1000.0	627999	0.18449685	0.6567979	15.483454	-2.8953154	-0.18329014	0.027165255	13297.965800523758
158	0.0	0.0	0.0	0.0	11.6	33.16685	111.0	0.0	1000.0	1000.0	631999	0.17452723	0.6442206	14.816351	-2.6145036	-0.17381443	0.023801899	13386.772294282913
159	0.0	0.0	0.0	0.0	0.0	0.0	0.0	0.0	1000.0	1000.0	635999	0.18050453	0.67254484	14.8087225	-2.2645304	-0.17977682	0.026140453	13473.920814275742
160	0.0	0.0	0.0	0.0	0.0	0.0	0.0	0.0	1000.0	1000.0	639999	0.17860381	0.6881528	14.940582	-1.9357576	-0.17769296	0.026281914	13558.819419622421
161	1.0	1.7320508	4.0	0.0	5.4	14.568458	49.0	0.0	1000.0	1000.0	643999	0.17159536	0.67825186	15.407045	-1.8595614	-0.17047958	0.025259838	13647.868215799332
162	0.0	0.0	0.0	0.0	0.4	1.1999999	4.0	0.0	1000.0	1000.0	647999	0.16567397	0.6466796	14.870737	-2.0952919	-0.16453826	0.024441708	13737.524260282516
163	31.25	54.126587	125.0	0.0	10.0	29.01379	97.0	0.0	1000.0	1000.0	651999	0.17129123	0.6654855	14.497904	-2.1500814	-0.17022878	0.025756	13827.055193662643
164	0.0	0.0	0.0	0.0	5.1	15.3	51.0	0.0	1000.0	1000.0	655999	0.16859694	0.6854909	17.486277	-2.852185	-0.16739216	0.027255509	13916.703120946884
165	0.0	0.0	0.0	0.0	18.4	36.3296	94.0	0.0	1000.0	1000.0	659999	0.16960478	0.69703376	16.509508	-1.7880802	-0.16883215	0.027799865	14006.306827545166
166	30.5	52.82755	122.0	0.0	0.2	0.59999996	2.0	0.0	1000.0	1000.0	663999	0.18122886	0.73028964	16.691809	-1.9780364	-0.18063538	0.030943973	14091.709674835205
167	1.0	1.7320508	4.0	0.0	0.0	0.0	0.0	0.0	1000.0	1000.0	667999	0.19040732	0.76882774	16.786224	-2.135841	-0.18959291	0.03251456	14179.103702068329
168	0.0	0.0	0.0	0.0	1.7	1.7349352	4.0	0.0	1000.0	1000.0	671999	0.19118367	0.75496995	16.695412	-2.4516804	-0.19018984	0.031428408	14266.001016139984
169	0.0	0.0	0.0	0.0	10.2	30.6	102.0	0.0	1000.0	1000.0	675999	0.19476911	0.7585857	16.987411	-2.5448008	-0.19396864	0.0323267	14355.65690279007
170	0.25	0.4330127	1.0	0.0	0.2	0.59999996	2.0	0.0	1000.0	1000.0	679999	0.19305943	0.755048	18.209127	-2.4138818	-0.19231872	0.033911932	14443.387392044067
171	0.0	0.0	0.0	0.0	6.1	16.7	56.0	0.0	1000.0	1000.0	683999	0.19762644	0.7713454	17.620281	-2.3614235	-0.19677237	0.038447533	14531.190766096115
172	0.0	0.0	0.0	0.0	0.3	0.90000004	3.0	0.0	1000.0	1000.0	687999	0.20497574	0.7691317	15.580483	-2.1458898	-0.20438431	0.03574766	14620.822152137756
173	0.0	0.0	0.0	0.0	13.0	39.0	130.0	0.0	1000.0	1000.0	691999	0.2050353	0.7456962	16.02039	-2.642232	-0.2046919	0.032778237	14710.541853189468
174	1.0	1.7320508	4.0	0.0	12.2	35.286827	118.0	0.0	1000.0	1000.0	695999	0.20390047	0.7393133	15.855504	-2.271287	-0.20333101	0.03240663	14798.930686473846
175	2.25	2.2776084	5.0	0.0	0.0	0.0	0.0	0.0	1000.0	1000.0	699999	0.20119105	0.7362847	14.998437	-2.4863186	-0.20048846	0.03154928	14887.140452623367
176	30.25	52.394535	121.0	0.0	6.7	18.80452	63.0	0.0	1000.0	1000.0	703999	0.19897698	0.7142856	14.067522	-2.1388283	-0.19813325	0.03342273	14972.024554491043
177	0.0	0.0	0.0	0.0	10.5	31.5	105.0	0.0	1000.0	1000.0	707999	0.2074407	0.7704232	14.260436	-1.9750189	-0.20644404	0.0335067	15056.93214225769
178	0.0	0.0	0.0	0.0	0.0	0.0	0.0	0.0	1000.0	1000.0	711999	0.20635541	0.76632446	15.348033	-2.2517157	-0.20474716	0.03314351	15145.656129837036
179	22.0	38.105118	88.0	0.0	23.6	47.208477	120.0	0.0	1000.0	1000.0	715999	0.20308991	0.76521456	15.605751	-1.808252	-0.20162039	0.033103697	15235.386039733887
180	1.5	1.6583124	4.0	0.0	0.0	0.0	0.0	0.0	1000.0	1000.0	719999	0.19978684	0.76408327	15.275578	-2.0745409	-0.19851592	0.035234574	15324.773155927658
181	0.0	0.0	0.0	0.0	0.0	0.0	0.0	0.0	1000.0	1000.0	723999	0.19680592	0.7712893	16.884377	-1.9461198	-0.1958444	0.036184363	15413.938202142715
182	45.25	54.177372	135.0	0.0	0.7	1.4177446	4.0	0.0	1000.0	1000.0	727999	0.19598112	0.7653086	16.370903	-2.0938191	-0.19506392	0.034826495	15503.543195009232
183	0.0	0.0	0.0	0.0	0.0	0.0	0.0	0.0	1000.0	1000.0	731999	0.20681953	0.78312427	15.981602	-2.1894407	-0.20634487	0.035421833	15593.274874210358
184	0.0	0.0	0.0	0.0	0.0	0.0	0.0	0.0	1000.0	1000.0	735999	0.21878515	0.80956155	16.471552	-2.164739	-0.2177807	0.035583723	15683.104715585709
185	0.0	0.0	0.0	0.0	0.0	0.0	0.0	0.0	1000.0	1000.0	739999	0.2171453	0.7767687	16.343248	-2.5785298	-0.21660596	0.034078617	15768.436700820923
186	0.0	0.0	0.0	0.0	1.8	5.4	18.0	0.0	1000.0	1000.0	743999	0.22298878	0.80470335	16.197868	-1.9284824	-0.22199667	0.037611097	15853.472261190414
187	2.0	2.0	4.0	0.0	1.1	1.7578397	5.0	0.0	1000.0	1000.0	747999	0.22702977	0.8239031	17.434004	-1.6758001	-0.22626825	0.038931794	15939.396603107452
188	0.0	0.0	0.0	0.0	0.4	1.1999999	4.0	0.0	1000.0	1000.0	751999	0.22459547	0.7887879	16.84342	-1.7549753	-0.2241709	0.03486953	16026.042295455933
189	29.75	51.52851	119.0	0.0	0.9	1.8138357	5.0	0.0	1000.0	1000.0	755999	0.21977095	0.77122283	16.229956	-2.354634	-0.2183834	0.033895086	16115.678535461426
190	0.0	0.0	0.0	0.0	12.3	36.9	123.0	0.0	1000.0	1000.0	759999	0.21060799	0.765089	14.762344	-2.0767274	-0.20946857	0.03464781	16202.65776181221
191	1.0	1.2247449	3.0	0.0	0.5	1.5	5.0	0.0	1000.0	1000.0	763999	0.2100794	0.77560127	15.843983	-2.0237694	-0.20902261	0.033922464	16290.269243001938
192	0.0	0.0	0.0	0.0	22.0	43.328976	114.0	0.0	1000.0	1000.0	767999	0.2049826	0.73097366	16.790785	-2.2503111	-0.20422089	0.03430976	16377.301562309265
193	0.0	0.0	0.0	0.0	0.4	1.1999999	4.0	0.0	1000.0	1000.0	771999	0.21664421	0.7893841	15.923154	-2.1863945	-0.21642542	0.037126318	16462.214451789856
194	27.5	45.915684	107.0	0.0	0.9	1.9209373	6.0	0.0	1000.0	1000.0	775999	0.23606314	0.84836197	18.176342	-2.2452612	-0.23579986	0.039405465	16549.728476285934
195	0.75	1.299038	3.0	0.0	0.4	1.1999999	4.0	0.0	1000.0	1000.0	779999	0.24520537	0.8871032	17.161077	-2.1708326	-0.24478999	0.040207762	16639.429125785828
196	0.0	0.0	0.0	0.0	0.6	1.2806249	4.0	0.0	1000.0	1000.0	783999	0.26009208	0.92950326	16.496912	-2.9716568	-0.2599948	0.04334971	16727.283247947693
197	1.5	1.5	3.0	0.0	0.0	0.0	0.0	0.0	1000.0	1000.0	787999	0.2553809	0.90611863	14.6825285	-2.7808971	-0.25467193	0.039630197	16812.513108968735
198	20.25	35.074028	81.0	0.0	13.3	39.899998	133.0	0.0	1000.0	1000.0	791999	0.235108	0.81912255	14.693939	-2.449466	-0.23421139	0.036832854	16897.445140600204
199	0.0	0.0	0.0	0.0	0.6	1.8000001	6.0	0.0	1000.0	1000.0	795999	0.22889522	0.80983305	15.224057	-2.176174	-0.22754592	0.038565908	16982.56926560402
200	0.0	0.0	0.0	0.0	0.5	1.5	5.0	0.0	1000.0	1000.0	799999	0.23182717	0.87171793	16.13051	-1.8274348	-0.23063157	0.042729083	17070.314785718918
201	0.0	0.0	0.0	0.0	11.7	24.53589	75.0	0.0	1000.0	1000.0	803999	0.24788748	0.96362174	16.86545	-2.2267456	-0.24754943	0.045621146	17156.028483629227
202	24.5	40.721615	95.0	0.0	12.7	36.786003	123.0	0.0	1000.0	1000.0	807999	0.26555663	0.9961295	16.923664	-2.4670982	-0.26486441	0.045266364	17240.97872877121
203	1.25	1.6393596	4.0	0.0	0.0	0.0	0.0	0.0	1000.0	1000.0	811999	0.2652052	0.9948442	15.731563	-3.0369031	-0.26385394	0.049280707	17327.673169851303
204	0.0	0.0	0.0	0.0	0.0	0.0	0.0	0.0	1000.0	1000.0	815999	0.2520153	0.9409401	19.370598	-2.5963404	-0.25068656	0.045397613	17417.238938093185
205	31.75	52.708515	123.0	0.0	4.5	13.5	45.0	0.0	1000.0	1000.0	819999	0.23972863	0.89264476	15.868291	-2.1583915	-0.23808534	0.044314776	17506.75438308716
206	1.25	2.1650636	5.0	0.0	0.4	1.1999999	4.0	0.0	1000.0	1000.0	823999	0.23394915	0.90424657	15.9526	-1.7935867	-0.23262872	0.046385203	17594.255502939224
207	0.5	0.8660254	2.0	0.0	0.4	1.1999999	4.0	0.0	1000.0	1000.0	827999	0.2226205	0.893297	15.432927	-1.712231	-0.22116989	0.04351977	17682.719368457794
208	0.0	0.0	0.0	0.0	0.0	0.0	0.0	0.0	1000.0	1000.0	831999	0.213267	0.87651753	16.258972	-4.9774213	-0.21197759	0.04250826	17769.03947043419
209	0.0	0.0	0.0	0.0	0.0	0.0	0.0	0.0	1000.0	1000.0	835999	0.19891648	0.8325754	16.577572	-1.8074929	-0.19734544	0.039523743	17856.91003727913
210	0.0	0.0	0.0	0.0	12.6	36.16407	121.0	0.0	1000.0	1000.0	839999	0.18793133	0.8459187	16.966047	-2.0071855	-0.18611842	0.03750615	17943.078431129456
211	32.0	54.277065	126.0	0.0	8.9	26.699999	89.0	0.0	1000.0	1000.0	843999	0.17339529	0.837377	19.629923	-1.9843167	-0.17189218	0.040123835	18028.091785907745
212	1.0	1.7320508	4.0	0.0	0.0	0.0	0.0	0.0	1000.0	1000.0	847999	0.18586794	0.89547586	18.095217	-2.2340708	-0.18402895	0.040771812	18117.0515935421
213	0.0	0.0	0.0	0.0	0.0	0.0	0.0	0.0	1000.0	1000.0	851999	0.19100627	0.91152227	16.876545	-2.194143	-0.18929969	0.044902984	18202.723933696747
214	0.0	0.0	0.0	0.0	8.8	26.4	88.0	0.0	1000.0	1000.0	855999	0.18792528	0.905574	18.513838	-2.1248624	-0.18605642	0.043705538	18291.178917646408
215	1.0	1.7320508	4.0	0.0	18.9	40.23046	128.0	0.0	1000.0	1000.0	859999	0.18830602	0.92758733	17.644257	-1.9502003	-0.1861517	0.048093293	18376.965403556824
216	0.0	0.0	0.0	0.0	0.0	0.0	0.0	0.0	1000.0	1000.0	863999	0.1806458	0.8991427	17.143661	-2.0371075	-0.17861544	0.04219089	18462.021420001984
217	0.0	0.0	0.0	0.0	9.7	28.114231	94.0	0.0	1000.0	1000.0	867999	0.17472723	0.87069035	18.871433	-1.8246212	-0.17265758	0.04222285	18547.083421468735
218	0.0	0.0	0.0	0.0	0.0	0.0	0.0	0.0	1000.0	1000.0	871999	0.17398651	0.87121207	17.839205	-1.8307699	-0.17197119	0.04261349	18632.223137140274
219	0.0	0.0	0.0	0.0	0.3	0.90000004	3.0	0.0	1000.0	1000.0	875999	0.17481372	0.88911533	17.404556	-2.3387837	-0.17309384	0.039811842	18716.99271941185
220	1.75	3.0310888	7.0	0.0	0.3	0.90000004	3.0	0.0	1000.0	1000.0	879999	0.17693006	0.88526314	18.043856	-2.2146754	-0.17540464	0.041470505	18801.911320209503
221	0.0	0.0	0.0	0.0	5.2	15.6	52.0	0.0	1000.0	1000.0	883999	0.17559521	0.84891903	16.968096	-1.3963724	-0.17416309	0.037017733	18887.13787674904
222	0.5	0.8660254	2.0	0.0	5.8	16.424372	55.0	0.0	1000.0	1000.0	887999	0.17440468	0.8334785	15.851016	-2.4065845	-0.17307648	0.037158594	18972.204041719437
223	25.0	42.725872	99.0	0.0	0.8	1.6	4.0	0.0	1000.0	1000.0	891999	0.18360631	0.86337054	16.491274	-1.3874613	-0.18245988	0.040736906	19057.338713645935
224	0.0	0.0	0.0	0.0	12.2	36.600002	122.0	0.0	1000.0	1000.0	895999	0.18760572	0.8617382	19.974712	-2.4241498	-0.18637604	0.03979407	19142.356934547424
225	34.25	59.32274	137.0	0.0	0.0	0.0	0.0	0.0	1000.0	1000.0	899999	0.19758895	0.9083548	18.323578	-2.8676739	-0.19619791	0.04557642	19227.629866600037
226	0.0	0.0	0.0	0.0	7.1	21.300001	71.0	0.0	1000.0	1000.0	903999	0.20845853	0.9483711	18.635551	-2.3684642	-0.20693916	0.047234718	19316.933215379715
227	1.75	1.7853571	4.0	0.0	0.4	1.1999999	4.0	0.0	1000.0	1000.0	907999	0.21182379	0.95551807	19.121918	-1.9836982	-0.21020855	0.04976135	19403.034862279892
228	11.75	20.351597	47.0	0.0	0.0	0.0	0.0	0.0	1000.0	1000.0	911999	0.20339574	0.8703198	17.777243	-2.2951887	-0.2014509	0.04070118	19490.589781999588
229	1.25	2.1650636	5.0	0.0	6.4	19.199999	64.0	0.0	1000.0	1000.0	915999	0.21091232	0.9430962	17.918438	-2.1095462	-0.20926596	0.044109996	19577.768333911896
230	0.0	0.0	0.0	0.0	0.0	0.0	0.0	0.0	1000.0	1000.0	919999	0.20996182	0.91848	18.74834	-2.1922092	-0.20816006	0.045405593	19662.941322803497
231	11.5	19.918585	46.0	0.0	3.8	11.4	38.0	0.0	1000.0	1000.0	923999	0.21443912	0.9547882	20.810003	-2.3840418	-0.21264929	0.045691565	19748.416261434555
232	1.0	1.7320508	4.0	0.0	0.3	0.90000004	3.0	0.0	1000.0	1000.0	927999	0.2094623	0.9379038	21.983019	-1.8665437	-0.20781952	0.04686535	19833.45761489868
233	0.0	0.0	0.0	0.0	6.9	20.699999	69.0	0.0	1000.0	1000.0	931999	0.2027517	0.8868942	20.656569	-1.820822	-0.20105493	0.040223006	19919.319514989853
234	0.0	0.0	0.0	0.0	6.4	17.56246	59.0	0.0	1000.0	1000.0	935999	0.18572286	0.82403094	18.583208	-4.718143	-0.18354745	0.039153345	20006.780395030975
235	0.0	0.0	0.0	0.0	0.3	0.90000004	3.0	0.0	1000.0	1000.0	939999	0.18330519	0.8610864	16.851288	-2.296048	-0.18089612	0.04313626	20096.45403766632
236	0.0	0.0	0.0	0.0	0.4	1.1999999	4.0	0.0	1000.0	1000.0	943999	0.17987342	0.87749785	19.399109	-2.0510032	-0.17806742	0.04279513	20186.02004289627
237	0.0	0.0	0.0	0.0	0.0	0.0	0.0	0.0	1000.0	1000.0	947999	0.1823134	0.8854542	20.858875	-2.083304	-0.18057932	0.04143876	20274.79652905464
238	0.0	0.0	0.0	0.0	10.5	31.5	105.0	0.0	1000.0	1000.0	951999	0.17451687	0.860054	23.62463	-2.0332747	-0.17251953	0.041330613	20362.21329498291
239	0.0	0.0	0.0	0.0	16.5	34.5	105.0	0.0	1000.0	1000.0	955999	0.17584667	0.89846075	20.651104	-3.1945448	-0.17371698	0.040742826	20447.529346466064
240	0.0	0.0	0.0	0.0	0.2	0.59999996	2.0	0.0	1000.0	1000.0	959999	0.16748789	0.8737089	19.862715	-1.6635821	-0.16519026	0.04023812	20532.4157474041
241	0.0	0.0	0.0	0.0	1.0	1.264911	3.0	0.0	1000.0	1000.0	963999	0.1595297	0.8676894	16.64625	-1.9400641	-0.15718871	0.039882604	20617.381964445114
242	0.0	0.0	0.0	0.0	0.1	0.29999998	1.0	0.0	1000.0	1000.0	967999	0.15268895	0.8817196	18.093695	-3.910937	-0.15028861	0.044204857	20702.23011636734
243	0.0	0.0	0.0	0.0	11.6	32.82438	110.0	0.0	1000.0	1000.0	971999	0.15109079	0.8596848	20.255163	-2.6811316	-0.14880706	0.040576458	20787.370325565338
244	1.25	2.1650636	5.0	0.0	1.9	4.5265884	15.0	0.0	1000.0	1000.0	975999	0.1504977	0.85256964	21.407167	-2.1863973	-0.1481928	0.040804267	20873.804307460785
245	0.5	0.8660254	2.0	0.0	9.9	29.699997	99.0	0.0	1000.0	1000.0	979999	0.14114897	0.821965	19.626781	-2.5945764	-0.1388732	0.03608598	20958.9232609272
246	0.0	0.0	0.0	0.0	0.3	0.90000004	3.0	0.0	1000.0	1000.0	983999	0.13400014	0.8110644	16.533634	-1.8956641	-0.13195544	0.036396768	21044.32378220558
247	15.75	27.2798	63.0	0.0	0.3	0.90000004	3.0	0.0	1000.0	1000.0	987999	0.1451028	0.89298326	19.199835	-1.7010121	-0.14320275	0.042522162	21133.9492957592
248	0.0	0.0	0.0	0.0	0.0	0.0	0.0	0.0	1000.0	1000.0	991999	0.1479205	0.8933959	20.709742	-2.2659023	-0.14577743	0.043694396	21219.32967400551
249	0.0	0.0	0.0	0.0	0.7	1.2688577	4.0	0.0	1000.0	1000.0	995999	0.15980746	0.97762656	20.291334	-3.682599	-0.1576974	0.047131293	21304.389184236526
250	0.0	0.0	0.0	0.0	1.0	1.7888544	5.0	0.0	1000.0	1000.0	999999	0.14907725	0.91786814	18.558498	-2.38148	-0.14686613	0.043172818	21392.239085674286
251	17.0	29.444864	68.0	0.0	0.0	0.0	0.0	0.0	1000.0	1000.0	1003999	0.14065143	0.8868742	19.081314	-2.5124917	-0.13822101	0.041877616	21479.163988113403
252	15.75	27.2798	63.0	0.0	0.0	0.0	0.0	0.0	1000.0	1000.0	1007999	0.13707633	0.8897131	19.845423	-2.8224113	-0.1350272	0.040779386	21564.224152326584
253	0.0	0.0	0.0	0.0	1.1	1.8138357	5.0	0.0	1000.0	1000.0	1011999	0.13091563	0.8740617	20.126389	-1.977151	-0.12900884	0.04027935	21651.506174325943
254	0.0	0.0	0.0	0.0	0.5	1.5	5.0	0.0	1000.0	1000.0	1015999	0.13822268	0.9112677	20.691128	-2.100644	-0.13625662	0.042817015	21741.202877521515
255	0.0	0.0	0.0	0.0	29.6	44.166054	105.0	0.0	1000.0	1000.0	1019999	0.13824563	0.8959594	19.882206	-2.8316667	-0.13637881	0.040610343	21829.10906124115
256	0.0	0.0	0.0	0.0	17.1	34.127556	99.0	0.0	1000.0	1000.0	1023999	0.14861006	0.9510934	20.573116	-3.2937562	-0.14701706	0.04455722	21914.028118371964
257	31.5	52.27571	122.0	0.0	0.0	0.0	0.0	0.0	1000.0	1000.0	1027999	0.15203463	0.96616185	21.714058	-2.7824128	-0.15034693	0.04499608	22001.549933195114
258	0.0	0.0	0.0	0.0	0.1	0.29999998	1.0	0.0	1000.0	1000.0	1031999	0.17018457	1.0458165	21.68548	-1.8512305	-0.16822161	0.049486272	22091.09635734558
259	0.0	0.0	0.0	0.0	0.1	0.29999998	1.0	0.0	1000.0	1000.0	1035999	0.16411707	1.010244	20.713375	-0.996431	-0.16210477	0.047883235	22180.67972445488
260	0.75	1.299038	3.0	0.0	0.0	0.0	0.0	0.0	1000.0	1000.0	1039999	0.1688462	1.0577085	22.941349	-2.6247456	-0.16677547	0.047999673	22267.68661212921
261	12.75	18.267115	44.0	0.0	8.6	25.800001	86.0	0.0	1000.0	1000.0	1043999	0.16210842	1.0328689	22.3196	-1.7351485	-0.15981433	0.04648394	22352.798870801926
262	0.0	0.0	0.0	0.0	0.0	0.0	0.0	0.0	1000.0	1000.0	1047999	0.15028061	0.96609294	20.294868	-0.9996083	-0.1481863	0.04141129	22440.257281303406
263	0.0	0.0	0.0	0.0	0.3	0.90000004	3.0	0.0	1000.0	1000.0	1051999	0.15030934	1.0021615	19.503464	-1.1420587	-0.14807035	0.044453952	22529.75796866417
264	1.0	1.7320508	4.0	0.0	6.9	19.091621	64.0	0.0	1000.0	1000.0	1055999	0.14904532	1.0009464	20.046614	-1.6256504	-0.14668696	0.04529565	22619.364805698395
265	0.0	0.0	0.0	0.0	5.3	15.900001	53.0	0.0	1000.0	1000.0	1059999	0.15756921	1.0566782	19.675188	-1.467175	-0.1554122	0.04764348	22708.81630373001
266	0.0	0.0	0.0	0.0	0.4	1.1999999	4.0	0.0	1000.0	1000.0	1063999	0.14377524	0.9911383	18.64582	-1.3096734	-0.14146876	0.044428848	22798.551012277603
267	0.0	0.0	0.0	0.0	0.0	0.0	0.0	0.0	1000.0	1000.0	1067999	0.13507082	0.96046036	19.537182	-1.7356604	-0.13233799	0.04318982	22888.263053417206
268	32.5	54.006943	126.0	0.0	20.4	41.238815	124.0	0.0	1000.0	1000.0	1071999	0.12119565	0.92861855	18.144947	-0.99551207	-0.11875689	0.04100709	22978.08332800865
269	30.5	52.82755	122.0	0.0	0.2	0.59999996	2.0	0.0	1000.0	1000.0	1075999	0.11110768	0.9243415	19.489141	-2.2114177	-0.10848963	0.04083503	23068.0449590683
270	27.25	44.358624	104.0	0.0	0.0	0.0	0.0	0.0	1000.0	1000.0	1079999	0.11940077	1.004359	19.154394	-2.0595636	-0.1169146	0.04718845	23156.55007839203
271	0.0	0.0	0.0	0.0	6.6	19.800001	66.0	0.0	1000.0	1000.0	1083999	0.11142804	0.9902628	20.461725	-1.168189	-0.10880858	0.045231838	23243.63364624977
272	1.0	1.7320508	4.0	0.0	1.0	1.5491934	4.0	0.0	1000.0	1000.0	1087999	0.09861486	0.9454411	19.84503	-0.94116	-0.09595238	0.044184323	23328.884297847748
273	22.75	39.404156	91.0	0.0	0.2	0.59999996	2.0	0.0	1000.0	1000.0	1091999	0.09976532	0.9471366	18.63662	-0.8543328	-0.09693658	0.04051644	23413.955523252487
274	0.0	0.0	0.0	0.0	11.7	35.1	117.0	0.0	1000.0	1000.0	1095999	0.10445985	1.0183963	20.503517	-0.9048989	-0.10177212	0.045772906	23499.5102083683
275	18.75	32.475952	75.0	0.0	0.8	1.6	4.0	0.0	1000.0	1000.0	1099999	0.11044735	1.0221267	20.74108	-2.0978484	-0.107925594	0.046977315	23589.307560443878
276	0.0	0.0	0.0	0.0	0.0	0.0	0.0	0.0	1000.0	1000.0	1103999	0.119023606	1.011187	19.653328	-1.6935557	-0.116867535	0.045809716	23676.337953805923
277	0.0	0.0	0.0	0.0	25.7	49.958084	137.0	0.0	1000.0	1000.0	1107999	0.14093293	1.0832067	22.131855	-2.3740182	-0.13898402	0.049780156	23763.32722878456
278	0.0	0.0	0.0	0.0	12.6	37.8	126.0	0.0	1000.0	1000.0	1111999	0.14231467	1.1136864	23.030231	-1.5170302	-0.140214	0.054911908	23853.69362807274
279	5.75	9.959292	23.0	0.0	0.6	1.2806249	4.0	0.0	1000.0	1000.0	1115999	0.14572158	1.1423604	22.987917	-1.0951319	-0.14357373	0.057564765	23944.14733862877
280	0.0	0.0	0.0	0.0	0.5	1.5	5.0	0.0	1000.0	1000.0	1119999	0.1488845	1.1024538	22.969967	-1.3057615	-0.1467278	0.049350876	24030.530703544617
281	1.25	1.6393596	4.0	0.0	0.5	1.5	5.0	0.0	1000.0	1000.0	1123999	0.15526569	1.1181641	21.943066	-3.9294996	-0.15302734	0.04986274	24116.335840702057
282	32.5	56.291653	130.0	0.0	0.3	0.90000004	3.0	0.0	1000.0	1000.0	1127999	0.16221422	1.1392907	22.006483	-3.1861098	-0.15975149	0.049917035	24202.182550907135
283	27.0	46.765373	108.0	0.0	0.4	1.1999999	4.0	0.0	1000.0	1000.0	1131999	0.17066965	1.1860205	21.775013	-2.8860729	-0.16842297	0.05431331	24291.301749944687
284	18.5	29.778347	70.0	0.0	0.3	0.90000004	3.0	0.0	1000.0	1000.0	1135999	0.17027013	1.1807941	22.24883	-2.7015955	-0.16769724	0.05584004	24382.071825504303
285	0.75	1.299038	3.0	0.0	0.2	0.59999996	2.0	0.0	1000.0	1000.0	1139999	0.15847164	1.1566777	20.6413	-2.0641918	-0.1560542	0.05223107	24472.701847314835
286	1.0	1.7320508	4.0	0.0	0.4	1.1999999	4.0	0.0	1000.0	1000.0	1143999	0.15651327	1.153693	23.435648	-2.0947878	-0.15442209	0.04758695	24563.288229703903
287	0.0	0.0	0.0	0.0	6.0	18.0	60.0	0.0	1000.0	1000.0	1147999	0.15396412	1.1138774	22.173279	-2.474216	-0.15215088	0.049873427	24652.03173518181
288	1.0	1.7320508	4.0	0.0	12.1	36.3	121.0	0.0	1000.0	1000.0	1151999	0.16178577	1.1366626	21.698856	-2.881907	-0.15989041	0.054398272	24739.204599142075
289	31.75	54.992615	127.0	0.0	0.0	0.0	0.0	0.0	1000.0	1000.0	1155999	0.16841364	1.1328584	20.694088	-2.6374748	-0.16681375	0.05330204	24826.546659231186
290	0.0	0.0	0.0	0.0	0.0	0.0	0.0	0.0	1000.0	1000.0	1159999	0.18320958	1.154953	21.106945	-2.0443761	-0.18173723	0.054581016	24915.4743475914
291	0.0	0.0	0.0	0.0	10.3	26.283264	88.0	0.0	1000.0	1000.0	1163999	0.19752315	1.1931037	21.760891	-2.7211251	-0.19617379	0.055437036	25004.807266950607
292	1.0	1.7320508	4.0	0.0	13.4	38.884956	130.0	0.0	1000.0	1000.0	1167999	0.20309547	1.1762097	21.672356	-1.9837794	-0.20181811	0.051084746	25092.138761997223
293	0.0	0.0	0.0	0.0	13.2	37.292896	125.0	0.0	1000.0	1000.0	1171999	0.21654715	1.238415	22.403187	-2.3153305	-0.21554855	0.056866746	25178.202744722366
294	0.25	0.4330127	1.0	0.0	17.2	34.4726	91.0	0.0	1000.0	1000.0	1175999	0.23132123	1.2915051	24.484146	-2.1332884	-0.23033832	0.059361838	25264.06970667839
295	1.0	1.7320508	4.0	0.0	0.2	0.59999996	2.0	0.0	1000.0	1000.0	1179999	0.25263548	1.3408322	23.665241	-2.6646733	-0.25187626	0.059635557	25351.949589014053
296	0.0	0.0	0.0	0.0	0.5	1.5	5.0	0.0	1000.0	1000.0	1183999	0.24607688	1.2948232	23.031464	-3.1865463	-0.24484546	0.05939621	25442.556034088135
297	0.0	0.0	0.0	0.0	0.5	1.5	5.0	0.0	1000.0	1000.0	1187999	0.2490551	1.2921968	25.040302	-2.5120137	-0.24754344	0.05805537	25533.138210058212
298	0.0	0.0	0.0	0.0	15.8	30.426302	80.0	0.0	1000.0	1000.0	1191999	0.24791747	1.2440671	21.202854	-2.7060716	-0.24642465	0.052384034	25623.81867837906
299	0.0	0.0	0.0	0.0	0.0	0.0	0.0	0.0	1000.0	1000.0	1195999	0.23635633	1.2373761	25.504158	-1.7445982	-0.23483804	0.05668033	25714.825333356857
300	0.0	0.0	0.0	0.0	15.1	30.385687	83.0	0.0	1000.0	1000.0	1199999	0.2393607	1.2511872	22.803396	-1.6778765	-0.23819031	0.054896872	25805.413392066956
301	0.0	0.0	0.0	0.0	0.7	1.4177446	4.0	0.0	1000.0	1000.0	1203999	0.24360803	1.2648187	24.730492	-3.359901	-0.24231155	0.058760315	25894.106992006302
302	0.0	0.0	0.0	0.0	0.0	0.0	0.0	0.0	1000.0	1000.0	1207999	0.25072232	1.3118792	24.697386	-3.0259774	-0.24948433	0.06046775	25984.60338830948
303	0.0	0.0	0.0	0.0	11.3	33.9	113.0	0.0	1000.0	1000.0	1211999	0.25591987	1.3111753	24.117994	-3.7476587	-0.25499102	0.05579195	26074.310455083847
304	1.25	1.6393596	4.0	0.0	32.1	50.345703	129.0	0.0	1000.0	1000.0	1215999	0.27264583	1.3561571	24.293089	-2.8994234	-0.2717403	0.060446057	26164.17090821266
305	0.0	0.0	0.0	0.0	15.9	33.167603	103.0	0.0	1000.0	1000.0	1219999	0.283334	1.4017285	25.163494	-2.9725502	-0.2824755	0.06608803	26253.939930438995
306	0.0	0.0	0.0	0.0	0.2	0.59999996	2.0	0.0	1000.0	1000.0	1223999	0.27712435	1.3466831	25.266523	-2.0039475	-0.2765243	0.057797436	26339.828226804733
307	1.0	1.7320508	4.0	0.0	25.0	50.1996	135.0	0.0	1000.0	1000.0	1227999	0.26060927	1.2518307	24.614082	-1.3679293	-0.25994882	0.05341115	26425.162096977234
308	0.0	0.0	0.0	0.0	8.3	24.9	83.0	0.0	1000.0	1000.0	1231999	0.27344143	1.288415	25.839277	-2.7658458	-0.27287322	0.055846933	26514.047363996506
309	1.0	1.2247449	3.0	0.0	13.5	39.510124	132.0	0.0	1000.0	1000.0	1235999	0.2861277	1.3162158	23.604778	-1.5739422	-0.28555194	0.053248383	26601.90562391281
310	0.0	0.0	0.0	0.0	21.1	42.568653	118.0	0.0	1000.0	1000.0	1239999	0.28554094	1.334227	24.556376	-2.7467468	-0.28445402	0.059184976	26689.623753786087
311	0.0	0.0	0.0	0.0	12.4	37.199997	124.0	0.0	1000.0	1000.0	1243999	0.2850873	1.3467402	24.936205	-1.5988059	-0.28386322	0.055498865	26776.4783308506
312	0.0	0.0	0.0	0.0	0.3	0.90000004	3.0	0.0	1000.0	1000.0	1247999	0.276136	1.3430085	23.610136	-1.6086015	-0.27499762	0.05625207	26864.9104783535
313	1.25	2.1650636	5.0	0.0	7.4	22.199997	74.0	0.0	1000.0	1000.0	1251999	0.2836092	1.3774064	29.651716	-2.6683955	-0.28280395	0.058646027	26954.981156110764
314	1.0	1.7320508	4.0	0.0	10.8	32.06805	107.0	0.0	1000.0	1000.0	1255999	0.2941332	1.386693	25.288078	-3.1827908	-0.2930525	0.061416168	27045.11627149582
315	9.0	15.588457	36.0	0.0	0.3	0.90000004	3.0	0.0	1000.0	1000.0	1259999	0.2906083	1.357223	24.818504	-3.692249	-0.28937146	0.059695188	27134.942447900772
316	1.0	1.7320508	4.0	0.0	8.3	24.240667	81.0	0.0	1000.0	1000.0	1263999	0.28358424	1.3183905	24.018246	-2.6592965	-0.28249073	0.05624833	27224.791162014008
317	44.5	47.882668	114.0	0.0	0.0	0.0	0.0	0.0	1000.0	1000.0	1267999	0.28270647	1.3156227	26.702724	-2.6208925	-0.28207788	0.054935653	27314.747863531113
318	16.25	28.145826	65.0	0.0	2.0	6.0	20.0	0.0	1000.0	1000.0	1271999	0.29059395	1.309007	26.750563	-3.1196156	-0.29019225	0.05472832	27402.775153636932
319	1.0	1.7320508	4.0	0.0	0.3	0.90000004	3.0	0.0	1000.0	1000.0	1275999	0.309716	1.3226643	22.352232	-5.701745	-0.30952168	0.055952746	27488.09138560295
320	0.0	0.0	0.0	0.0	10.2	25.817825	87.0	0.0	1000.0	1000.0	1279999	0.3321252	1.3743447	23.456001	-3.6929893	-0.33237538	0.06146553	27577.78161406517
321	0.25	0.4330127	1.0	0.0	12.1	36.3	121.0	0.0	1000.0	1000.0	1283999	0.35006455	1.3942997	23.003553	-4.5661726	-0.35063338	0.062462363	27667.87831044197
322	24.25	42.00223	97.0	0.0	0.0	0.0	0.0	0.0	1000.0	1000.0	1287999	0.36706555	1.4014288	21.53978	-3.054685	-0.36814097	0.058055695	27756.42069029808
323	0.0	0.0	0.0	0.0	0.5	1.5	5.0	0.0	1000.0	1000.0	1291999	0.3811097	1.4118221	22.379242	-1.7570384	-0.38234797	0.059671562	27845.13222336769
324	0.0	0.0	0.0	0.0	0.0	0.0	0.0	0.0	1000.0	1000.0	1295999	0.4147165	1.4827282	22.82007	-2.2835417	-0.41647333	0.0667707	27934.689840316772
325	0.0	0.0	0.0	0.0	0.4	1.1999999	4.0	0.0	1000.0	1000.0	1299999	0.46816626	1.5451735	20.496494	-3.5980868	-0.4705363	0.07109176	28024.3374106884
326	0.0	0.0	0.0	0.0	0.3	0.90000004	3.0	0.0	1000.0	1000.0	1303999	0.4858634	1.453987	19.384403	-2.0279675	-0.4887823	0.05862961	28114.02430987358
327	0.0	0.0	0.0	0.0	0.7	1.4177446	4.0	0.0	1000.0	1000.0	1307999	0.5161518	1.4535921	17.84555	-5.439139	-0.51929563	0.056159686	28201.154185056686
328	0.0	0.0	0.0	0.0	0.0	0.0	0.0	0.0	1000.0	1000.0	1311999	0.5551772	1.4936537	19.183756	-1.0747209	-0.5590373	0.054873694	28289.505831480026
329	0.0	0.0	0.0	0.0	0.0	0.0	0.0	0.0	1000.0	1000.0	1315999	0.5927266	1.5258518	18.83193	-1.3787928	-0.5971793	0.056311082	28379.099808454514
330	0.0	0.0	0.0	0.0	0.1	0.29999998	1.0	0.0	1000.0	1000.0	1319999	0.63341963	1.5073034	18.394356	-2.0377655	-0.63876086	0.053418007	28466.88823890686
331	0.0	0.0	0.0	0.0	0.0	0.0	0.0	0.0	1000.0	1000.0	1323999	0.6782593	1.5278478	19.84976	-1.3816941	-0.68439597	0.053312477	28556.440228700638
332	0.0	0.0	0.0	0.0	0.0	0.0	0.0	0.0	1000.0	1000.0	1327999	0.7338477	1.5521181	20.747625	-2.054016	-0.74108243	0.05819314	28646.349104642868
333	0.0	0.0	0.0	0.0	12.3	36.9	123.0	0.0	1000.0	1000.0	1331999	0.78211766	1.5720031	19.99001	-2.1452146	-0.7903885	0.057972465	28736.26701617241
334	1.25	2.1650636	5.0	0.0	0.2	0.59999996	2.0	0.0	1000.0	1000.0	1335999	0.83621866	1.6113983	20.943272	-2.500564	-0.8447573	0.056413993	28824.705875873566
335	0.0	0.0	0.0	0.0	19.6	40.462822	122.0	0.0	1000.0	1000.0	1339999	0.8548567	1.5767177	21.360525	-2.2726045	-0.8634907	0.053271156	28914.423487901688
336	27.25	44.91868	105.0	0.0	7.4	22.199999	74.0	0.0	1000.0	1000.0	1343999	0.8736711	1.5815691	22.531294	-2.479589	-0.8822381	0.058000598	29000.075833320618
337	0.0	0.0	0.0	0.0	0.9	1.4456831	4.0	0.0	1000.0	1000.0	1347999	0.8726338	1.5463847	21.158888	-2.5546784	-0.88117963	0.05643107	29085.318790197372
338	0.25	0.4330127	1.0	0.0	0.0	0.0	0.0	0.0	1000.0	1000.0	1351999	0.8734909	1.5452362	21.219385	-2.4638648	-0.8814181	0.05818918	29175.050882816315
339	0.0	0.0	0.0	0.0	0.0	0.0	0.0	0.0	1000.0	1000.0	1355999	0.8552158	1.5154796	22.32948	-2.455278	-0.8625564	0.057943687	29265.094435453415
340	11.75	20.351597	47.0	0.0	7.9	23.7	79.0	0.0	1000.0	1000.0	1359999	0.8291828	1.4661337	21.774834	-4.6456995	-0.8356197	0.055996444	29355.25471019745
341	0.0	0.0	0.0	0.0	12.7	36.463818	122.0	0.0	1000.0	1000.0	1363999	0.8260615	1.5008161	23.316229	-4.029912	-0.83254385	0.06160112	29445.25470852852
342	0.0	0.0	0.0	0.0	0.4	1.1999999	4.0	0.0	1000.0	1000.0	1367999	0.8195128	1.4982277	24.356508	-5.691821	-0.82568127	0.062758565	29533.36899471283
343	0.75	1.299038	3.0	0.0	0.0	0.0	0.0	0.0	1000.0	1000.0	1371999	0.80721104	1.4897257	26.088278	-2.2257965	-0.81277937	0.06400975	29619.335160970688
344	0.0	0.0	0.0	0.0	0.7	1.4177446	4.0	0.0	1000.0	1000.0	1375999	0.7947331	1.4622157	27.895872	-1.837574	-0.8006753	0.059867438	29707.547924757004
345	0.0	0.0	0.0	0.0	0.0	0.0	0.0	0.0	1000.0	1000.0	1379999	0.7700832	1.4134921	24.514256	-1.8799949	-0.7752793	0.055195607	29797.58148097992
346	1.0	1.7320508	4.0	0.0	8.1	24.3	81.0	0.0	1000.0	1000.0	1383999	0.7320351	1.3706735	25.253284	-1.5206165	-0.7363115	0.05514662	29887.597065210342
347	0.0	0.0	0.0	0.0	13.7	41.1	137.0	0.0	1000.0	1000.0	1387999	0.6771676	1.2736449	23.213387	-1.4058228	-0.6803948	0.04572658	29977.063081026077
348	23.75	37.69864	89.0	0.0	10.5	30.190231	101.0	0.0	1000.0	1000.0	1391999	0.6445042	1.2510653	24.95552	-1.9394257	-0.6474065	0.048340723	30062.585447072983
349	0.0	0.0	0.0	0.0	12.9	38.7	129.0	0.0	1000.0	1000.0	1395999	0.61085176	1.2446039	26.385128	-2.2552161	-0.6134387	0.04819278	30149.899770259857
350	1.0	1.7320508	4.0	0.0	0.0	0.0	0.0	0.0	1000.0	1000.0	1399999	0.5713875	1.2090178	21.230772	-2.3195302	-0.57369405	0.045276366	30239.395443677902
351	32.75	56.724663	131.0	0.0	0.4	1.1999999	4.0	0.0	1000.0	1000.0	1403999	0.5339196	1.1893383	28.50107	-3.2486413	-0.53556406	0.044275176	30329.1263358593
352	0.0	0.0	0.0	0.0	0.9	1.3747727	3.0	0.0	1000.0	1000.0	1407999	0.48929518	1.1446928	26.052835	-3.0821307	-0.49100488	0.03967237	30418.352573871613
353	0.0	0.0	0.0	0.0	5.3	14.926823	50.0	0.0	1000.0	1000.0	1411999	0.46220735	1.1764002	27.202747	-3.3513153	-0.46363655	0.042856935	30508.05689072609
354	1.0	1.7320508	4.0	0.0	0.2	0.59999996	2.0	0.0	1000.0	1000.0	1415999	0.44374067	1.1927562	24.026917	-3.4185429	-0.44543296	0.04560535	30596.913923978806
355	0.25	0.4330127	1.0	0.0	0.0	0.0	0.0	0.0	1000.0	1000.0	1419999	0.43385687	1.217476	23.888395	-2.953869	-0.43555403	0.04832765	30682.335664510727
356	0.75	1.299038	3.0	0.0	1.0	2.0	5.0	0.0	1000.0	1000.0	1423999	0.43555555	1.2730042	26.531796	-4.3729863	-0.4377785	0.05154423	30769.275628089905
357	24.5	42.435246	98.0	0.0	0.3	0.90000004	3.0	0.0	1000.0	1000.0	1427999	0.4730375	1.4100143	27.800919	-4.7089353	-0.47619075	0.060901046	30859.342568159103
358	0.0	0.0	0.0	0.0	0.4	1.1999999	4.0	0.0	1000.0	1000.0	1431999	0.49516618	1.4377314	26.785084	-4.297937	-0.4992899	0.060130533	30945.81333208084
359	1.0	1.7320508	4.0	0.0	11.1	33.3	111.0	0.0	1000.0	1000.0	1435999	0.53250796	1.5073582	30.153925	-4.6969748	-0.53761786	0.06148939	31031.164414405823
360	32.75	56.724663	131.0	0.0	1.0	1.5491934	4.0	0.0	1000.0	1000.0	1439999	0.603243	1.6133506	27.657637	-4.9237432	-0.60959697	0.068895474	31116.60336112976
361	20.25	32.805298	77.0	0.0	8.0	24.0	80.0	0.0	1000.0	1000.0	1443999	0.68374765	1.7295914	28.04455	-4.974152	-0.69174135	0.073336385	31201.963391304016
362	0.0	0.0	0.0	0.0	0.0	0.0	0.0	0.0	1000.0	1000.0	1447999	0.7874193	1.8739599	28.067886	-5.9852457	-0.79715186	0.083421685	31287.378577709198
363	0.0	0.0	0.0	0.0	0.3	0.90000004	3.0	0.0	1000.0	1000.0	1451999	0.89377034	2.034053	29.293121	-6.8254485	-0.9055927	0.089244	31373.052795648575
364	0.0	0.0	0.0	0.0	0.0	0.0	0.0	0.0	1000.0	1000.0	1455999	1.0114115	2.1688828	30.174967	-6.4403324	-1.025416	0.09542551	31462.104100465775
365	0.0	0.0	0.0	0.0	11.3	32.579285	109.0	0.0	1000.0	1000.0	1459999	1.1186141	2.2039928	25.380634	-6.142537	-1.1338743	0.09198666	31551.833319425583
366	0.0	0.0	0.0	0.0	4.8	13.090455	44.0	0.0	1000.0	1000.0	1463999	1.2425834	2.2955732	28.910645	-6.0588484	-1.2594619	0.09033445	31641.355169534683
367	0.0	0.0	0.0	0.0	1.2	1.4696939	3.0	0.0	1000.0	1000.0	1467999	1.3591592	2.3402612	30.997278	-7.109774	-1.3779348	0.090321474	31727.18763923645
368	0.0	0.0	0.0	0.0	19.9	40.458496	123.0	0.0	1000.0	1000.0	1471999	1.5068561	2.4179573	29.392307	-7.08545	-1.5279646	0.08740345	31815.827534914017
369	25.75	44.600307	103.0	0.0	0.0	0.0	0.0	0.0	1000.0	1000.0	1475999	1.6673692	2.5320785	28.021566	-7.128148	-1.6911333	0.0852199	31904.459030866623
370	0.0	0.0	0.0	0.0	10.5	31.5	105.0	0.0	1000.0	1000.0	1479999	1.8660796	2.7005453	27.52728	-6.0059853	-1.8924261	0.09576012	31991.78414583206
371	0.0	0.0	0.0	0.0	0.3	0.90000004	3.0	0.0	1000.0	1000.0	1483999	2.0640545	2.859693	27.99376	-5.159955	-2.0935204	0.10386266	32077.154474258423
372	0.75	1.299038	3.0	0.0	0.3	0.90000004	3.0	0.0	1000.0	1000.0	1487999	2.2830594	3.0408916	26.939638	-5.478489	-2.3161361	0.108790286	32162.619139671326
373	33.25	57.59069	133.0	0.0	0.0	0.0	0.0	0.0	1000.0	1000.0	1491999	2.5382943	3.2108564	27.17172	-3.9813666	-2.5747564	0.114160255	32252.119300365448
374	0.0	0.0	0.0	0.0	0.3	0.90000004	3.0	0.0	1000.0	1000.0	1495999	2.7920895	3.3224182	28.555716	-5.282693	-2.8323953	0.11309352	32342.12578201294
375	22.5	38.97114	90.0	0.0	8.4	22.909388	77.0	0.0	1000.0	1000.0	1499999	3.0771313	3.4487486	26.489044	-5.608907	-3.1222365	0.112187624	32432.445981264114
376	0.5	0.8660254	2.0	0.0	4.8	14.069826	47.0	0.0	1000.0	1000.0	1503999	3.3781714	3.5747988	26.252752	-5.678211	-3.427193	0.11450472	32522.290288448334
377	0.5	0.8660254	2.0	0.0	11.2	30.973537	104.0	0.0	1000.0	1000.0	1507999	3.6870613	3.700031	26.041687	-6.8746243	-3.7412632	0.112563126	32612.175722837448
378	0.5	0.8660254	2.0	0.0	0.4	1.1999999	4.0	0.0	1000.0	1000.0	1511999	4.0747576	3.8405492	24.53091	-9.081309	-4.135828	0.11256757	32700.52987217903
379	0.0	0.0	0.0	0.0	0.0	0.0	0.0	0.0	1000.0	1000.0	1515999	4.5473127	3.9179733	22.463223	-13.95812	-4.617944	0.10530568	32790.59378647804
380	0.75	1.299038	3.0	0.0	0.6	1.2806249	4.0	0.0	1000.0	1000.0	1519999	5.1239967	3.954716	21.067327	-9.3454895	-5.204422	0.09359224	32880.60047745705
381	0.75	1.299038	3.0	0.0	0.4	1.1999999	4.0	0.0	1000.0	1000.0	1523999	5.710877	3.919909	19.852266	-9.357918	-5.797019	0.076119885	32970.513030052185
382	0.25	0.4330127	1.0	0.0	8.3	24.9	83.0	0.0	1000.0	1000.0	1527999	6.218957	3.8170621	18.678932	-8.114846	-6.303583	0.06119508	33057.416591882706
383	0.0	0.0	0.0	0.0	0.0	0.0	0.0	0.0	1000.0	1000.0	1531999	6.59865	3.6722453	18.398827	-7.0826483	-6.677911	0.050417747	33144.19265127182
384	1.0	1.7320508	4.0	0.0	0.0	0.0	0.0	0.0	1000.0	1000.0	1535999	6.804745	3.4876025	16.494957	-3.7530613	-6.875866	0.03987867	33232.28470277786
385	27.75	45.78414	107.0	0.0	0.0	0.0	0.0	0.0	1000.0	1000.0	1539999	6.790459	3.2646606	15.851636	-0.085724235	-6.8527174	0.033444993	33321.251024246216
386	29.5	51.095497	118.0	0.0	0.5	1.5	5.0	0.0	1000.0	1000.0	1543999	6.6187873	3.0403144	14.789187	-0.12152946	-6.672388	0.028608473	33408.33875846863
387	0.0	0.0	0.0	0.0	18.7	36.502193	97.0	0.0	1000.0	1000.0	1547999	6.3146257	2.8288066	13.407932	-0.26660776	-6.3591824	0.024474477	33495.727769851685
388	1.0	1.7320508	4.0	0.0	12.0	33.03029	111.0	0.0	1000.0	1000.0	1551999	5.913282	2.6550868	12.816029	-0.34458542	-5.9491787	0.0219235	33582.089995622635
389	1.0	1.7320508	4.0	0.0	0.5	1.024695	3.0	0.0	1000.0	1000.0	1555999	5.4345713	2.5115514	12.39956	-0.27900398	-5.4624214	0.020449813	33668.580734968185
390	46.5	46.634216	98.0	0.0	1.1	1.8138357	5.0	0.0	1000.0	1000.0	1559999	4.9157243	2.4127913	12.101522	-0.36606216	-4.935805	0.019384556	33754.7049779892
391	0.25	0.4330127	1.0	0.0	5.5	14.9080515	50.0	0.0	1000.0	1000.0	1563999	4.3464537	2.3379343	12.417899	-0.4898777	-4.359015	0.018899921	33842.372817993164
392	0.0	0.0	0.0	0.0	11.8	34.411625	115.0	0.0	1000.0	1000.0	1567999	3.7425332	2.2827945	12.082021	-0.7587446	-3.7480152	0.018256638	33929.63159155846
393	0.0	0.0	0.0	0.0	12.2	35.611233	119.0	0.0	1000.0	1000.0	1571999	3.12752	2.2476895	11.095789	-1.0949929	-3.126334	0.017688595	34015.071620464325
394	1.25	2.1650636	5.0	0.0	0.7	1.4177446	4.0	0.0	1000.0	1000.0	1575999	2.4926498	2.2221055	10.102606	-1.4752549	-2.4858975	0.017477226	34104.718858003616
395	29.75	51.52851	119.0	0.0	0.4	1.1999999	4.0	0.0	1000.0	1000.0	1579999	1.9027113	2.219527	8.738696	-1.8880777	-1.8918728	0.017360322	34192.06090784073
396	0.0	0.0	0.0	0.0	0.0	0.0	0.0	0.0	1000.0	1000.0	1583999	1.3366711	2.2202206	9.09749	-2.423956	-1.3227195	0.01737721	34277.53934907913
397	0.0	0.0	0.0	0.0	0.8	1.6613247	5.0	0.0	1000.0	1000.0	1587999	0.84017545	2.2351117	8.099864	-2.9512832	-0.82422364	0.01783011	34365.9142575264
398	0.0	0.0	0.0	0.0	0.0	0.0	0.0	0.0	1000.0	1000.0	1591999	0.40867168	2.2484198	7.646409	-3.427237	-0.3910055	0.017590111	34452.974083423615
399	0.0	0.0	0.0	0.0	25.1	49.300003	130.0	0.0	1000.0	1000.0	1595999	0.019779136	2.2530417	7.168447	-3.7357554	-0.0010343895	0.01746677	34538.62589550018
400	0.0	0.0	0.0	0.0	0.7	1.1874342	3.0	0.0	1000.0	1000.0	1599999	-0.30757308	2.260256	6.8164167	-3.9600785	0.32681283	0.017617807	34627.200110435486
401	1.25	1.6393596	4.0	0.0	0.4	1.1999999	4.0	0.0	1000.0	1000.0	1603999	-0.580772	2.2622383	6.76992	-4.240523	0.60063183	0.017795606	34717.637771844864
402	14.75	25.547749	59.0	0.0	6.7	20.099998	67.0	0.0	1000.0	1000.0	1607999	-0.7928209	2.2782464	7.19159	-4.4504356	0.8126366	0.017918102	34807.74661207199
403	0.0	0.0	0.0	0.0	8.6	24.816124	83.0	0.0	1000.0	1000.0	1611999	-0.9773789	2.2673736	5.9420943	-4.673149	0.99736935	0.017552676	34897.95142579079
404	0.0	0.0	0.0	0.0	0.4	1.1999999	4.0	0.0	1000.0	1000.0	1615999	-1.1345099	2.2555966	5.362179	-4.8307877	1.1543967	0.017575089	34988.135739803314
405	1.0	1.7320508	4.0	0.0	0.0	0.0	0.0	0.0	1000.0	1000.0	1619999	-1.2354779	2.2434423	5.356674	-4.959107	1.2544776	0.017633567	35078.28358268738
406	25.5	44.167297	102.0	0.0	1.3	1.8466185	5.0	0.0	1000.0	1000.0	1623999	-1.297195	2.2269232	5.0068007	-5.0418735	1.3153223	0.017422708	35165.91460609436
407	0.0	0.0	0.0	0.0	0.3	0.90000004	3.0	0.0	1000.0	1000.0	1627999	-1.348647	2.2122889	4.5325537	-5.1323977	1.3662567	0.017197132	35251.41547679901
408	15.75	25.023739	59.0	0.0	0.3	0.90000004	3.0	0.0	1000.0	1000.0	1631999	-1.3605423	2.1924	4.607321	-5.170017	1.3772984	0.016967587	35337.023708581924
409	0.0	0.0	0.0	0.0	0.1	0.29999998	1.0	0.0	1000.0	1000.0	1635999	-1.3636073	2.1634977	4.4009523	-5.1275244	1.3796631	0.01661094	35422.60027527809
410	0.0	0.0	0.0	0.0	0.0	0.0	0.0	0.0	1000.0	1000.0	1639999	-1.3551427	2.134169	4.125999	-5.1419725	1.3703552	0.016365102	35509.414540052414
411	0.0	0.0	0.0	0.0	11.7	35.1	117.0	0.0	1000.0	1000.0	1643999	-1.3307111	2.1005023	4.0956135	-5.1493444	1.3452389	0.01623041	35594.955938100815
412	46.5	46.58594	97.0	0.0	0.0	0.0	0.0	0.0	1000.0	1000.0	1647999	-1.2776762	2.0808103	4.1383953	-5.09426	1.2910671	0.016268339	35680.45270085335
413	0.75	1.299038	3.0	0.0	14.3	28.837648	88.0	0.0	1000.0	1000.0	1651999	-1.2201802	2.067152	4.203235	-5.01204	1.232552	0.016198652	35769.42387032509
414	0.0	0.0	0.0	0.0	0.4	1.1999999	4.0	0.0	1000.0	1000.0	1655999	-1.149457	2.0570922	4.3141804	-4.9501305	1.1608703	0.016169153	35859.457142829895
415	0.5	0.8660254	2.0	0.0	0.5	1.024695	3.0	0.0	1000.0	1000.0	1659999	-1.0756981	2.0494254	4.393866	-4.801387	1.0859456	0.015889836	35948.938037872314
416	0.0	0.0	0.0	0.0	0.8	1.6	4.0	0.0	1000.0	1000.0	1663999	-0.98567873	2.0561202	4.8371234	-4.6689906	0.9945528	0.016335016	36035.89160490036
417	0.0	0.0	0.0	0.0	13.6	28.69216	94.0	0.0	1000.0	1000.0	1667999	-0.8957183	2.0609455	5.139618	-4.5250444	0.90334606	0.016331466	36121.30251955986
418	0.75	1.299038	3.0	0.0	0.0	0.0	0.0	0.0	1000.0	1000.0	1671999	-0.79196864	2.070522	5.229424	-4.37377	0.7980912	0.016387802	36206.648391485214
419	0.75	1.299038	3.0	0.0	0.0	0.0	0.0	0.0	1000.0	1000.0	1675999	-0.68702143	2.0894413	5.7195244	-4.217854	0.6917762	0.016593967	36293.8745265007
420	1.25	1.299038	3.0	0.0	8.7	24.795362	83.0	0.0	1000.0	1000.0	1679999	-0.58138835	2.1129434	6.032023	-4.011439	0.5848114	0.01690581	36383.11310124397
421	0.0	0.0	0.0	0.0	0.0	0.0	0.0	0.0	1000.0	1000.0	1683999	-0.47574374	2.1441398	6.4687386	-3.8790731	0.47827792	0.017168075	36468.578654289246
422	0.0	0.0	0.0	0.0	21.5	43.71327	131.0	0.0	1000.0	1000.0	1687999	-0.37092802	2.1643012	6.695144	-3.7845738	0.37259623	0.017574722	36556.35476279259
423	25.75	44.600307	103.0	0.0	0.4	1.1999999	4.0	0.0	1000.0	1000.0	1691999	-0.27494124	2.192101	6.9249086	-3.6636803	0.27603465	0.017982008	36643.67025947571
424	0.25	0.4330127	1.0	0.0	0.4	1.1999999	4.0	0.0	1000.0	1000.0	1695999	-0.19176906	2.2259178	7.229279	-3.5820303	0.19238718	0.018580796	36733.41450691223
425	0.0	0.0	0.0	0.0	0.8	1.6	4.0	0.0	1000.0	1000.0	1699999	-0.13593744	2.2449915	7.350157	-3.490374	0.13643989	0.018528001	36823.44986963272
426	17.0	29.444864	68.0	0.0	0.9	1.8138357	5.0	0.0	1000.0	1000.0	1703999	-0.10324622	2.2547407	7.783754	-3.4141898	0.10374781	0.018482229	36911.22506928444
427	1.25	2.1650636	5.0	0.0	13.2	39.600002	132.0	0.0	1000.0	1000.0	1707999	-0.077139735	2.267385	7.798964	-3.334621	0.07793068	0.0189753	36996.75317311287
428	0.0	0.0	0.0	0.0	0.3	0.90000004	3.0	0.0	1000.0	1000.0	1711999	-0.07402966	2.2836068	8.023847	-3.2880106	0.0750531	0.019677168	37086.321820259094
429	1.0	1.7320508	4.0	0.0	0.9	1.8138357	5.0	0.0	1000.0	1000.0	1715999	-0.06459833	2.3026636	8.619471	-3.2334585	0.065974124	0.02023638	37176.424993276596
430	0.0	0.0	0.0	0.0	10.0	28.691462	96.0	0.0	1000.0	1000.0	1719999	-0.06689303	2.324282	9.309701	-3.1959724	0.06842162	0.022149345	37265.29685544968
431	0.0	0.0	0.0	0.0	13.6	39.48468	132.0	0.0	1000.0	1000.0	1723999	-0.085338935	2.332701	8.786839	-3.124854	0.087528564	0.023109743	37354.23471021652
432	32.0	55.425625	128.0	0.0	10.5	30.513111	102.0	0.0	1000.0	1000.0	1727999	-0.124109544	2.3341186	9.578286	-3.1099346	0.12646255	0.024522297	37444.30786442757
433	0.0	0.0	0.0	0.0	0.0	0.0	0.0	0.0	1000.0	1000.0	1731999	-0.16181129	2.3350332	10.169355	-3.0596156	0.16513865	0.026250573	37534.2837100029
434	29.0	50.229473	116.0	0.0	0.0	0.0	0.0	0.0	1000.0	1000.0	1735999	-0.20280689	2.3355613	10.897349	-3.4644485	0.20761453	0.028513277	37622.59019112587
435	0.75	1.299038	3.0	0.0	0.4	1.1999999	4.0	0.0	1000.0	1000.0	1739999	-0.26597697	2.3202538	11.55874	-3.5717924	0.2725838	0.03186397	37711.50862336159
436	0.0	0.0	0.0	0.0	0.4	1.1999999	4.0	0.0	1000.0	1000.0	1743999	-0.36449853	2.2785463	13.099462	-4.679709	0.37290543	0.033646565	37797.2733669281
437	0.0	0.0	0.0	0.0	0.2	0.59999996	2.0	0.0	1000.0	1000.0	1747999	-0.46009386	2.2428489	12.172025	-4.7763367	0.4698595	0.035481263	37884.90727710724
438	1.0	1.7320508	4.0	0.0	12.8	38.399998	128.0	0.0	1000.0	1000.0	1751999	-0.5528438	2.201219	13.28223	-4.836358	0.56344175	0.036475778	37974.928270578384
439	0.0	0.0	0.0	0.0	10.3	29.913374	100.0	0.0	1000.0	1000.0	1755999	-0.61536884	2.1662042	11.698873	-4.8272667	0.6264145	0.037925486	38065.1128590107
440	18.75	32.475952	75.0	0.0	8.6	25.800001	86.0	0.0	1000.0	1000.0	1759999	-0.64186877	2.1421869	11.665251	-5.6258354	0.6526239	0.040762343	38151.42898130417
441	0.0	0.0	0.0	0.0	1.0	3.0	10.0	0.0	1000.0	1000.0	1763999	-0.66700345	2.0811172	11.6910925	-5.725247	0.6783071	0.04127523	38238.80653810501
442	27.0	46.765373	108.0	0.0	0.0	0.0	0.0	0.0	1000.0	1000.0	1767999	-0.67184716	2.0247605	11.767831	-5.6413193	0.6840293	0.041556444	38325.88743472099
443	0.0	0.0	0.0	0.0	12.1	36.3	121.0	0.0	1000.0	1000.0	1771999	-0.69278914	1.915133	11.229379	-8.098618	0.7059475	0.038201958	38413.197607040405
444	0.0	0.0	0.0	0.0	4.5	12.847178	43.0	0.0	1000.0	1000.0	1775999	-0.7065942	1.8013122	11.233765	-7.4343467	0.7205933	0.038030617	38498.86801028252
445	0.0	0.0	0.0	0.0	11.6	34.8	116.0	0.0	1000.0	1000.0	1779999	-0.74740225	1.6362686	10.912347	-6.1241827	0.7623137	0.035429176	38587.56165385246
446	0.0	0.0	0.0	0.0	0.4	1.1999999	4.0	0.0	1000.0	1000.0	1783999	-0.7886162	1.4522473	10.915734	-4.586013	0.8036139	0.033544045	38677.57015252113
447	62.25	62.29918	128.0	0.0	0.0	0.0	0.0	0.0	1000.0	1000.0	1787999	-0.81769013	1.3093888	11.033368	-3.988922	0.83240515	0.034270532	38767.711515665054
448	0.0	0.0	0.0	0.0	11.7	34.11173	114.0	0.0	1000.0	1000.0	1791999	-0.8351593	1.1940871	11.551264	-3.971995	0.8493313	0.034565832	38856.28126192093
449	0.0	0.0	0.0	0.0	0.0	0.0	0.0	0.0	1000.0	1000.0	1795999	-0.85365593	1.0447166	11.636685	-3.783071	0.8666454	0.03401503	38946.18340802193
450	0.0	0.0	0.0	0.0	11.1	31.668438	106.0	0.0	1000.0	1000.0	1799999	-0.85317284	0.9629302	11.976469	-5.0151196	0.8655255	0.033194687	39033.920105695724
451	0.0	0.0	0.0	0.0	0.4	1.1999999	4.0	0.0	1000.0	1000.0	1803999	-0.8411824	0.8996237	11.94491	-3.985288	0.8528657	0.031963084	39122.20806097984
452	0.0	0.0	0.0	0.0	0.2	0.59999996	2.0	0.0	1000.0	1000.0	1807999	-0.8273398	0.84474903	12.905774	-3.0289552	0.83824646	0.03220732	39212.23456287384
453	0.0	0.0	0.0	0.0	0.0	0.0	0.0	0.0	1000.0	1000.0	1811999	-0.80898046	0.7713205	13.186005	-2.9366498	0.8191583	0.029958123	39299.20340895653
454	1.0	1.7320508	4.0	0.0	14.2	41.283894	138.0	0.0	1000.0	1000.0	1815999	-0.7720443	0.7722419	13.580372	-2.2588432	0.7818878	0.030418755	39385.611575603485
455	0.75	1.299038	3.0	0.0	0.0	0.0	0.0	0.0	1000.0	1000.0	1819999	-0.736358	0.7380127	13.968104	-2.2077465	0.74561936	0.03140823	39474.01056098938
456	0.0	0.0	0.0	0.0	0.0	0.0	0.0	0.0	1000.0	1000.0	1823999	-0.6945725	0.73006463	13.972323	-2.1171923	0.7034908	0.026714932	39563.87458777428
457	0.0	0.0	0.0	0.0	0.5	1.5	5.0	0.0	1000.0	1000.0	1827999	-0.65050673	0.7071012	13.546481	-1.9543861	0.6587869	0.02775343	39651.620735406876
458	0.0	0.0	0.0	0.0	12.6	37.467854	125.0	0.0	1000.0	1000.0	1831999	-0.60150325	0.7622919	14.32847	-1.9907062	0.6094457	0.033770684	39737.26447701454
459	0.0	0.0	0.0	0.0	0.0	0.0	0.0	0.0	1000.0	1000.0	1835999	-0.5524205	0.7914961	16.184328	-1.7865288	0.55984837	0.03706338	39827.13118100166
460	0.0	0.0	0.0	0.0	0.0	0.0	0.0	0.0	1000.0	1000.0	1839999	-0.5067524	0.79973954	16.187763	-1.690314	0.51364255	0.034606047	39916.957386016846
461	0.0	0.0	0.0	0.0	1.1	1.7	4.0	0.0	1000.0	1000.0	1843999	-0.46202308	0.7889309	15.78576	-1.656543	0.4684253	0.039456896	40006.07366967201
462	0.0	0.0	0.0	0.0	0.8	1.6	4.0	0.0	1000.0	1000.0	1847999	-0.4216507	0.7654875	16.267557	-1.5381992	0.42739922	0.033957683	40092.203432798386
463	0.0	0.0	0.0	0.0	0.2	0.59999996	2.0	0.0	1000.0	1000.0	1851999	-0.37334242	0.7924643	17.09991	-1.4966646	0.3785241	0.03420578	40177.89942741394
464	0.0	0.0	0.0	0.0	0.0	0.0	0.0	0.0	1000.0	1000.0	1855999	-0.3210562	0.83135223	17.451738	-1.4497857	0.32564953	0.036852602	40263.58018946648
465	9.0	15.588457	36.0	0.0	0.4	1.1999999	4.0	0.0	1000.0	1000.0	1859999	-0.28005862	0.8045767	17.88492	-1.6336193	0.28429338	0.036980104	40351.40597772598
466	0.75	1.299038	3.0	0.0	13.1	39.300003	131.0	0.0	1000.0	1000.0	1863999	-0.2389505	0.7749197	16.919428	-1.2267036	0.24278149	0.035732556	40441.62888646126
467	1.25	2.1650636	5.0	0.0	0.2	0.59999996	2.0	0.0	1000.0	1000.0	1867999	-0.20468993	0.74990547	16.361332	-1.0391184	0.20827466	0.032445908	40528.92317318916
468	1.75	1.7853571	4.0	0.0	0.4	1.1999999	4.0	0.0	1000.0	1000.0	1871999	-0.16567442	0.7882683	18.676926	-0.85739785	0.16883987	0.035234883	40614.40265440941
469	0.0	0.0	0.0	0.0	23.7	46.43501	127.0	0.0	1000.0	1000.0	1875999	-0.12838738	0.7818924	17.535961	-0.8190028	0.131203	0.03206729	40701.665603876114
470	0.0	0.0	0.0	0.0	0.0	0.0	0.0	0.0	1000.0	1000.0	1879999	-0.0930644	0.8097874	20.478115	-1.3918351	0.09556099	0.03191256	40791.74491715431
471	1.0	1.7320508	4.0	0.0	0.8	1.6	4.0	0.0	1000.0	1000.0	1883999	-0.047716375	0.85841805	18.736439	-1.5552341	0.04981935	0.03609807	40881.72059965134
472	0.0	0.0	0.0	0.0	4.7	12.822246	43.0	0.0	1000.0	1000.0	1887999	-0.0051107667	0.8926026	19.958437	-1.3648597	0.0069823153	0.039262407	40969.370900154114
473	1.0	1.7320508	4.0	0.0	0.4	1.1999999	4.0	0.0	1000.0	1000.0	1891999	0.025459329	0.9036696	21.818008	-1.8044362	-0.02393954	0.03823436	41058.71424102783
474	30.25	52.394535	121.0	0.0	0.7	1.4177446	4.0	0.0	1000.0	1000.0	1895999	0.059536558	0.94137484	21.569973	-2.2283974	-0.058440253	0.041556846	41146.46831393242
475	0.0	0.0	0.0	0.0	13.3	38.246696	128.0	0.0	1000.0	1000.0	1899999	0.09391861	0.9414273	21.637415	-1.1947405	-0.09322142	0.038917515	41231.97227048874
476	0.0	0.0	0.0	0.0	0.4	1.1999999	4.0	0.0	1000.0	1000.0	1903999	0.12661621	0.9393664	18.5842	-1.2832744	-0.12612984	0.039489083	41321.60246968269
477	1.0	1.7320508	4.0	0.0	0.0	0.0	0.0	0.0	1000.0	1000.0	1907999	0.16448402	0.9969882	19.61039	-1.5770646	-0.16489978	0.04326147	41411.72712755203
478	0.0	0.0	0.0	0.0	13.8	28.301235	83.0	0.0	1000.0	1000.0	1911999	0.20155814	1.005732	20.415316	-2.5867069	-0.20245533	0.043418895	41501.66924118996
479	27.25	44.91868	105.0	0.0	6.7	20.099998	67.0	0.0	1000.0	1000.0	1915999	0.22771053	0.9874115	19.299273	-0.509492	-0.22905588	0.04137188	41591.559398174286
480	28.75	49.79646	115.0	0.0	6.2	18.6	62.0	0.0	1000.0	1000.0	1919999	0.27155662	1.0227655	21.382536	-0.5042579	-0.27388155	0.043293707	41679.88378214836
481	0.25	0.4330127	1.0	0.0	12.1	35.967903	120.0	0.0	1000.0	1000.0	1923999	0.33390215	1.0761532	22.314781	-0.5924477	-0.33777246	0.040165327	41765.479942798615
482	1.0	1.7320508	4.0	0.0	0.0	0.0	0.0	0.0	1000.0	1000.0	1927999	0.40968937	1.153802	21.85133	-0.4682021	-0.41520816	0.045631997	41854.349960803986
483	0.0	0.0	0.0	0.0	0.0	0.0	0.0	0.0	1000.0	1000.0	1931999	0.50233537	1.2088058	22.835236	-0.6570238	-0.50976425	0.048197	41943.29751729965
484	0.0	0.0	0.0	0.0	9.7	29.1	97.0	0.0	1000.0	1000.0	1935999	0.6021607	1.2036186	21.085892	-0.3557294	-0.61167926	0.04482658	42030.23330259323
485	2.5	2.598076	6.0	0.0	3.0	9.0	30.0	0.0	1000.0	1000.0	1939999	0.73556936	1.2659034	21.62003	-0.39717817	-0.74723756	0.047297593	42117.86481809616
486	6.5	11.25833	26.0	0.0	0.0	0.0	0.0	0.0	1000.0	1000.0	1943999	0.8672108	1.2496296	21.714558	-0.37677118	-0.880888	0.04490162	42207.97066831589
487	1.25	2.1650636	5.0	0.0	12.7	38.100002	127.0	0.0	1000.0	1000.0	1947999	1.006531	1.2391303	21.718304	-0.43603438	-1.0217907	0.039786637	42297.84470105171
488	0.0	0.0	0.0	0.0	0.0	0.0	0.0	0.0	1000.0	1000.0	1951999	1.1495459	1.2575601	21.520918	-0.36971495	-1.165108	0.041775096	42383.84782886505
489	1.75	2.046338	5.0	0.0	5.4	13.320661	45.0	0.0	1000.0	1000.0	1955999	1.2556951	1.2770327	23.107752	-0.3617342	-1.2706338	0.049052764	42469.91678547859
490	0.0	0.0	0.0	0.0	0.4	1.1999999	4.0	0.0	1000.0	1000.0	1959999	1.3406767	1.2570596	22.072502	-0.42788884	-1.3552127	0.045077585	42556.87390732765
491	0.0	0.0	0.0	0.0	0.2	0.59999996	2.0	0.0	1000.0	1000.0	1963999	1.3963119	1.266411	20.901188	-0.38422236	-1.4097555	0.047710128	42642.342299461365
492	0.0	0.0	0.0	0.0	0.0	0.0	0.0	0.0	1000.0	1000.0	1967999	1.4254787	1.2418709	20.11788	-0.35278305	-1.4381518	0.049162988	42729.24678182602
493	0.25	0.4330127	1.0	0.0	0.3	0.90000004	3.0	0.0	1000.0	1000.0	1971999	1.4329168	1.2229645	21.015245	-0.19199324	-1.4446689	0.043382592	42816.818766355515
494	0.0	0.0	0.0	0.0	0.1	0.29999998	1.0	0.0	1000.0	1000.0	1975999	1.4270825	1.2456557	21.951815	-0.19836378	-1.4376162	0.047300585	42905.53865528107
495	33.5	58.0237	134.0	0.0	16.5	36.056206	117.0	0.0	1000.0	1000.0	1979999	1.4070736	1.2386892	21.725851	-0.1293816	-1.4165105	0.044465177	42994.58515763283
496	0.25	0.4330127	1.0	0.0	12.6	36.810867	123.0	0.0	1000.0	1000.0	1983999	1.3708252	1.2030467	20.95478	-0.041325033	-1.3793414	0.04440015	43084.764374256134
497	1.75	3.0310888	7.0	0.0	11.0	33.0	110.0	0.0	1000.0	1000.0	1987999	1.3240446	1.2112252	21.784113	-0.07375789	-1.3312482	0.045816094	43175.07346224785
498	0.0	0.0	0.0	0.0	12.8	36.763565	123.0	0.0	1000.0	1000.0	1991999	1.266188	1.2132916	20.603909	-0.09847206	-1.2723682	0.047743738	43261.8393304348
499	0.0	0.0	0.0	0.0	0.4	1.1999999	4.0	0.0	1000.0	1000.0	1995999	1.2050971	1.2165128	21.054295	-0.11997062	-1.2102172	0.048580077	43347.827187776566
500	1.0	1.7320508	4.0	0.0	5.6	15.206578	51.0	0.0	1000.0	1000.0	1999999	1.1397179	1.2162262	20.231579	-0.31870174	-1.1437622	0.04913324	43433.61345243454
