Epoch	AverageEpRet	StdEpRet	MaxEpRet	MinEpRet	AverageTestEpRet	StdTestEpRet	MaxTestEpRet	MinTestEpRet	EpLen	TestEpLen	TotalEnvInteracts	AverageQVals	StdQVals	MaxQVals	MinQVals	LossPi	LossQ	Time
1	0.25	0.4330127	1.0	0.0	0.0	0.0	0.0	0.0	1000.0	1000.0	3999	0.052120183	0.06743519	0.61536616	-0.71949494	-0.058205623	0.00033696482	47.49195456504822
2	0.0	0.0	0.0	0.0	0.0	0.0	0.0	0.0	1000.0	1000.0	7999	0.22072959	0.059275873	1.4578912	-0.0286384	-0.23110613	8.695212e-05	106.88014006614685
3	0.0	0.0	0.0	0.0	0.0	0.0	0.0	0.0	1000.0	1000.0	11999	0.3071963	0.023831636	1.7526861	0.22390118	-0.31162202	4.2241092e-05	165.56426882743835
4	0.0	0.0	0.0	0.0	1.3	2.6095977	7.0	0.0	1000.0	1000.0	15999	0.30172348	0.017369095	1.9583824	0.23100838	-0.30296785	2.1726704e-05	224.63043689727783
5	3.25	4.5483513	11.0	0.0	3.3	4.196427	11.0	0.0	1000.0	1000.0	19999	0.5373663	0.44916996	9.3679905	-0.009585798	-0.5827875	0.007453492	284.28755378723145
6	0.0	0.0	0.0	0.0	0.1	0.29999998	1.0	0.0	1000.0	1000.0	23999	1.3783098	1.5687604	9.34566	-0.22329658	-1.4825022	0.011509197	343.56185030937195
7	3.75	6.4951906	15.0	0.0	3.2	3.7094474	11.0	0.0	1000.0	1000.0	27999	3.8559303	1.0677992	11.323288	0.60765934	-3.9971712	0.0052828304	402.5044128894806
8	32.75	11.431864	49.0	22.0	33.9	16.391766	56.0	4.0	1000.0	1000.0	31999	4.8839025	0.47569638	12.206936	3.7534194	-4.950998	0.012717637	461.7141065597534
9	30.25	25.103535	68.0	7.0	33.7	8.355238	47.0	18.0	1000.0	1000.0	35999	5.185799	0.4641575	13.603286	4.286014	-5.245094	0.03169025	521.3466196060181
10	115.25	19.626194	139.0	85.0	178.7	27.1	220.0	148.0	1000.0	1000.0	39999	5.7584505	0.7302393	16.689835	4.1459265	-5.8430896	0.06514244	581.7070829868317
11	232.0	65.05766	305.0	159.0	239.8	21.825674	273.0	200.0	1000.0	1000.0	43999	7.2605023	1.186782	21.048975	4.798358	-7.419681	0.12602477	642.1272466182709
12	238.5	43.985794	308.0	186.0	242.5	17.477129	270.0	216.0	1000.0	1000.0	47999	10.196278	1.6901524	24.634464	6.1537223	-10.412623	0.17840454	702.5398745536804
13	312.5	23.690716	339.0	286.0	266.5	173.94783	414.0	0.0	1000.0	1000.0	51999	13.680239	1.9234253	27.63928	8.5832405	-13.9214	0.2145068	763.0719954967499
14	341.5	19.032866	373.0	325.0	421.0	141.11697	491.0	0.0	1000.0	1000.0	55999	17.178402	2.1427484	32.72078	11.443047	-17.432734	0.2733973	823.9003555774689
15	393.0	16.837458	422.0	381.0	430.3	37.226467	499.0	376.0	1000.0	1000.0	59999	20.823889	2.3554657	35.914013	14.257177	-21.10794	0.34830064	886.6215145587921
16	421.0	16.170961	440.0	400.0	415.6	21.763271	453.0	382.0	1000.0	1000.0	63999	24.428673	2.335188	39.468384	17.201649	-24.709656	0.39783478	952.990487575531
17	395.25	62.762947	479.0	302.0	444.1	101.10632	505.0	148.0	1000.0	1000.0	67999	27.868042	2.3236718	42.11814	20.371649	-28.165922	0.4261509	1024.8275544643402
18	484.5	40.978653	538.0	433.0	496.7	28.558887	534.0	443.0	1000.0	1000.0	71999	31.077045	2.3769178	44.430588	23.91257	-31.382116	0.49215698	1099.5632772445679
19	491.25	39.29615	547.0	444.0	378.6	18.227451	407.0	348.0	1000.0	1000.0	75999	34.3193	2.5097995	47.095367	25.941647	-34.632355	0.5359382	1176.4336228370667
20	444.0	15.427249	460.0	424.0	518.3	25.884552	558.0	462.0	1000.0	1000.0	79999	37.371716	2.5502365	51.062263	28.000278	-37.68271	0.566539	1253.4993317127228
21	479.25	18.349047	503.0	456.0	532.6	37.50253	591.0	478.0	1000.0	1000.0	83999	39.950764	2.5958738	51.867218	30.946613	-40.261898	0.54314053	1330.6680874824524
22	462.0	38.43176	521.0	419.0	542.5	47.45577	599.0	440.0	1000.0	1000.0	87999	42.273174	2.6461155	54.4202	33.558685	-42.576015	0.5401581	1408.1000356674194
23	492.75	69.51753	544.0	373.0	578.3	44.799664	656.0	515.0	1000.0	1000.0	91999	44.3635	2.6983902	55.723053	36.0143	-44.667416	0.5376409	1485.5928556919098
24	524.5	22.643984	561.0	499.0	632.1	34.59321	684.0	568.0	1000.0	1000.0	95999	46.297047	2.8476567	57.11532	37.055935	-46.60253	0.5503158	1563.248886346817
25	560.25	20.363878	585.0	531.0	537.8	35.008	614.0	494.0	1000.0	1000.0	99999	48.161346	2.91162	59.121433	38.218987	-48.470985	0.581488	1640.6647741794586
26	520.0	16.27882	539.0	501.0	540.6	22.504221	580.0	513.0	1000.0	1000.0	103999	49.910027	2.9304411	62.329796	39.882	-50.21345	0.59837854	1718.0620484352112
27	595.25	5.494315	603.0	588.0	606.8	29.440786	660.0	562.0	1000.0	1000.0	107999	51.50794	2.9818282	62.52774	41.76655	-51.81569	0.621722	1795.722716808319
28	591.0	15.684387	611.0	569.0	623.9	40.90587	686.0	560.0	1000.0	1000.0	111999	53.003815	3.1157658	64.49443	43.72778	-53.304337	0.6612778	1873.4144833087921
29	608.25	29.549746	650.0	572.0	634.4	22.94428	669.0	604.0	1000.0	1000.0	115999	54.43699	3.1965148	67.75794	44.318775	-54.74365	0.67756927	1951.288712978363
30	613.5	14.221462	633.0	593.0	549.4	27.561567	587.0	498.0	1000.0	1000.0	119999	55.781734	3.215775	69.851776	45.087303	-56.08586	0.72525513	2029.3379442691803
31	608.75	36.93491	669.0	572.0	607.2	21.264053	644.0	572.0	1000.0	1000.0	123999	57.067703	3.2713447	70.75449	45.639774	-57.36929	0.7356958	2106.8952991962433
32	573.75	32.31389	620.0	542.0	582.8	21.287556	624.0	557.0	1000.0	1000.0	127999	58.42325	3.3742578	71.76203	46.47393	-58.734055	0.75931406	2185.0209267139435
33	622.5	10.965857	640.0	611.0	664.2	17.422974	700.0	635.0	1000.0	1000.0	131999	59.67295	3.2878232	72.61611	47.684216	-59.97292	0.7626651	2262.769331932068
34	586.25	46.504704	645.0	526.0	642.3	29.220026	684.0	602.0	1000.0	1000.0	135999	60.636074	3.3306165	72.88097	48.240055	-60.931118	0.7609947	2340.0309598445892
35	636.25	13.311179	658.0	624.0	621.3	104.36288	695.0	318.0	1000.0	1000.0	139999	61.459194	3.3829298	73.49275	48.287975	-61.74961	0.76586944	2417.5861988067627
36	624.5	29.364094	656.0	583.0	679.1	24.885538	720.0	641.0	1000.0	1000.0	143999	62.18077	3.4221666	72.97777	48.210697	-62.46161	0.7665536	2495.397210597992
37	574.0	28.974127	624.0	554.0	589.2	30.19205	633.0	546.0	1000.0	1000.0	147999	62.77787	3.4348044	73.373665	48.855846	-63.05407	0.7547348	2572.696372270584
38	603.0	20.940392	636.0	583.0	656.0	28.478062	719.0	626.0	1000.0	1000.0	151999	63.261543	3.414396	73.85227	49.33376	-63.527523	0.7713751	2650.12096619606
39	618.5	28.952547	653.0	573.0	662.8	20.252407	694.0	632.0	1000.0	1000.0	155999	63.60726	3.4450607	73.766495	49.684586	-63.86716	0.77133226	2727.1484479904175
40	633.5	9.287087	642.0	618.0	670.4	29.910534	709.0	612.0	1000.0	1000.0	159999	64.00021	3.3851736	74.095856	50.711773	-64.26363	0.76684433	2804.4850640296936
41	606.5	23.973944	640.0	576.0	649.2	24.049116	708.0	620.0	1000.0	1000.0	163999	64.22305	3.309928	74.4894	51.718014	-64.471756	0.77512586	2882.308925628662
42	643.0	30.058277	692.0	616.0	604.8	15.334927	628.0	581.0	1000.0	1000.0	167999	64.46001	3.4404993	74.41102	50.913956	-64.71606	0.7947363	2960.4187185764313
43	608.5	32.252907	645.0	561.0	665.7	25.163664	721.0	627.0	1000.0	1000.0	171999	64.85744	3.5413508	77.059296	50.02096	-65.11453	0.8207205	3038.451684474945
44	647.25	27.904972	695.0	626.0	701.2	16.80952	727.0	676.0	1000.0	1000.0	175999	65.36568	3.6669338	75.64743	50.27517	-65.631935	0.829602	3115.930498123169
45	627.0	24.320772	652.0	593.0	638.6	23.388887	680.0	603.0	1000.0	1000.0	179999	65.947174	3.6234071	75.557175	51.46241	-66.207184	0.82841504	3193.32887339592
46	592.75	13.553136	616.0	582.0	643.1	34.06303	685.0	581.0	1000.0	1000.0	183999	66.29858	3.7145402	75.402245	51.090763	-66.54871	0.81815636	3270.81134724617
47	652.25	24.742424	673.0	610.0	601.7	29.373627	656.0	553.0	1000.0	1000.0	187999	66.72299	3.7704093	76.464424	50.0745	-66.977165	0.83894026	3348.5737483501434
48	622.25	30.136148	667.0	590.0	608.5	25.535269	637.0	551.0	1000.0	1000.0	191999	67.10492	3.7958782	75.95714	49.93066	-67.35904	0.85009694	3425.932784318924
49	611.25	36.210323	666.0	573.0	536.9	22.954084	573.0	495.0	1000.0	1000.0	195999	67.474304	3.7826977	77.16687	50.294003	-67.72031	0.85356313	3503.6587800979614
50	669.0	21.130547	692.0	635.0	625.1	24.740454	679.0	585.0	1000.0	1000.0	199999	67.80654	3.7550468	76.140884	51.152885	-68.05165	0.83494705	3581.279618740082
51	607.75	36.676796	636.0	545.0	663.5	34.4681	716.0	598.0	1000.0	1000.0	203999	68.05502	3.8394468	77.10578	50.588528	-68.2954	0.8391106	3658.438361644745
52	668.25	19.031225	688.0	641.0	700.9	23.394232	737.0	661.0	1000.0	1000.0	207999	68.3215	3.7739692	77.04843	51.16811	-68.5607	0.85417897	3735.9546427726746
53	628.0	21.552261	651.0	596.0	692.9	26.447872	728.0	647.0	1000.0	1000.0	211999	68.57687	3.8019063	77.548225	50.764343	-68.8145	0.8405455	3813.88526058197
54	649.25	19.331	676.0	628.0	678.8	34.585545	743.0	633.0	1000.0	1000.0	215999	68.80403	3.7888536	77.813675	51.620163	-69.04345	0.8276915	3891.4168355464935
55	641.75	27.662024	678.0	603.0	655.9	26.500753	714.0	617.0	1000.0	1000.0	219999	69.06306	3.7902331	77.83047	50.721317	-69.29477	0.8406797	3969.489169359207
56	651.5	36.431442	704.0	602.0	688.8	27.135954	737.0	650.0	1000.0	1000.0	223999	69.34178	3.805792	77.71273	50.05444	-69.57479	0.84250504	4047.562089204788
57	653.25	37.49917	718.0	627.0	630.9	27.24133	691.0	591.0	1000.0	1000.0	227999	69.49818	3.8601933	78.037964	50.54821	-69.72454	0.8390457	4125.1543781757355
58	607.5	15.532225	627.0	584.0	622.1	30.553068	645.0	556.0	1000.0	1000.0	231999	69.65838	3.8830357	78.61062	50.416267	-69.8785	0.86347616	4202.902037143707
59	648.25	39.473885	692.0	585.0	696.9	38.32088	738.0	612.0	1000.0	1000.0	235999	69.74921	3.9211106	79.15175	51.261303	-69.972015	0.8390017	4280.312176704407
60	648.0	13.546217	664.0	627.0	637.9	21.016422	669.0	605.0	1000.0	1000.0	239999	69.89032	3.8396175	78.73483	51.42053	-70.10779	0.832882	4357.848131895065
61	649.5	21.868927	687.0	632.0	604.6	27.626799	636.0	551.0	1000.0	1000.0	243999	69.94245	3.837287	78.965614	50.19912	-70.16096	0.87611204	4435.347615718842
62	654.5	35.640568	680.0	593.0	643.5	37.092453	704.0	584.0	1000.0	1000.0	247999	70.01974	3.764817	79.028854	50.338024	-70.229065	0.82013613	4513.346907615662
63	644.75	32.911816	691.0	598.0	662.4	35.763668	737.0	596.0	1000.0	1000.0	251999	70.09685	3.801453	79.36091	51.25172	-70.31556	0.8303607	4591.198016166687
64	649.75	26.611792	688.0	622.0	703.0	26.061466	745.0	649.0	1000.0	1000.0	255999	70.22517	3.7339206	79.57607	52.293205	-70.440765	0.8318209	4669.4973487854
65	660.25	15.0229	679.0	645.0	706.7	32.199535	763.0	653.0	1000.0	1000.0	259999	70.40085	3.7472506	79.19545	52.7586	-70.6153	0.83324784	4747.634751081467
66	640.75	23.721035	672.0	606.0	673.0	36.98378	723.0	605.0	1000.0	1000.0	263999	70.502525	3.6515214	79.02778	52.976376	-70.70525	0.81809604	4825.81717467308
67	619.75	50.449852	677.0	542.0	665.7	29.46201	699.0	598.0	1000.0	1000.0	267999	70.50977	3.643515	78.63829	52.258766	-70.70867	0.8101971	4904.044142246246
68	594.75	69.90127	669.0	506.0	467.2	73.20082	590.0	325.0	1000.0	1000.0	271999	70.34112	3.5537112	79.86527	53.076603	-70.5211	0.80555356	4982.56116604805
69	590.75	53.690666	646.0	507.0	555.9	27.89068	611.0	522.0	1000.0	1000.0	275999	70.02948	3.6781125	79.047485	53.224335	-70.21486	0.822609	5060.5378341674805
70	637.0	43.307045	697.0	578.0	681.1	29.64608	737.0	637.0	1000.0	1000.0	279999	69.90139	3.6617377	78.762024	52.2917	-70.08598	0.8342097	5138.877500534058
71	649.5	37.983547	681.0	587.0	682.2	28.964806	724.0	618.0	1000.0	1000.0	283999	69.92987	3.690342	78.84855	51.185463	-70.12192	0.84959376	5217.095851659775
72	641.5	31.666227	665.0	587.0	663.8	24.810482	706.0	629.0	1000.0	1000.0	287999	70.04936	3.6450095	79.0377	52.46629	-70.24246	0.8270777	5295.151181221008
73	682.25	35.074028	736.0	650.0	628.4	23.104977	660.0	579.0	1000.0	1000.0	291999	70.13245	3.6210785	79.16269	53.11573	-70.32131	0.8359695	5373.160224676132
74	639.75	51.19265	712.0	583.0	710.9	19.423954	741.0	682.0	1000.0	1000.0	295999	70.14512	3.5964706	79.43416	53.158585	-70.333565	0.8412932	5451.249411821365
75	638.25	18.0745	667.0	617.0	608.9	24.41905	638.0	562.0	1000.0	1000.0	299999	70.260475	3.5208118	79.00139	53.666935	-70.44655	0.8557666	5529.596178770065
76	669.0	17.84657	690.0	641.0	644.8	31.96811	699.0	574.0	1000.0	1000.0	303999	70.20418	3.6097302	79.10896	53.38378	-70.3852	0.8845337	5607.806469202042
77	647.25	5.8896093	654.0	640.0	701.7	25.227167	741.0	650.0	1000.0	1000.0	307999	70.3818	3.6624863	78.94846	50.49443	-70.57911	0.8717598	5685.690641641617
78	662.5	26.17728	697.0	632.0	704.9	32.577446	748.0	637.0	1000.0	1000.0	311999	70.70294	3.5390167	80.72373	54.918182	-70.89252	0.8533809	5763.7560403347015
79	659.75	22.16275	682.0	626.0	552.0	233.91322	755.0	74.0	1000.0	1000.0	315999	70.86134	3.591087	79.29014	52.775066	-71.04416	0.8547252	5841.415598154068
80	672.0	11.357817	691.0	661.0	705.7	31.837242	764.0	650.0	1000.0	1000.0	319999	70.90775	3.5926595	79.27078	53.122944	-71.08975	0.90010875	5919.081718921661
81	643.0	39.350986	698.0	595.0	701.5	27.74617	740.0	657.0	1000.0	1000.0	323999	71.02237	3.4780478	79.65255	55.237503	-71.20151	0.84188056	5996.764696598053
82	644.25	18.859678	674.0	623.0	692.1	30.998226	731.0	643.0	1000.0	1000.0	327999	70.98897	3.539962	79.76813	54.833202	-71.16937	0.8284528	6074.422069787979
83	639.75	11.29989	650.0	621.0	717.1	25.727222	767.0	678.0	1000.0	1000.0	331999	71.03155	3.5828443	80.24853	53.23266	-71.20868	0.8511185	6152.2940220832825
84	659.0	31.296965	711.0	633.0	707.0	30.039974	749.0	660.0	1000.0	1000.0	335999	71.10475	3.549623	79.90627	52.99313	-71.279594	0.85544276	6230.384754419327
85	625.0	31.168894	656.0	573.0	609.6	17.56246	633.0	584.0	1000.0	1000.0	339999	71.0514	3.5763838	79.93375	53.774654	-71.213486	0.8530051	6308.592664241791
86	653.25	24.620874	678.0	613.0	676.3	41.107296	751.0	606.0	1000.0	1000.0	343999	70.84868	3.5128572	79.17737	54.674995	-71.01264	0.8506398	6386.630473613739
87	672.0	17.320509	698.0	650.0	738.5	30.545866	778.0	682.0	1000.0	1000.0	347999	70.90593	3.5954103	79.55689	53.790268	-71.07244	0.84395456	6464.917019367218
88	630.0	37.802116	659.0	565.0	681.3	32.692657	728.0	621.0	1000.0	1000.0	351999	70.90389	3.589284	80.3302	52.85286	-71.0738	0.85478055	6543.083253622055
89	651.75	24.983746	690.0	628.0	660.9	27.25234	724.0	611.0	1000.0	1000.0	355999	70.86542	3.4651375	79.02838	53.640533	-71.02889	0.8632178	6621.2710728645325
90	624.25	41.715553	669.0	558.0	685.1	21.64463	727.0	662.0	1000.0	1000.0	359999	70.94285	3.344485	79.36573	54.075806	-71.10659	0.8039124	6699.563082695007
91	689.0	25.524498	731.0	668.0	705.0	33.145134	750.0	643.0	1000.0	1000.0	363999	70.81051	3.381474	79.72764	53.86374	-70.97439	0.8250887	6777.651351451874
92	689.75	41.793392	751.0	633.0	677.6	37.755	753.0	631.0	1000.0	1000.0	367999	70.91466	3.4708335	79.021965	54.27168	-71.0853	0.8617992	6855.703904867172
93	679.75	19.253246	707.0	653.0	676.1	30.25376	747.0	628.0	1000.0	1000.0	371999	71.10969	3.573116	80.51344	54.36527	-71.277	0.8856377	6933.808940887451
94	659.5	22.808989	696.0	637.0	722.1	27.24133	775.0	676.0	1000.0	1000.0	375999	71.2431	3.6151807	80.24385	53.011673	-71.41691	0.8856006	7011.853385210037
95	661.25	11.121489	674.0	644.0	674.4	49.600807	738.0	569.0	1000.0	1000.0	379999	71.3868	3.500354	81.57607	54.25036	-71.5452	0.85130525	7090.323885917664
96	676.75	19.227259	704.0	651.0	637.4	32.647205	695.0	585.0	1000.0	1000.0	383999	71.29158	3.5297453	79.55513	54.77846	-71.44743	0.8676652	7169.540263414383
97	661.75	40.5794	705.0	611.0	658.4	25.299011	703.0	619.0	1000.0	1000.0	387999	71.2732	3.5445294	80.07725	54.17684	-71.437325	0.8781377	7247.464806556702
98	671.25	31.27599	723.0	645.0	709.6	29.597973	768.0	668.0	1000.0	1000.0	391999	71.46987	3.538872	79.94409	53.394115	-71.63667	0.88485503	7325.253599643707
99	646.5	14.924811	666.0	624.0	703.6	25.322718	759.0	671.0	1000.0	1000.0	395999	71.62734	3.4919276	80.11159	54.839787	-71.79495	0.84965426	7403.098645687103
100	707.25	21.82172	735.0	680.0	711.1	34.241642	776.0	668.0	1000.0	1000.0	399999	71.89288	3.5042703	80.06363	54.653797	-72.07083	0.877208	7481.02486538887
101	735.5	17.783419	761.0	712.0	782.5	27.825348	817.0	736.0	1000.0	1000.0	403999	72.22004	3.58058	80.44687	54.554222	-72.39461	0.88515663	7558.909499883652
102	721.0	11.113055	737.0	706.0	734.0	23.945772	764.0	691.0	1000.0	1000.0	407999	72.54117	3.6481302	81.01167	53.95723	-72.72349	0.8726859	7637.454188585281
103	728.5	24.377243	762.0	701.0	751.1	28.193794	803.0	705.0	1000.0	1000.0	411999	72.85975	3.611797	81.288826	54.88127	-73.032234	0.90361685	7715.710962295532
104	710.5	16.332483	733.0	693.0	725.9	45.213825	774.0	611.0	1000.0	1000.0	415999	73.01125	3.715955	81.15872	54.19047	-73.182594	0.9263943	7793.936421871185
105	713.0	16.077934	737.0	692.0	774.3	34.9544	823.0	705.0	1000.0	1000.0	419999	73.19924	3.705872	81.831696	54.419384	-73.384186	0.96137	7872.4270632267
106	737.75	13.386093	759.0	722.0	763.1	14.686389	782.0	739.0	1000.0	1000.0	423999	73.67247	3.722976	82.22624	53.659023	-73.86011	0.94036543	7950.7388417720795
107	741.75	30.260328	793.0	719.0	774.3	31.087135	834.0	731.0	1000.0	1000.0	427999	74.00787	3.6706905	82.808624	53.34884	-74.193985	0.919827	8028.442284584045
108	754.5	23.35059	779.0	726.0	751.6	33.785202	812.0	693.0	1000.0	1000.0	431999	74.4598	3.71753	82.859436	53.518997	-74.65161	0.9273826	8106.2325093746185
109	714.0	32.28777	745.0	666.0	773.0	24.083189	811.0	737.0	1000.0	1000.0	435999	74.72035	3.785419	83.6245	53.324326	-74.89945	0.9633229	8184.015150547028
110	714.5	13.5	733.0	698.0	768.7	23.039314	811.0	721.0	1000.0	1000.0	439999	75.05715	3.6508439	83.94165	52.889954	-75.25255	0.9181741	8262.27643609047
111	764.25	23.413404	802.0	738.0	775.0	23.147354	799.0	727.0	1000.0	1000.0	443999	75.506454	3.615111	84.25336	54.716606	-75.69981	0.9297577	8340.183806180954
112	770.25	16.633926	794.0	747.0	800.7	24.515505	831.0	759.0	1000.0	1000.0	447999	75.79091	3.6151686	83.909	55.28989	-75.98209	0.905353	8418.293612480164
113	764.0	33.889526	807.0	712.0	796.1	26.436527	849.0	753.0	1000.0	1000.0	451999	76.08998	3.6207263	83.97257	55.025524	-76.274124	0.91269326	8496.510777235031
114	758.75	26.592997	803.0	732.0	783.7	16.371012	810.0	759.0	1000.0	1000.0	455999	76.33846	3.6143508	84.54538	55.571617	-76.52451	0.8910075	8574.743114948273
115	748.5	33.018932	772.0	692.0	789.2	24.313782	844.0	766.0	1000.0	1000.0	459999	76.44109	3.6670947	84.78788	55.663757	-76.61952	0.8978647	8653.043718576431
116	768.25	30.210718	817.0	736.0	807.2	29.731464	860.0	748.0	1000.0	1000.0	463999	76.63902	3.6418145	84.89392	56.26962	-76.82903	0.90373313	8731.472349405289
117	806.0	27.285528	834.0	767.0	844.9	16.525436	867.0	816.0	1000.0	1000.0	467999	77.018684	3.6640067	85.86664	56.075817	-77.22181	0.88680965	8809.990755558014
118	791.0	17.449928	813.0	765.0	850.4	28.153864	892.0	807.0	1000.0	1000.0	471999	77.55026	3.7125273	86.11253	56.79315	-77.76151	0.9153348	8888.52788901329
119	818.25	16.083765	838.0	795.0	835.0	17.922054	864.0	808.0	1000.0	1000.0	475999	78.17238	3.686749	86.66754	57.874977	-78.3903	0.90369177	8966.852718830109
120	787.0	29.571947	824.0	749.0	843.0	18.724316	870.0	816.0	1000.0	1000.0	479999	78.640076	3.750589	86.93772	58.333965	-78.8475	0.9339216	9044.909901857376
121	831.5	16.101242	854.0	813.0	849.5	22.001137	891.0	819.0	1000.0	1000.0	483999	79.39068	3.8228962	87.96423	59.00373	-79.62275	0.9456799	9122.760835886002
122	821.0	19.761072	842.0	793.0	855.6	10.346014	868.0	836.0	1000.0	1000.0	487999	80.28393	3.7809415	88.87306	59.175385	-80.52176	0.92469364	9201.05517244339
123	814.5	30.434355	864.0	788.0	861.6	19.298704	895.0	826.0	1000.0	1000.0	491999	80.95022	3.803288	88.71359	61.00828	-81.181625	0.93979806	9279.167330026627
124	843.25	13.827057	859.0	825.0	857.2	19.441195	877.0	824.0	1000.0	1000.0	495999	81.49735	3.9152296	89.55978	61.107933	-81.7334	0.96583605	9356.861036777496
125	834.5	25.005	875.0	808.0	829.3	25.814919	875.0	786.0	1000.0	1000.0	499999	82.1672	3.8832164	90.01406	61.357452	-82.40227	0.9487538	9434.369298934937
126	839.0	14.57738	855.0	816.0	835.8	12.959938	848.0	806.0	1000.0	1000.0	503999	82.63446	3.8476088	90.42125	61.39987	-82.87409	0.9116316	9512.106426000595
127	816.25	12.754901	831.0	796.0	811.6	25.3937	860.0	775.0	1000.0	1000.0	507999	83.07933	3.8573434	92.51751	62.17164	-83.30859	0.9574346	9589.894627094269
128	837.75	23.12331	865.0	801.0	877.2	11.6172285	892.0	853.0	1000.0	1000.0	511999	83.47325	3.8919091	91.92674	60.667965	-83.72403	0.9508507	9667.99306178093
129	843.5	12.298374	855.0	824.0	872.7	18.368723	907.0	840.0	1000.0	1000.0	515999	84.13886	3.9158046	91.892	61.82528	-84.39126	0.94181955	9745.950716257095
130	841.0	22.594248	871.0	811.0	866.7	6.165225	874.0	857.0	1000.0	1000.0	519999	84.75798	3.8525913	93.57213	63.148365	-85.005554	0.9152517	9823.724668264389
131	855.5	24.70324	891.0	824.0	867.1	12.332478	878.0	839.0	1000.0	1000.0	523999	85.20685	3.825727	92.53787	63.859634	-85.46099	0.8934088	9902.094666957855
132	852.0	12.349089	868.0	839.0	875.7	18.08342	909.0	850.0	1000.0	1000.0	527999	85.64303	3.8486986	92.63306	62.17411	-85.89016	0.8829901	9980.223637104034
133	848.0	9.797959	864.0	840.0	837.2	22.274649	876.0	796.0	1000.0	1000.0	531999	86.05196	3.8418393	93.37813	64.5866	-86.30259	0.889638	10058.392248153687
134	850.25	15.270478	872.0	834.0	878.1	10.309705	898.0	860.0	1000.0	1000.0	535999	86.48076	3.7896585	93.66431	65.35096	-86.73825	0.88250774	10136.26182103157
135	854.0	7.483315	862.0	842.0	865.2	27.359823	899.0	791.0	1000.0	1000.0	539999	86.78637	3.8345766	94.85851	64.3661	-87.042076	0.85662305	10214.608173847198
136	839.75	12.517488	855.0	823.0	879.7	16.510906	910.0	858.0	1000.0	1000.0	543999	87.10681	3.882808	95.19956	65.38735	-87.35966	0.8798902	10292.743361234665
137	852.75	4.145781	859.0	849.0	869.3	19.03707	903.0	840.0	1000.0	1000.0	547999	87.40614	3.831896	95.055565	64.94717	-87.66263	0.8688728	10370.958752393723
138	851.25	15.400893	869.0	831.0	845.7	24.47468	889.0	808.0	1000.0	1000.0	551999	87.65081	3.8662841	94.74746	66.33215	-87.89817	0.8697919	10448.936361789703
139	852.0	20.988092	872.0	823.0	811.7	14.846211	836.0	787.0	1000.0	1000.0	555999	87.66183	3.8448775	95.03945	66.220795	-87.90166	0.8602686	10526.837675333023
140	860.0	5.7879186	869.0	853.0	875.1	17.026157	915.0	851.0	1000.0	1000.0	559999	87.78823	3.8428059	96.22499	66.138145	-88.03344	0.8524963	10605.013196706772
141	820.25	9.73075	835.0	808.0	846.0	22.706827	868.0	794.0	1000.0	1000.0	563999	87.66991	3.8738015	95.188484	65.373276	-87.8849	0.8923318	10682.854288816452
142	847.25	13.917166	865.0	826.0	875.3	15.440531	898.0	849.0	1000.0	1000.0	567999	87.45707	3.7690542	95.04477	65.36185	-87.69172	0.8529148	10760.958220005035
143	831.25	13.718145	845.0	813.0	866.7	14.043147	889.0	845.0	1000.0	1000.0	571999	87.61384	3.7813838	94.7614	64.95922	-87.852554	0.8219742	10839.298708200455
144	848.75	11.945188	860.0	829.0	882.2	12.544322	898.0	860.0	1000.0	1000.0	575999	87.76722	3.7232084	94.19094	66.4815	-88.00854	0.7996066	10917.908915996552
145	862.75	15.270478	883.0	840.0	874.8	10.215674	889.0	855.0	1000.0	1000.0	579999	87.88166	3.7464395	95.66594	66.389565	-88.121666	0.7903567	10996.260052919388
146	860.5	11.5	872.0	849.0	880.9	15.481926	899.0	849.0	1000.0	1000.0	583999	87.9885	3.6853042	95.09102	63.750034	-88.224686	0.78734887	11074.254821300507
147	848.5	14.361406	869.0	830.0	840.8	25.817823	874.0	797.0	1000.0	1000.0	587999	88.06467	3.7217305	95.07851	65.89777	-88.2974	0.7834926	11152.367227554321
148	855.0	18.234583	886.0	839.0	878.6	19.734234	902.0	838.0	1000.0	1000.0	591999	88.06574	3.6622756	95.670906	65.49139	-88.29604	0.77061355	11230.741456747055
149	850.0	21.575449	871.0	820.0	862.9	16.058954	893.0	841.0	1000.0	1000.0	595999	88.23941	3.6567452	95.497215	66.048904	-88.4772	0.7697046	11309.069366693497
150	838.25	13.881192	857.0	818.0	883.0	15.543488	908.0	858.0	1000.0	1000.0	599999	88.14192	3.6843338	94.72889	67.37645	-88.363144	0.7619607	11387.811579942703
151	854.5	11.521719	871.0	841.0	825.1	25.48117	867.0	797.0	1000.0	1000.0	603999	88.06572	3.6476917	95.07475	66.57033	-88.28781	0.7598297	11466.420638561249
152	858.5	5.6789083	866.0	853.0	869.6	20.392157	906.0	826.0	1000.0	1000.0	607999	88.09727	3.7081373	95.590614	65.86013	-88.32359	0.7773915	11544.786937236786
153	865.25	12.437343	881.0	848.0	860.6	17.229046	885.0	833.0	1000.0	1000.0	611999	88.12539	3.73173	95.69219	66.71107	-88.35429	0.7736112	11623.19347691536
154	843.5	14.361406	866.0	831.0	880.5	17.40833	905.0	841.0	1000.0	1000.0	615999	88.214	3.734604	96.94795	65.67482	-88.44198	0.7492177	11701.787412643433
155	846.0	18.934095	861.0	814.0	826.0	22.698017	866.0	780.0	1000.0	1000.0	619999	88.32738	3.758086	95.37403	67.09102	-88.55028	0.75595987	11780.324706077576
156	869.25	13.988834	888.0	850.0	875.3	17.675123	912.0	846.0	1000.0	1000.0	623999	88.43191	3.7181077	94.96311	66.95157	-88.6643	0.7642948	11858.667127847672
157	864.25	9.73075	877.0	851.0	869.2	12.742057	887.0	847.0	1000.0	1000.0	627999	88.48901	3.6945217	95.42344	67.14394	-88.709984	0.7531781	11936.93442440033
158	873.0	14.747881	890.0	851.0	890.2	9.410633	907.0	877.0	1000.0	1000.0	631999	88.56762	3.7501712	95.77804	68.60807	-88.79288	0.7585582	12015.201751708984
159	862.75	15.833114	884.0	847.0	883.3	15.912574	910.0	857.0	1000.0	1000.0	635999	88.69016	3.8266852	97.841896	67.35198	-88.92305	0.7739945	12093.670879364014
160	873.5	16.650826	893.0	847.0	887.6	14.221112	910.0	864.0	1000.0	1000.0	639999	88.86094	3.797594	96.109406	66.65057	-89.087654	0.7718387	12172.724141597748
161	848.75	19.664371	870.0	817.0	869.3	19.504103	891.0	822.0	1000.0	1000.0	643999	88.92533	3.7451913	95.42298	67.556465	-89.15102	0.74835485	12251.803598880768
162	866.25	6.0981555	874.0	857.0	888.7	12.418132	914.0	866.0	1000.0	1000.0	647999	88.89293	3.7372992	96.23561	69.298454	-89.11444	0.7426102	12330.677784919739
163	859.75	14.8891735	879.0	839.0	861.1	19.811361	884.0	821.0	1000.0	1000.0	651999	88.96727	3.6741638	96.38018	68.02406	-89.18783	0.7467643	12409.919697999954
164	857.25	11.255554	872.0	844.0	871.0	9.412757	889.0	853.0	1000.0	1000.0	655999	89.04988	3.6133008	96.63109	67.42318	-89.27078	0.7228057	12489.044579982758
165	869.5	21.971573	895.0	839.0	901.7	15.119855	928.0	875.0	1000.0	1000.0	659999	89.13861	3.6214876	96.34485	66.92352	-89.3646	0.72713524	12568.307558298111
166	881.0	14.456832	902.0	864.0	893.6	14.616429	926.0	869.0	1000.0	1000.0	663999	89.25137	3.6158035	96.064766	69.13617	-89.47233	0.7236821	12646.970269680023
167	846.0	30.561413	878.0	796.0	878.8	28.248184	908.0	804.0	1000.0	1000.0	667999	89.25916	3.5781984	96.27195	68.73823	-89.47177	0.73728245	12725.383506536484
168	868.25	6.7221646	876.0	858.0	851.2	21.390652	883.0	810.0	1000.0	1000.0	671999	89.20729	3.6034923	97.660164	68.56109	-89.42526	0.72050035	12804.24836564064
169	839.5	12.5	861.0	830.0	869.1	25.35922	914.0	830.0	1000.0	1000.0	675999	89.27858	3.592697	96.15317	68.18233	-89.496635	0.7118766	12882.623399734497
170	869.0	8.154754	883.0	863.0	894.4	15.525463	914.0	866.0	1000.0	1000.0	679999	89.42003	3.6075733	96.00018	68.466705	-89.64255	0.6987173	12961.31730723381
171	872.75	3.9607449	876.0	866.0	898.9	18.305464	922.0	871.0	1000.0	1000.0	683999	89.46943	3.5704954	99.15503	67.381645	-89.68544	0.6771713	13039.772585868835
172	874.75	15.880412	899.0	857.0	879.8	16.160444	906.0	849.0	1000.0	1000.0	687999	89.51368	3.5726345	95.69714	68.2061	-89.72865	0.6933773	13118.290124177933
173	876.25	15.546302	902.0	863.0	889.8	11.981653	909.0	868.0	1000.0	1000.0	691999	89.60855	3.5518289	96.58321	67.95522	-89.82726	0.6782284	13196.81677365303
174	870.75	16.33057	890.0	850.0	873.8	27.683208	895.0	798.0	1000.0	1000.0	695999	89.66566	3.5559075	96.15593	68.904625	-89.87828	0.6639692	13275.455416440964
175	851.5	25.441109	883.0	825.0	872.7	7.2670493	883.0	859.0	1000.0	1000.0	699999	89.64813	3.524909	97.54482	68.174446	-89.86011	0.667384	13354.227310419083
176	864.75	20.01718	892.0	838.0	887.9	11.793643	910.0	876.0	1000.0	1000.0	703999	89.64372	3.5964499	96.60409	67.76489	-89.8526	0.65438354	13432.750547170639
177	848.5	30.44257	891.0	805.0	885.7	10.658799	904.0	867.0	1000.0	1000.0	707999	89.67664	3.591873	95.86928	68.82006	-89.8905	0.6579271	13510.895128965378
178	872.25	14.201673	887.0	849.0	881.6	26.096743	917.0	819.0	1000.0	1000.0	711999	89.69376	3.552578	97.249886	70.69544	-89.90098	0.6644529	13589.24473786354
179	874.0	16.537836	902.0	859.0	894.2	19.389688	920.0	856.0	1000.0	1000.0	715999	89.76785	3.506759	96.259285	68.19011	-89.98283	0.65454715	13668.453119277954
180	871.75	13.329947	889.0	853.0	896.3	14.290206	913.0	877.0	1000.0	1000.0	719999	89.80763	3.5402634	95.812416	70.16661	-90.01622	0.65233713	13747.066901683807
181	871.0	9.027735	885.0	860.0	889.2	12.47237	903.0	867.0	1000.0	1000.0	723999	89.76613	3.575443	96.78522	69.02933	-89.96646	0.66962415	13825.505059957504
182	861.0	19.735754	889.0	836.0	898.8	18.20879	925.0	857.0	1000.0	1000.0	727999	89.81914	3.5414445	98.545845	70.0882	-90.02939	0.6561256	13904.195752382278
183	849.5	10.523783	861.0	839.0	880.9	21.130312	919.0	848.0	1000.0	1000.0	731999	89.81357	3.563664	96.183525	69.13236	-90.01917	0.6505932	13982.761920928955
184	845.25	21.06389	868.0	811.0	771.1	132.76631	870.0	407.0	1000.0	1000.0	735999	89.74934	3.6738071	95.9771	68.85845	-89.94612	0.69199085	14061.501466035843
185	848.75	41.39067	889.0	781.0	804.9	31.879305	849.0	733.0	1000.0	1000.0	739999	89.58992	3.7265112	98.58747	69.63581	-89.77047	0.7304192	14140.222659826279
186	858.75	15.562374	873.0	834.0	907.7	7.225649	922.0	895.0	1000.0	1000.0	743999	89.21396	3.4891798	96.12148	69.64163	-89.40634	0.67330265	14219.073934316635
187	873.5	13.047988	887.0	859.0	884.5	14.513786	908.0	862.0	1000.0	1000.0	747999	89.29556	3.493949	95.820854	69.68213	-89.4973	0.638235	14297.970631599426
188	867.5	20.81466	897.0	839.0	867.4	24.94073	905.0	826.0	1000.0	1000.0	751999	89.38722	3.4639168	95.19107	69.84058	-89.58645	0.6444141	14377.287764787674
189	872.25	6.4951906	882.0	865.0	882.4	17.13009	904.0	850.0	1000.0	1000.0	755999	89.48853	3.4818134	96.15463	70.283	-89.68816	0.6364436	14456.217279672623
190	845.0	24.617067	871.0	805.0	887.1	22.545288	922.0	835.0	1000.0	1000.0	759999	89.50118	3.531036	97.43048	68.86166	-89.69497	0.6483268	14535.180223703384
191	867.5	4.8218255	873.0	860.0	803.3	268.07428	913.0	0.0	1000.0	1000.0	763999	89.61996	3.5553346	96.695724	68.91103	-89.82242	0.6454903	14614.079949617386
192	846.75	11.366068	863.0	833.0	886.6	8.957679	902.0	870.0	1000.0	1000.0	767999	89.70046	3.5527782	96.291306	69.27959	-89.896736	0.64063925	14692.643230676651
193	863.75	12.152675	881.0	850.0	804.0	268.56992	913.0	0.0	1000.0	1000.0	771999	89.77366	3.5063167	96.84419	67.44367	-89.971146	0.6221948	14771.328283071518
194	874.75	7.7580605	885.0	865.0	891.7	13.28947	915.0	869.0	1000.0	1000.0	775999	89.83312	3.5477576	95.597824	70.9654	-90.02996	0.6240383	14849.98132443428
195	877.5	12.134661	896.0	862.0	893.2	13.695255	917.0	872.0	1000.0	1000.0	779999	89.91121	3.5417657	95.78474	68.24927	-90.10863	0.6261005	14928.605724334717
196	871.75	18.457722	899.0	848.0	892.8	17.37124	923.0	859.0	1000.0	1000.0	783999	89.95724	3.6001568	96.12497	69.028595	-90.15087	0.62745905	15007.48314166069
197	884.5	14.874475	905.0	863.0	896.7	16.673632	920.0	857.0	1000.0	1000.0	787999	90.03031	3.5795932	95.65621	71.08234	-90.22733	0.6354857	15086.134490013123
198	880.25	17.83781	897.0	852.0	890.9	19.715223	919.0	843.0	1000.0	1000.0	791999	90.07471	3.6027665	96.452255	69.35681	-90.268486	0.64938986	15164.88021016121
199	864.5	6.726812	873.0	855.0	902.4	15.435025	928.0	870.0	1000.0	1000.0	795999	90.03537	3.4413407	97.878006	70.24533	-90.22142	0.61160827	15243.62505531311
200	877.75	8.466847	887.0	864.0	884.4	12.467559	911.0	865.0	1000.0	1000.0	799999	89.92246	3.478937	97.29507	70.53422	-90.11145	0.6093464	15322.507399082184
201	882.75	7.5622416	892.0	871.0	872.5	25.710892	897.0	818.0	1000.0	1000.0	803999	89.98237	3.5034153	96.02671	70.19317	-90.173615	0.60850817	15400.970574140549
202	866.25	13.899191	889.0	854.0	883.0	14.518953	901.0	850.0	1000.0	1000.0	807999	90.03282	3.5910368	95.67573	70.84092	-90.22883	0.6308915	15479.78019785881
203	862.0	8.215838	874.0	853.0	878.1	18.184883	913.0	851.0	1000.0	1000.0	811999	90.11912	3.5347977	99.56417	68.73486	-90.3088	0.6102119	15558.681297302246
204	860.75	12.9301	871.0	839.0	886.0	18.330303	910.0	843.0	1000.0	1000.0	815999	90.03853	3.5589876	98.5607	68.680016	-90.220695	0.6389271	15637.631808280945
205	870.75	15.92757	884.0	845.0	888.6	13.929825	911.0	871.0	1000.0	1000.0	819999	90.0745	3.5480917	95.68887	68.5058	-90.268684	0.61696225	15716.362090110779
206	849.5	20.377684	868.0	818.0	904.3	12.474373	928.0	876.0	1000.0	1000.0	823999	90.19368	3.4827585	96.89927	66.39317	-90.38532	0.6012481	15795.1870367527
207	878.0	14.899665	896.0	858.0	897.8	11.864232	922.0	882.0	1000.0	1000.0	827999	90.23783	3.3987346	96.856224	70.91351	-90.426285	0.5743716	15873.752265930176
208	867.75	18.779976	883.0	837.0	878.6	17.664654	903.0	837.0	1000.0	1000.0	831999	90.33058	3.4065578	96.18719	71.220276	-90.51955	0.56891906	15952.763664245605
209	873.5	11.9478035	892.0	862.0	894.0	16.376814	921.0	868.0	1000.0	1000.0	835999	90.34937	3.4697623	95.89975	70.32371	-90.535675	0.5915052	16031.801619768143
210	837.0	40.205723	878.0	787.0	691.6	277.27502	850.0	0.0	1000.0	1000.0	839999	90.07415	3.410828	96.763664	72.09989	-90.21142	0.63622165	16110.751294136047
211	862.75	11.776566	882.0	850.0	908.5	10.7912	924.0	889.0	1000.0	1000.0	843999	89.45011	3.3039954	95.07182	69.91014	-89.62672	0.5611576	16189.474702835083
212	880.5	19.551214	900.0	849.0	893.4	14.840485	911.0	859.0	1000.0	1000.0	847999	89.51732	3.3872075	95.071045	70.51938	-89.69789	0.5579882	16268.24647116661
213	873.25	15.753967	895.0	851.0	893.0	13.091982	917.0	873.0	1000.0	1000.0	851999	89.58579	3.3939602	95.11484	70.42963	-89.76653	0.56083494	16347.607148647308
214	843.75	18.457722	871.0	820.0	895.1	15.636177	915.0	863.0	1000.0	1000.0	855999	89.50812	3.4467673	95.95677	70.244865	-89.6719	0.5836719	16426.64418721199
215	859.5	23.070543	879.0	822.0	903.0	16.840427	922.0	878.0	1000.0	1000.0	859999	89.38745	3.402969	95.10147	70.71055	-89.56427	0.5593716	16505.742636680603
216	861.0	24.010414	891.0	835.0	890.9	11.300001	907.0	873.0	1000.0	1000.0	863999	89.50618	3.428425	95.27247	70.44644	-89.687416	0.5684364	16584.885915756226
217	866.75	22.2977	885.0	829.0	877.1	14.102838	904.0	860.0	1000.0	1000.0	867999	89.69436	3.4186895	95.30406	69.58066	-89.875595	0.5567067	16664.452204942703
218	880.5	21.37171	913.0	853.0	886.0	13.56466	900.0	853.0	1000.0	1000.0	871999	89.78215	3.476958	95.548225	70.949104	-89.963196	0.57689124	16743.946254491806
219	877.25	25.635668	904.0	835.0	900.6	7.418895	911.0	889.0	1000.0	1000.0	875999	89.96765	3.4247682	96.24213	70.619194	-90.15281	0.5591511	16823.109051465988
220	870.25	10.207228	882.0	854.0	904.6	11.0381155	927.0	892.0	1000.0	1000.0	879999	90.08435	3.4347823	95.68471	70.69238	-90.26731	0.55913347	16902.426223039627
221	876.75	12.275484	890.0	864.0	901.2	10.107423	918.0	887.0	1000.0	1000.0	883999	90.31086	3.423649	97.86551	70.72055	-90.498314	0.5632167	16981.732704401016
222	855.25	15.352118	873.0	832.0	902.0	15.2184105	920.0	874.0	1000.0	1000.0	887999	90.45513	3.3767815	95.66035	71.09182	-90.635376	0.55269545	17060.895305395126
223	874.5	7.632169	884.0	864.0	910.9	9.606769	932.0	896.0	1000.0	1000.0	891999	90.4934	3.425673	96.710266	70.32138	-90.66624	0.55309427	17140.14762544632
224	886.0	10.024969	903.0	877.0	898.0	8.70632	913.0	884.0	1000.0	1000.0	895999	90.50502	3.3885703	96.13272	70.07535	-90.684425	0.5568889	17219.091036081314
225	876.75	20.253086	897.0	856.0	865.8	20.687195	901.0	828.0	1000.0	1000.0	899999	90.52609	3.3897712	96.74548	70.67249	-90.70301	0.5626046	17298.058056354523
226	869.25	13.935118	891.0	854.0	888.3	17.748522	912.0	848.0	1000.0	1000.0	903999	90.5085	3.4065595	97.39071	70.88854	-90.6868	0.5722136	17376.948734998703
227	886.5	16.194136	903.0	860.0	886.8	12.048237	909.0	869.0	1000.0	1000.0	907999	90.57553	3.441171	98.55993	69.00267	-90.75397	0.5800481	17455.71044254303
228	887.25	12.794042	906.0	874.0	890.9	12.573385	919.0	875.0	1000.0	1000.0	911999	90.65417	3.5187447	95.81433	69.45547	-90.8315	0.5729281	17534.634284973145
229	870.75	20.583672	900.0	849.0	897.8	11.106755	921.0	881.0	1000.0	1000.0	915999	90.69979	3.4308941	96.10291	70.7713	-90.87305	0.5428032	17613.674806833267
230	840.0	54.749428	883.0	747.0	910.3	11.454693	926.0	888.0	1000.0	1000.0	919999	90.69614	3.4047916	96.417915	70.70559	-90.870834	0.5473224	17692.952483177185
231	873.25	5.9319053	877.0	863.0	833.3	142.9224	898.0	406.0	1000.0	1000.0	923999	90.68461	3.417279	96.58607	70.8467	-90.86009	0.5638346	17772.20245075226
232	886.5	19.163769	906.0	864.0	872.5	23.850576	894.0	808.0	1000.0	1000.0	927999	90.65121	3.4240413	95.78975	70.472176	-90.81806	0.55010694	17851.20878624916
233	870.5	24.591665	895.0	843.0	894.6	16.529974	919.0	857.0	1000.0	1000.0	931999	90.6475	3.4919508	96.85583	69.54115	-90.82744	0.5656897	17930.35423874855
234	847.5	48.10665	894.0	769.0	894.6	8.014986	908.0	884.0	1000.0	1000.0	935999	90.62799	3.4580173	96.0731	69.89066	-90.776634	0.5864655	18009.569613695145
235	879.75	11.121489	890.0	861.0	862.2	21.155613	892.0	823.0	1000.0	1000.0	939999	90.35196	3.5579417	96.75851	68.77698	-90.520515	0.59401196	18088.611579179764
236	849.0	9.924717	857.0	832.0	896.7	15.608011	928.0	879.0	1000.0	1000.0	943999	90.21052	3.4916296	96.21454	69.61613	-90.36977	0.58915573	18167.751784086227
237	860.75	4.8669806	867.0	856.0	887.8	12.639621	904.0	866.0	1000.0	1000.0	947999	90.19883	3.4286454	95.92409	69.75413	-90.36615	0.57195264	18246.82835459709
238	888.0	7.7136245	901.0	881.0	896.9	16.76574	930.0	861.0	1000.0	1000.0	951999	90.25833	3.275007	95.11657	69.56217	-90.42552	0.5417193	18325.941999197006
239	879.25	8.84237	891.0	867.0	902.2	11.205357	917.0	887.0	1000.0	1000.0	955999	90.21372	3.3814423	96.952965	70.80794	-90.3798	0.5563457	18405.472672700882
240	856.0	18.547237	888.0	844.0	902.0	14.71054	924.0	876.0	1000.0	1000.0	959999	90.33398	3.3999867	95.758835	69.855644	-90.50384	0.54742	18485.083581209183
241	885.75	7.980445	895.0	873.0	888.6	15.337536	909.0	854.0	1000.0	1000.0	963999	90.41002	3.3491924	95.565895	70.38675	-90.57765	0.5496775	18564.61003804207
242	884.0	16.077934	903.0	860.0	900.6	15.850552	915.0	863.0	1000.0	1000.0	967999	90.4764	3.3703258	96.663185	70.002144	-90.64465	0.5746809	18644.308341026306
243	883.5	15.8823805	905.0	865.0	879.9	14.024622	908.0	860.0	1000.0	1000.0	971999	90.54749	3.337166	96.11193	71.24835	-90.7175	0.5601851	18723.789729356766
244	866.75	10.280442	882.0	853.0	912.4	10.346015	932.0	892.0	1000.0	1000.0	975999	90.65039	3.3572574	96.22763	70.12546	-90.81897	0.5514487	18803.154426813126
245	869.75	35.379196	905.0	813.0	902.1	9.833108	914.0	881.0	1000.0	1000.0	979999	90.70995	3.468424	96.04557	68.95263	-90.88199	0.5631621	18882.840179920197
246	877.25	17.795715	896.0	854.0	887.2	9.917661	899.0	865.0	1000.0	1000.0	983999	90.7178	3.3708854	96.36623	71.245636	-90.87655	0.55682284	18961.939444065094
247	891.75	7.8222437	902.0	880.0	887.9	15.003	904.0	853.0	1000.0	1000.0	987999	90.64115	3.3757737	96.88818	69.65104	-90.80478	0.54231614	19040.929921865463
248	882.0	11.661903	902.0	874.0	899.4	12.745196	921.0	878.0	1000.0	1000.0	991999	90.73732	3.3649182	96.29694	70.77522	-90.90668	0.5355629	19119.943073511124
249	884.25	11.076439	899.0	868.0	869.1	23.488081	910.0	824.0	1000.0	1000.0	995999	90.85064	3.3011286	96.059685	71.10688	-91.01755	0.53868437	19199.10154747963
250	883.0	7.905694	894.0	875.0	797.4	266.17184	907.0	0.0	1000.0	1000.0	999999	90.86236	3.4247353	97.21632	69.67833	-91.0283	0.5590183	19278.361860990524
251	880.0	7.0356236	885.0	868.0	900.1	7.105632	916.0	892.0	1000.0	1000.0	1003999	90.9658	3.2262478	97.26805	70.17911	-91.12663	0.5393679	19358.181468963623
252	866.0	17.930422	891.0	848.0	881.4	23.070328	907.0	827.0	1000.0	1000.0	1007999	90.95246	3.243408	97.634224	68.74388	-91.11598	0.5378453	19437.502893447876
253	878.75	11.5406885	897.0	865.0	899.3	8.062878	911.0	888.0	1000.0	1000.0	1011999	91.04384	3.064244	96.734955	72.11801	-91.195274	0.5113299	19516.935898303986
254	880.75	26.19518	911.0	847.0	888.1	15.655351	910.0	866.0	1000.0	1000.0	1015999	90.9278	3.1476982	95.99177	70.0981	-91.07122	0.5384018	19596.121062994003
255	863.5	18.11767	888.0	839.0	784.4	27.688263	835.0	742.0	1000.0	1000.0	1019999	90.81418	3.1435256	96.47421	70.42293	-90.952415	0.590598	19675.745915412903
256	874.75	27.652983	912.0	834.0	902.7	13.35702	926.0	886.0	1000.0	1000.0	1023999	90.50271	2.801752	96.72429	70.60501	-90.62861	0.5434475	19755.329963684082
257	878.75	16.005857	895.0	859.0	897.7	10.918333	919.0	877.0	1000.0	1000.0	1027999	90.5652	2.7208781	95.1687	72.09895	-90.70957	0.5209122	19834.72990846634
258	883.0	13.379088	906.0	874.0	891.2	10.590562	914.0	873.0	1000.0	1000.0	1031999	90.67203	2.6879902	96.37084	70.79388	-90.81119	0.52521247	19914.30674123764
259	885.5	9.604687	899.0	872.0	905.0	10.148891	918.0	893.0	1000.0	1000.0	1035999	90.79412	2.6081257	96.35979	71.68594	-90.93574	0.521868	19993.486728191376
260	881.75	7.189402	893.0	873.0	894.7	16.23607	913.0	870.0	1000.0	1000.0	1039999	90.95319	2.5214117	96.21739	72.16494	-91.086365	0.5306677	20072.810124635696
261	874.75	14.35923	885.0	850.0	902.3	14.142489	923.0	872.0	1000.0	1000.0	1043999	90.91044	2.4073832	96.56676	71.6009	-91.03097	0.51275426	20152.03402209282
262	875.25	18.673176	906.0	856.0	896.5	14.596232	920.0	868.0	1000.0	1000.0	1047999	90.94792	2.4098706	95.6385	70.98754	-91.08235	0.50250876	20231.864074468613
263	869.25	22.487497	888.0	831.0	894.8	20.826904	929.0	860.0	1000.0	1000.0	1051999	91.13897	2.3834846	97.42081	72.211586	-91.26732	0.4965821	20311.655044794083
264	855.25	20.01718	884.0	832.0	783.4	261.64603	894.0	0.0	1000.0	1000.0	1055999	91.22134	2.4177182	96.48509	71.33977	-91.34772	0.5014116	20391.84486055374
265	867.25	16.783548	894.0	848.0	902.6	18.051039	927.0	857.0	1000.0	1000.0	1059999	91.2577	2.4399374	95.88762	72.10602	-91.378944	0.4925934	20471.541590213776
266	858.75	14.254385	873.0	835.0	899.4	10.983624	923.0	885.0	1000.0	1000.0	1063999	91.32333	2.4951682	96.489426	71.82626	-91.44749	0.5035584	20551.26659297943
267	878.75	15.562374	901.0	857.0	902.8	13.392536	918.0	878.0	1000.0	1000.0	1067999	91.3791	2.31801	95.78215	71.669624	-91.49094	0.49675995	20630.80679011345
268	885.75	1.299038	888.0	885.0	877.9	13.714591	900.0	859.0	1000.0	1000.0	1071999	91.32536	2.3207536	96.35165	72.84724	-91.44522	0.48385942	20710.491950273514
269	885.75	8.166242	899.0	877.0	898.2	19.589792	924.0	871.0	1000.0	1000.0	1075999	91.35229	2.311707	95.91753	71.961624	-91.470985	0.48868534	20790.108639717102
270	862.75	5.7608595	872.0	857.0	887.6	10.451795	905.0	868.0	1000.0	1000.0	1079999	91.3443	2.2740836	96.03117	72.111855	-91.45466	0.45255366	20869.75789284706
271	883.0	11.726039	899.0	866.0	905.4	13.469967	926.0	877.0	1000.0	1000.0	1083999	91.28888	2.2533252	96.17192	71.69839	-91.40144	0.45190132	20949.138311624527
272	873.25	7.7580605	882.0	861.0	894.3	12.562245	910.0	875.0	1000.0	1000.0	1087999	91.28802	2.2723024	96.97089	72.1236	-91.39982	0.45383757	21028.82777762413
273	873.25	10.231691	882.0	857.0	888.9	12.28373	904.0	866.0	1000.0	1000.0	1091999	91.27036	2.2915483	95.83692	70.79022	-91.37432	0.47011432	21108.378530740738
274	870.25	6.832825	882.0	865.0	879.8	10.989086	899.0	860.0	1000.0	1000.0	1095999	91.26347	2.2807684	96.91955	70.990036	-91.37121	0.45662344	21188.10435605049
275	875.0	16.718254	893.0	848.0	907.7	5.8830266	917.0	896.0	1000.0	1000.0	1099999	91.25175	2.2625196	96.15073	71.357666	-91.35767	0.46023944	21267.927757024765
276	882.25	15.864662	893.0	855.0	900.7	11.645171	913.0	873.0	1000.0	1000.0	1103999	91.23189	2.245491	96.27166	71.578255	-91.33249	0.44529098	21347.639417409897
277	882.5	13.35103	905.0	870.0	897.5	16.584631	917.0	856.0	1000.0	1000.0	1107999	91.21958	2.356658	95.93263	71.134834	-91.319565	0.48460487	21427.33425450325
278	866.25	21.335123	900.0	846.0	860.3	25.436392	909.0	811.0	1000.0	1000.0	1111999	91.22847	2.3736727	95.46973	71.109314	-91.33155	0.49767825	21506.87801361084
279	868.0	12.509996	885.0	850.0	887.3	20.189354	927.0	862.0	1000.0	1000.0	1115999	91.21854	2.2469163	95.81628	69.43832	-91.31533	0.44973695	21586.36653113365
280	880.0	17.507141	894.0	850.0	882.7	15.684706	908.0	848.0	1000.0	1000.0	1119999	91.2446	2.2345572	95.6376	71.15866	-91.34889	0.42993444	21666.01888847351
281	880.75	7.3271756	888.0	870.0	881.7	19.849684	916.0	855.0	1000.0	1000.0	1123999	91.30991	2.205309	97.07707	69.817055	-91.41643	0.43422827	21745.699808359146
282	902.0	13.874437	920.0	883.0	713.7	357.23157	911.0	0.0	1000.0	1000.0	1127999	91.42419	2.184625	96.02494	70.89012	-91.53035	0.42966628	21825.277748584747
283	868.75	18.0745	893.0	846.0	895.6	13.624978	919.0	870.0	1000.0	1000.0	1131999	91.45805	2.1504414	96.40198	71.732704	-91.55619	0.40813056	21904.708560943604
284	870.75	18.49831	887.0	842.0	894.3	14.34608	910.0	856.0	1000.0	1000.0	1135999	91.42679	2.1325676	96.19554	70.84292	-91.52245	0.41739142	21984.627647161484
285	873.5	16.085709	892.0	850.0	891.6	14.664243	912.0	861.0	1000.0	1000.0	1139999	91.40105	2.1093266	95.954094	70.93895	-91.497116	0.39385608	22064.139173269272
286	895.0	7.905694	906.0	887.0	886.5	22.051077	912.0	837.0	1000.0	1000.0	1143999	91.43015	2.1072128	96.14215	70.67482	-91.52824	0.3919253	22143.595399856567
287	865.0	17.277153	885.0	838.0	900.4	12.31422	924.0	882.0	1000.0	1000.0	1147999	91.39993	2.0752769	95.8647	72.096504	-91.488495	0.39666724	22223.312597751617
288	874.25	8.785642	884.0	862.0	809.1	269.96756	917.0	0.0	1000.0	1000.0	1151999	91.32002	2.0910878	95.26411	70.313576	-91.414	0.38976306	22302.91631746292
289	858.25	43.973713	905.0	788.0	897.9	15.750874	928.0	871.0	1000.0	1000.0	1155999	91.44206	2.0718114	95.52874	71.45939	-91.538216	0.37507722	22382.871881723404
290	880.75	6.832825	889.0	874.0	904.5	6.0207973	916.0	898.0	1000.0	1000.0	1159999	91.49334	2.1314008	96.498116	71.909706	-91.586655	0.40382433	22462.993263959885
291	887.0	9.110434	896.0	872.0	885.9	12.79414	910.0	870.0	1000.0	1000.0	1163999	91.48038	2.121042	97.278145	69.77685	-91.567696	0.41206872	22543.083853960037
292	868.0	11.113055	883.0	852.0	900.2	11.608617	920.0	880.0	1000.0	1000.0	1167999	91.44075	2.1128185	95.330734	70.64861	-91.52776	0.39949438	22622.979707479477
293	738.5	266.05875	908.0	278.0	801.5	267.77875	923.0	0.0	1000.0	1000.0	1171999	91.43066	2.1221817	96.4722	69.560745	-91.52199	0.39885044	22702.904859542847
294	888.5	15.787653	906.0	867.0	882.0	23.991665	917.0	828.0	1000.0	1000.0	1175999	91.50151	2.1719234	96.144485	69.12187	-91.59011	0.39972836	22782.67661881447
295	874.5	29.330019	905.0	828.0	871.6	10.772186	890.0	856.0	1000.0	1000.0	1179999	91.51425	2.1674128	95.67656	68.45875	-91.600845	0.402729	22862.596299171448
296	877.5	17.51428	894.0	848.0	893.8	10.428806	905.0	869.0	1000.0	1000.0	1183999	91.54819	2.0688095	96.17176	68.91607	-91.637764	0.3798642	22942.2663564682
297	872.75	12.316148	892.0	859.0	876.3	18.952837	909.0	835.0	1000.0	1000.0	1187999	91.58775	2.0421612	96.44767	70.17466	-91.67523	0.3702611	23022.269161462784
298	876.25	7.7257686	882.0	863.0	903.5	13.433167	925.0	883.0	1000.0	1000.0	1191999	91.60279	2.0665016	95.92025	69.7116	-91.68833	0.37596673	23101.99058032036
299	881.0	20.3347	912.0	855.0	786.4	262.96774	901.0	0.0	1000.0	1000.0	1195999	91.61448	2.1069791	96.17705	69.50267	-91.69714	0.3793808	23181.645592451096
300	881.75	6.941722	888.0	870.0	814.0	164.39647	894.0	322.0	1000.0	1000.0	1199999	91.6234	2.0744426	96.04988	69.96149	-91.70737	0.3800942	23261.138130664825
301	872.0	11.640447	891.0	860.0	894.4	12.175385	916.0	878.0	1000.0	1000.0	1203999	91.57362	2.0706882	96.827896	67.9981	-91.65182	0.38060078	23341.098325014114
302	893.0	18.207142	912.0	867.0	903.1	13.064839	923.0	876.0	1000.0	1000.0	1207999	91.5897	2.02459	95.18557	69.82031	-91.67251	0.3598681	23421.07146048546
303	892.5	3.8405728	898.0	888.0	902.8	14.469277	921.0	870.0	1000.0	1000.0	1211999	91.62351	2.0039418	95.66347	69.56375	-91.70634	0.35130355	23500.634469032288
304	880.75	8.166242	892.0	869.0	888.4	23.766363	922.0	847.0	1000.0	1000.0	1215999	91.68117	1.9781117	95.91185	70.110176	-91.76589	0.34592396	23580.17340183258
305	874.0	22.505554	900.0	839.0	889.5	15.4159	916.0	854.0	1000.0	1000.0	1219999	91.69312	1.9595706	96.35423	68.68117	-91.767	0.34410834	23659.920982837677
306	878.25	8.728545	887.0	866.0	896.1	13.3450365	916.0	874.0	1000.0	1000.0	1223999	91.65528	1.9835771	95.33029	68.12333	-91.73192	0.34041452	23739.674203634262
307	861.5	25.391928	880.0	818.0	889.6	7.2965746	904.0	877.0	1000.0	1000.0	1227999	91.66416	1.9685385	95.94575	68.66493	-91.740654	0.34497613	23819.323368549347
308	870.0	23.505318	898.0	834.0	877.5	24.69919	919.0	826.0	1000.0	1000.0	1231999	91.61767	1.9702404	95.550354	68.69747	-91.68966	0.34593585	23899.570199728012
309	868.75	19.84156	899.0	850.0	891.1	26.391096	937.0	836.0	1000.0	1000.0	1235999	91.57361	2.031619	95.39125	70.19611	-91.644394	0.3754831	23979.40040063858
310	724.0	286.68536	905.0	228.0	895.9	23.419863	937.0	855.0	1000.0	1000.0	1239999	91.61078	2.0212476	95.354454	65.9374	-91.6855	0.35421667	24059.345600366592
311	885.5	8.958237	900.0	876.0	886.8	15.606408	912.0	869.0	1000.0	1000.0	1243999	91.62243	2.0368721	96.67843	66.8967	-91.696655	0.36093342	24139.20275425911
312	886.75	20.944868	922.0	867.0	881.6	11.9766445	894.0	854.0	1000.0	1000.0	1247999	91.67463	1.9618812	95.588264	69.98892	-91.74803	0.34940138	24219.15222978592
313	869.0	13.72953	882.0	847.0	908.5	7.889867	924.0	893.0	1000.0	1000.0	1251999	91.6451	2.0154781	96.14246	68.43477	-91.716095	0.34734955	24298.926733255386
314	872.25	11.8611765	883.0	853.0	884.1	17.08479	910.0	860.0	1000.0	1000.0	1255999	91.67699	1.9847238	96.32604	70.200325	-91.750015	0.3338637	24378.79351043701
315	869.5	27.427176	909.0	834.0	863.2	72.105194	906.0	651.0	1000.0	1000.0	1259999	91.67806	2.0169933	95.71726	69.101845	-91.74925	0.35830918	24458.74199771881
316	866.75	21.335123	887.0	831.0	906.6	11.297788	929.0	883.0	1000.0	1000.0	1263999	91.68682	1.9474099	96.17955	69.10974	-91.75617	0.3411065	24539.11892747879
317	869.5	20.377684	900.0	845.0	770.6	257.62888	890.0	0.0	1000.0	1000.0	1267999	91.67089	1.9304211	95.416626	68.88765	-91.729614	0.3323623	24618.944477796555
318	854.0	13.546217	867.0	832.0	903.6	9.604166	919.0	885.0	1000.0	1000.0	1271999	91.48341	1.9944494	95.98941	68.74577	-91.54683	0.35390157	24699.144812345505
319	873.5	11.169154	886.0	858.0	883.5	16.169416	907.0	857.0	1000.0	1000.0	1275999	91.4846	2.0093133	95.40191	65.6649	-91.55008	0.3511864	24778.93568754196
320	879.0	12.4499	892.0	860.0	890.7	13.038788	907.0	867.0	1000.0	1000.0	1279999	91.5435	1.9521929	96.33228	68.475685	-91.60969	0.32690227	24858.70283126831
321	871.25	20.363878	904.0	851.0	852.1	23.551857	882.0	805.0	1000.0	1000.0	1283999	91.58393	1.9413792	95.73976	66.89925	-91.64931	0.33375803	24938.54204773903
322	891.75	16.828176	914.0	874.0	900.0	22.436577	929.0	846.0	1000.0	1000.0	1287999	91.59442	2.0098848	95.9019	68.46266	-91.65614	0.33766302	25018.10995531082
323	901.75	23.983067	926.0	862.0	882.7	10.658799	903.0	862.0	1000.0	1000.0	1291999	91.67216	1.9767115	95.91031	67.70315	-91.732635	0.33105856	25098.113460063934
324	861.0	22.660538	887.0	825.0	885.9	10.958558	901.0	868.0	1000.0	1000.0	1295999	91.65996	1.912679	95.56816	67.46719	-91.721176	0.33108985	25177.817337036133
325	882.5	10.874282	895.0	867.0	876.0	11.366617	889.0	851.0	1000.0	1000.0	1299999	91.71268	1.8923758	95.68923	66.066605	-91.771454	0.31569892	25257.326037168503
326	872.0	35.234924	912.0	823.0	847.0	18.541843	870.0	817.0	1000.0	1000.0	1303999	91.48583	1.914161	96.5494	63.78764	-91.53012	0.3400992	25337.078674316406
327	886.75	15.368393	899.0	861.0	900.4	11.968292	919.0	885.0	1000.0	1000.0	1307999	91.35685	1.8780719	95.1675	65.20812	-91.40102	0.32761	25416.71684408188
328	878.0	15.378556	895.0	853.0	900.2	11.504783	927.0	888.0	1000.0	1000.0	1311999	91.1798	1.8420895	94.635414	67.95019	-91.23456	0.31212366	25496.21841263771
329	875.25	13.790849	893.0	857.0	901.9	12.872064	921.0	874.0	1000.0	1000.0	1315999	91.27106	1.8523772	94.99335	67.74028	-91.32903	0.3053488	25575.493363142014
330	874.25	17.469616	894.0	854.0	895.6	19.158287	917.0	842.0	1000.0	1000.0	1319999	91.38085	1.8524138	95.31088	66.96687	-91.43874	0.2952573	25654.769969701767
331	876.25	15.530212	899.0	860.0	880.0	14.373587	909.0	855.0	1000.0	1000.0	1323999	91.53249	1.8087002	95.71079	67.55869	-91.58971	0.28963935	25734.239031791687
332	850.75	11.388042	864.0	838.0	885.4	15.888361	908.0	862.0	1000.0	1000.0	1327999	91.50635	1.8199667	95.157715	68.25173	-91.54459	0.31083575	25813.82194876671
333	899.0	13.152946	914.0	884.0	911.0	12.774976	931.0	886.0	1000.0	1000.0	1331999	91.42655	1.8281785	95.68189	68.00628	-91.48469	0.309185	25893.22949719429
334	875.25	11.882235	894.0	865.0	870.4	12.862349	896.0	855.0	1000.0	1000.0	1335999	91.57859	1.7748384	95.33939	68.62993	-91.63873	0.2872702	25972.911121845245
335	869.25	12.193748	886.0	853.0	857.1	17.369226	891.0	824.0	1000.0	1000.0	1339999	91.69459	1.7672175	95.04696	67.91346	-91.750595	0.28025457	26052.572991371155
336	870.5	4.2720017	876.0	865.0	886.6	14.554724	921.0	870.0	1000.0	1000.0	1343999	91.68048	1.7327205	95.510345	67.90836	-91.72695	0.28255704	26132.27800130844
337	875.25	21.241175	899.0	841.0	881.8	16.172817	914.0	859.0	1000.0	1000.0	1347999	91.46956	1.8166351	95.78181	67.36457	-91.50243	0.32465416	26211.78720331192
338	869.25	13.988834	884.0	852.0	878.4	16.758282	905.0	844.0	1000.0	1000.0	1351999	91.40655	1.7857798	97.8097	67.64052	-91.45139	0.3041488	26291.687854766846
339	875.25	9.120718	885.0	861.0	905.0	9.95992	922.0	894.0	1000.0	1000.0	1355999	91.36257	1.7420602	95.94211	67.69588	-91.40509	0.27800313	26371.657454252243
340	846.0	10.977249	857.0	828.0	864.4	28.217724	900.0	816.0	1000.0	1000.0	1359999	91.38418	1.706564	95.81963	67.30194	-91.42703	0.27960572	26452.080214738846
341	875.0	18.124569	889.0	844.0	880.7	9.726768	896.0	868.0	1000.0	1000.0	1363999	91.3925	1.7518842	97.09681	67.56028	-91.438255	0.2740391	26532.269738912582
342	854.0	22.438807	882.0	823.0	841.3	177.84041	924.0	310.0	1000.0	1000.0	1367999	91.41656	1.7452012	95.26247	67.99983	-91.463165	0.27551574	26612.414083957672
343	883.0	10.747092	899.0	869.0	870.7	29.28498	906.0	805.0	1000.0	1000.0	1371999	91.49077	1.7839239	95.495964	67.23546	-91.53362	0.29465568	26692.53813433647
344	872.0	19.68502	891.0	839.0	869.5	22.312553	890.0	829.0	1000.0	1000.0	1375999	91.49179	1.7640172	95.26347	68.30596	-91.53614	0.29950607	26772.33911538124
345	868.25	6.219928	879.0	864.0	891.4	15.047924	909.0	869.0	1000.0	1000.0	1379999	91.56868	1.6826088	94.73031	67.83232	-91.61035	0.26022133	26852.069693803787
346	875.75	9.256754	891.0	867.0	813.7	109.10275	883.0	507.0	1000.0	1000.0	1383999	91.52896	1.7017398	103.38146	66.37995	-91.564804	0.2823334	26932.31302165985
347	869.5	24.088379	907.0	846.0	806.8	269.17236	915.0	0.0	1000.0	1000.0	1387999	91.53468	1.685474	95.285255	65.501656	-91.58235	0.26808292	27011.988255739212
348	867.0	14.247807	888.0	848.0	802.8	255.81471	908.0	37.0	1000.0	1000.0	1391999	91.64849	1.6860896	96.20758	66.22055	-91.69531	0.25954065	27091.868879556656
349	830.0	41.388405	865.0	761.0	853.5	21.827734	905.0	818.0	1000.0	1000.0	1395999	91.68347	1.6640025	95.04322	66.18348	-91.72188	0.26064673	27171.782224416733
350	883.25	15.610494	898.0	860.0	884.3	17.521702	918.0	861.0	1000.0	1000.0	1399999	91.67273	1.6899939	96.45288	66.4382	-91.71772	0.2643647	27251.788425922394
351	883.5	9.75961	898.0	871.0	883.8	14.253421	914.0	869.0	1000.0	1000.0	1403999	91.73498	1.6836404	95.53587	65.12235	-91.77837	0.25699562	27331.842211961746
352	855.0	31.04835	881.0	805.0	848.3	36.94875	905.0	790.0	1000.0	1000.0	1407999	91.80662	1.6842095	96.06392	66.269615	-91.84993	0.24625242	27411.90189266205
353	875.25	22.476376	893.0	838.0	882.5	16.5	908.0	863.0	1000.0	1000.0	1411999	91.82771	1.6731048	97.10578	65.52192	-91.86537	0.2513274	27491.588673114777
354	849.75	16.253845	868.0	826.0	897.3	9.654532	908.0	879.0	1000.0	1000.0	1415999	91.8677	1.6509928	96.261	66.534	-91.90855	0.24162436	27571.0321662426
355	852.5	18.227726	880.0	832.0	873.0	14.9733095	895.0	847.0	1000.0	1000.0	1419999	91.81956	1.6875141	96.664055	66.158	-91.85046	0.26132092	27650.544860124588
356	866.5	9.810708	876.0	852.0	884.7	15.199014	899.0	848.0	1000.0	1000.0	1423999	91.6774	1.6992483	95.6713	66.23226	-91.710945	0.2546144	27730.061578273773
357	858.75	10.059199	871.0	843.0	875.9	36.31928	907.0	773.0	1000.0	1000.0	1427999	91.67428	1.6863908	98.270935	66.00591	-91.70971	0.25247937	27809.849485874176
358	880.5	13.124405	891.0	858.0	900.2	26.087543	933.0	849.0	1000.0	1000.0	1431999	91.66141	1.7058833	95.53224	63.63259	-91.69533	0.25035614	27889.97062945366
359	876.0	12.747549	889.0	855.0	899.1	15.397727	921.0	868.0	1000.0	1000.0	1435999	91.6825	1.7205477	98.572044	64.00919	-91.72088	0.24546519	27969.773184537888
360	871.25	12.871965	886.0	857.0	866.2	18.142767	891.0	842.0	1000.0	1000.0	1439999	91.76415	1.7290553	94.64595	63.9109	-91.801704	0.24224804	28049.759151935577
361	872.25	3.269174	876.0	869.0	879.2	17.220917	905.0	847.0	1000.0	1000.0	1443999	91.78613	1.7015432	95.36274	64.124344	-91.818	0.23713098	28129.770437717438
362	857.5	33.320415	881.0	800.0	817.8	13.724431	836.0	788.0	1000.0	1000.0	1447999	91.74471	1.6311411	95.19452	64.75324	-91.76634	0.24244165	28209.685255527496
363	872.75	15.911866	897.0	858.0	887.2	18.55694	914.0	855.0	1000.0	1000.0	1451999	91.57637	1.6119984	95.15234	65.41002	-91.61254	0.23818073	28289.69894361496
364	858.75	19.765816	878.0	828.0	892.8	15.190787	928.0	873.0	1000.0	1000.0	1455999	91.65429	1.6136775	95.159195	64.91412	-91.68984	0.23641974	28369.479370117188
365	883.5	22.67708	906.0	857.0	906.6	16.782133	926.0	868.0	1000.0	1000.0	1459999	91.73865	1.6604372	95.29858	64.73857	-91.77403	0.23577698	28449.571375131607
366	876.25	16.176758	898.0	853.0	907.1	11.751171	925.0	888.0	1000.0	1000.0	1463999	91.84539	1.6413338	95.27084	64.325676	-91.881	0.235987	28529.48109793663
367	856.5	20.402206	875.0	822.0	905.1	13.567978	928.0	885.0	1000.0	1000.0	1467999	91.84669	1.6096872	95.519615	65.90397	-91.87589	0.2294017	28609.060289144516
368	883.0	4.690416	891.0	879.0	918.7	10.668176	942.0	903.0	1000.0	1000.0	1471999	91.85394	1.6308856	95.02359	65.24961	-91.88664	0.23634274	28688.892173051834
369	880.5	7.7620873	892.0	872.0	885.4	15.061209	911.0	864.0	1000.0	1000.0	1475999	91.84499	1.6127515	96.8702	65.54756	-91.87626	0.23028457	28768.663927793503
370	859.0	21.78302	886.0	829.0	848.0	26.37423	882.0	798.0	1000.0	1000.0	1479999	91.82314	1.6026152	96.116776	66.02184	-91.8498	0.23440546	28848.58971595764
371	861.25	14.35923	879.0	839.0	907.3	13.565028	919.0	874.0	1000.0	1000.0	1483999	91.74268	1.5979095	94.866585	65.290955	-91.77044	0.23478457	28928.708812713623
372	894.5	17.124544	907.0	865.0	900.0	11.287161	915.0	874.0	1000.0	1000.0	1487999	91.75483	1.5994933	95.023155	65.01564	-91.78603	0.2260707	29008.754756212234
373	869.75	17.383541	888.0	845.0	911.2	9.008884	924.0	899.0	1000.0	1000.0	1491999	91.75025	1.6088082	96.82116	65.04653	-91.78401	0.22478122	29088.595276117325
374	872.0	10.977249	886.0	857.0	875.0	22.108822	907.0	832.0	1000.0	1000.0	1495999	91.77392	1.5786202	94.990814	64.76765	-91.80256	0.22361937	29168.39054608345
375	882.75	10.985786	894.0	866.0	890.4	19.32977	925.0	859.0	1000.0	1000.0	1499999	91.66549	1.5714386	95.24884	66.02652	-91.68928	0.22719021	29248.356550216675
376	853.75	22.873293	876.0	822.0	900.7	14.498621	923.0	876.0	1000.0	1000.0	1503999	91.60298	1.5836668	100.0458	65.681274	-91.63156	0.22950508	29328.225503206253
377	865.5	0.8660254	866.0	864.0	900.3	11.0095415	916.0	880.0	1000.0	1000.0	1507999	91.6091	1.6346314	95.38697	64.47755	-91.639915	0.21694286	29408.42266178131
378	873.0	8.689074	884.0	864.0	911.1	8.825532	922.0	890.0	1000.0	1000.0	1511999	91.64681	1.5890465	94.53433	65.06389	-91.67547	0.21386313	29488.194145679474
379	866.75	15.610494	893.0	852.0	896.3	8.379141	906.0	877.0	1000.0	1000.0	1515999	91.67676	1.6071304	95.13113	65.91882	-91.7105	0.22049232	29568.118305444717
380	849.75	8.042854	858.0	839.0	867.2	23.163763	901.0	820.0	1000.0	1000.0	1519999	91.7052	1.5805472	96.29018	66.437485	-91.732574	0.23569092	29647.880864858627
381	864.5	21.569654	895.0	834.0	901.2	11.914697	915.0	880.0	1000.0	1000.0	1523999	91.69932	1.5755458	95.5088	65.92008	-91.730606	0.21703449	29727.793825387955
382	888.5	9.287087	898.0	874.0	859.0	19.462784	897.0	822.0	1000.0	1000.0	1527999	91.77396	1.6264117	94.976234	65.66824	-91.80822	0.228072	29807.760387182236
383	885.25	10.182706	899.0	872.0	910.3	13.214007	937.0	890.0	1000.0	1000.0	1531999	91.85293	1.6855284	95.10547	64.998055	-91.88775	0.23368733	29887.43606710434
384	871.5	22.005682	889.0	834.0	876.6	17.56246	908.0	838.0	1000.0	1000.0	1535999	91.89871	1.679095	96.66725	65.017586	-91.921616	0.23823583	29967.557851791382
385	866.75	20.53503	896.0	841.0	878.5	17.165373	904.0	856.0	1000.0	1000.0	1539999	91.79678	1.6968154	95.304016	64.809715	-91.82314	0.2586521	30047.190262317657
386	886.25	4.322904	890.0	879.0	908.9	8.938121	929.0	899.0	1000.0	1000.0	1543999	91.79016	1.5973341	95.27196	65.557014	-91.82256	0.24083672	30126.938449382782
387	878.25	20.178888	910.0	854.0	883.1	5.872819	892.0	874.0	1000.0	1000.0	1547999	91.7378	1.6005843	94.808586	66.632416	-91.75872	0.2530212	30207.00262117386
388	872.75	12.577261	891.0	856.0	899.9	11.17542	921.0	883.0	1000.0	1000.0	1551999	91.69574	1.6092771	95.79401	66.084305	-91.729256	0.23194164	30286.839515686035
389	876.75	10.497024	893.0	864.0	858.3	19.344507	887.0	821.0	1000.0	1000.0	1555999	91.76561	1.6432747	95.881775	65.368	-91.80067	0.23787327	30366.819316864014
390	872.5	18.062391	893.0	844.0	906.7	13.76263	931.0	883.0	1000.0	1000.0	1559999	91.81793	1.6592407	95.13866	65.49391	-91.84675	0.23282084	30446.88689303398
391	856.5	10.161201	867.0	840.0	867.6	18.364096	897.0	839.0	1000.0	1000.0	1563999	91.79174	1.6437194	95.22539	63.72929	-91.81817	0.23460434	30526.763070583344
392	864.25	6.0156045	872.0	857.0	892.9	14.996333	913.0	867.0	1000.0	1000.0	1567999	91.65504	1.61331	95.7467	65.176636	-91.66878	0.26737505	30606.512841939926
393	845.5	33.63406	872.0	789.0	891.4	10.873822	909.0	871.0	1000.0	1000.0	1571999	91.48184	1.5743043	96.94793	66.34518	-91.50513	0.23389469	30686.567308425903
394	880.0	5.2440443	888.0	874.0	911.0	8.888194	924.0	895.0	1000.0	1000.0	1575999	91.43628	1.5805435	95.11294	67.174225	-91.46446	0.21925738	30766.204082012177
395	882.75	6.8693156	893.0	876.0	892.2	16.684124	909.0	855.0	1000.0	1000.0	1579999	91.53151	1.5773144	94.35789	69.16505	-91.56311	0.21498595	30845.766543388367
396	883.5	16.393597	896.0	856.0	905.7	12.1	923.0	886.0	1000.0	1000.0	1583999	91.66233	1.5978748	95.00028	68.33044	-91.69746	0.22167659	30926.086956501007
397	892.0	9.669539	902.0	880.0	916.7	13.769895	936.0	892.0	1000.0	1000.0	1587999	91.7123	1.5638813	94.741486	69.33163	-91.74175	0.22980987	31006.01864027977
398	863.25	13.845125	880.0	842.0	906.8	8.588365	923.0	892.0	1000.0	1000.0	1591999	91.71085	1.580132	95.03353	69.23476	-91.734764	0.24093677	31085.69243335724
399	872.25	10.256096	880.0	855.0	892.8	11.364859	910.0	876.0	1000.0	1000.0	1595999	91.73164	1.5862434	96.078545	69.88396	-91.764435	0.23140477	31165.26577281952
400	878.75	10.280442	893.0	864.0	900.8	18.47593	924.0	870.0	1000.0	1000.0	1599999	91.77594	1.5998908	94.933495	69.52802	-91.80318	0.24124855	31244.762746334076
401	886.25	8.496323	898.0	874.0	869.7	10.421612	883.0	850.0	1000.0	1000.0	1603999	91.82126	1.6435729	94.89408	66.00252	-91.85595	0.23882052	31324.46549153328
402	847.75	29.175117	886.0	804.0	906.6	18.488916	927.0	873.0	1000.0	1000.0	1607999	91.87531	1.6830721	95.14503	66.34941	-91.903824	0.23970367	31404.267263412476
403	872.75	16.61889	901.0	859.0	897.8	18.685823	921.0	865.0	1000.0	1000.0	1611999	91.85078	1.6964972	95.93707	66.02177	-91.87532	0.248096	31484.31861448288
404	876.75	10.985786	890.0	864.0	761.2	18.181309	783.0	724.0	1000.0	1000.0	1615999	91.88277	1.678955	95.430756	68.3061	-91.91226	0.2406728	31564.442153930664
405	863.0	40.441315	913.0	803.0	890.3	14.751611	910.0	860.0	1000.0	1000.0	1619999	91.87508	1.6823741	95.94035	68.2053	-91.90234	0.24370109	31644.48890733719
406	886.75	9.781999	897.0	872.0	902.4	18.017769	924.0	857.0	1000.0	1000.0	1623999	91.91929	1.6755388	96.477554	68.36712	-91.94745	0.23918	31724.42785859108
407	872.25	22.851421	898.0	840.0	891.9	12.864292	911.0	868.0	1000.0	1000.0	1627999	91.89182	1.6866606	95.12287	68.16193	-91.91586	0.24851999	31804.511394023895
408	862.5	22.231733	892.0	841.0	865.9	11.691451	882.0	848.0	1000.0	1000.0	1631999	91.86361	1.6438718	95.05368	68.70614	-91.89043	0.23830198	31884.573062181473
409	869.0	21.52905	905.0	848.0	883.6	12.877889	905.0	858.0	1000.0	1000.0	1635999	91.78563	1.6318891	95.0137	69.09852	-91.80494	0.23617253	31964.528033971786
410	884.0	11.3798065	896.0	866.0	898.1	17.643414	933.0	873.0	1000.0	1000.0	1639999	91.6434	1.6804225	94.62659	68.32092	-91.66953	0.24299309	32044.263913154602
411	880.5	34.369316	918.0	833.0	796.3	266.05942	909.0	0.0	1000.0	1000.0	1643999	91.68905	1.6608404	99.327194	66.41119	-91.71791	0.25063008	32123.96136879921
412	875.0	11.55422	889.0	860.0	899.8	11.052601	928.0	884.0	1000.0	1000.0	1647999	91.69792	1.6629303	95.77804	68.1961	-91.72734	0.23915859	32203.756717681885
413	895.5	16.286497	909.0	868.0	911.0	16.382917	929.0	871.0	1000.0	1000.0	1651999	91.76141	1.6761209	95.313065	67.62179	-91.7915	0.22617905	32283.833850622177
414	885.25	14.618053	910.0	872.0	913.4	12.531561	938.0	896.0	1000.0	1000.0	1655999	91.80398	1.6477133	95.68237	66.87896	-91.83263	0.22952487	32363.951028823853
415	862.75	22.960564	895.0	831.0	743.8	196.30986	862.0	258.0	1000.0	1000.0	1659999	91.88086	1.6464925	95.426	67.54082	-91.911766	0.23493855	32444.328934192657
416	787.75	68.14094	856.0	676.0	835.8	23.04257	872.0	803.0	1000.0	1000.0	1663999	91.53371	1.6665481	95.4847	68.546394	-91.522484	0.32270437	32524.336505889893
417	801.5	55.91288	876.0	733.0	901.8	13.242357	918.0	882.0	1000.0	1000.0	1667999	91.01852	1.620115	94.73048	69.4002	-91.0285	0.29885748	32604.588963747025
418	859.25	27.84219	907.0	837.0	891.9	13.663456	913.0	865.0	1000.0	1000.0	1671999	91.10893	1.6691803	94.60481	67.87113	-91.134575	0.24520245	32684.50931239128
419	863.25	14.652218	888.0	851.0	898.3	10.305823	916.0	882.0	1000.0	1000.0	1675999	91.22719	1.7114018	95.04456	68.253204	-91.25716	0.26303613	32764.604788780212
420	881.0	9.273619	893.0	867.0	884.8	19.192707	919.0	846.0	1000.0	1000.0	1679999	91.41995	1.6663817	95.413475	67.71495	-91.45232	0.241269	32844.38888835907
421	859.25	21.370249	883.0	830.0	825.8	25.979992	860.0	780.0	1000.0	1000.0	1683999	91.50827	1.6999575	95.51891	67.055855	-91.53234	0.25285298	32924.221351861954
422	888.25	4.0233693	894.0	884.0	885.7	17.498857	916.0	854.0	1000.0	1000.0	1687999	91.57875	1.7045174	95.32699	68.034096	-91.6089	0.24300973	33004.19350552559
423	851.25	23.541187	875.0	813.0	873.2	27.715698	907.0	811.0	1000.0	1000.0	1691999	91.55945	1.680503	95.75803	66.98776	-91.57835	0.26720625	33083.87867355347
424	882.0	25.387005	905.0	839.0	892.8	14.154859	912.0	865.0	1000.0	1000.0	1695999	91.6313	1.637479	95.69733	65.853424	-91.66531	0.22860126	33164.02152276039
425	886.5	17.69887	912.0	862.0	910.3	13.319534	935.0	882.0	1000.0	1000.0	1699999	91.76152	1.6652708	94.58407	67.53127	-91.79444	0.23148885	33243.86872816086
426	875.0	10.606602	884.0	857.0	901.6	13.245378	922.0	881.0	1000.0	1000.0	1703999	91.90894	1.6398804	95.946846	69.01917	-91.941216	0.22053145	33323.87672948837
427	885.0	17.219175	902.0	859.0	884.0	17.435596	922.0	866.0	1000.0	1000.0	1707999	91.92184	1.6521863	95.56807	68.644356	-91.95393	0.21943179	33403.81108665466
428	863.5	11.608187	874.0	844.0	903.9	14.727186	931.0	875.0	1000.0	1000.0	1711999	91.79317	1.6459392	95.45004	68.11773	-91.80727	0.22967814	33483.79274916649
429	881.5	15.819292	902.0	862.0	912.2	7.934734	920.0	898.0	1000.0	1000.0	1715999	91.76718	1.6395166	95.94977	67.88823	-91.794945	0.22597542	33563.765172958374
430	888.5	8.616844	895.0	874.0	905.7	12.625767	929.0	888.0	1000.0	1000.0	1719999	91.80348	1.6376641	95.90856	69.5301	-91.834496	0.22647831	33643.31070232391
431	859.5	20.934422	877.0	824.0	881.6	20.718107	903.0	835.0	1000.0	1000.0	1723999	91.70971	1.6550494	95.937904	69.20612	-91.721565	0.2573931	33723.042080163956
432	865.0	15.049917	885.0	849.0	880.2	14.83779	910.0	861.0	1000.0	1000.0	1727999	91.59264	1.6866046	99.42486	68.20505	-91.619896	0.24124981	33802.641503572464
433	884.5	12.359207	896.0	864.0	807.2	269.30347	914.0	0.0	1000.0	1000.0	1731999	91.64703	1.677873	94.96702	66.33449	-91.67514	0.24855947	33882.65620112419
434	892.0	19.912308	918.0	865.0	830.8	16.03621	856.0	798.0	1000.0	1000.0	1735999	91.73433	1.6941696	95.02456	67.0168	-91.7651	0.24859028	33962.70925998688
435	842.0	50.63102	881.0	757.0	897.3	11.41972	918.0	877.0	1000.0	1000.0	1739999	91.85124	1.6989315	96.83618	69.034454	-91.88083	0.2553536	34042.55657839775
436	863.5	15.819292	883.0	846.0	905.4	13.146863	921.0	878.0	1000.0	1000.0	1743999	91.92	1.6814222	95.4579	69.89458	-91.948425	0.2396088	34122.83761382103
437	900.5	9.2059765	912.0	888.0	904.9	13.508886	923.0	876.0	1000.0	1000.0	1747999	91.99941	1.6813419	96.62661	68.18594	-92.0331	0.22553815	34203.0723567009
438	866.0	20.808653	895.0	837.0	909.2	10.618852	927.0	893.0	1000.0	1000.0	1751999	92.07055	1.7197796	95.19873	68.42918	-92.10225	0.23436575	34283.31536984444
439	883.75	7.3271756	893.0	873.0	894.3	14.771933	913.0	866.0	1000.0	1000.0	1755999	92.12495	1.7228111	96.03487	67.441055	-92.159874	0.24546368	34363.53434085846
440	889.75	5.629165	899.0	884.0	909.7	10.835589	926.0	886.0	1000.0	1000.0	1759999	92.16651	1.6746559	95.94074	68.17077	-92.19621	0.23511754	34443.667758226395
441	859.0	19.326149	882.0	834.0	901.4	16.280048	924.0	863.0	1000.0	1000.0	1763999	92.15053	1.6533213	95.58978	69.57414	-92.178406	0.22277448	34523.617074251175
442	882.5	9.75961	893.0	870.0	913.0	12.585706	934.0	888.0	1000.0	1000.0	1767999	92.1363	1.6243163	95.47286	69.61418	-92.16002	0.23198214	34603.605135679245
443	880.0	14.124447	902.0	863.0	913.3	11.19866	936.0	899.0	1000.0	1000.0	1771999	92.10984	1.6080106	95.60369	70.11613	-92.14328	0.22512028	34683.37637424469
444	876.25	20.425169	908.0	851.0	902.4	15.473848	925.0	873.0	1000.0	1000.0	1775999	92.08555	1.662344	97.461105	69.90429	-92.111465	0.24104609	34763.09784293175
445	885.75	6.3786755	893.0	878.0	881.5	14.207393	909.0	863.0	1000.0	1000.0	1779999	92.08928	1.6574807	95.78314	68.94826	-92.11805	0.23770566	34843.048401117325
446	855.75	22.960564	888.0	824.0	899.3	11.874763	915.0	880.0	1000.0	1000.0	1783999	92.09031	1.6111661	95.72808	69.270164	-92.11995	0.231926	34923.20271682739
447	840.75	25.053692	859.0	798.0	889.2	18.680471	920.0	855.0	1000.0	1000.0	1787999	92.06862	1.583346	95.42633	69.130646	-92.09146	0.23269986	35003.370723962784
448	866.75	19.891895	901.0	852.0	884.2	16.381697	907.0	860.0	1000.0	1000.0	1791999	91.97312	1.6197791	95.06647	67.39912	-91.99395	0.24419022	35083.352388858795
449	881.0	22.19234	907.0	858.0	885.0	22.297983	923.0	849.0	1000.0	1000.0	1795999	91.89326	1.5912331	96.341736	69.652275	-91.92084	0.23101649	35163.69584560394
450	862.5	15.976545	889.0	847.0	894.8	14.365236	915.0	872.0	1000.0	1000.0	1799999	91.78346	1.5711675	96.70785	67.94261	-91.801765	0.2499158	35243.794669389725
451	869.5	20.25463	900.0	843.0	903.0	11.63615	917.0	881.0	1000.0	1000.0	1803999	91.70916	1.6274838	94.747246	67.92044	-91.73254	0.25666577	35323.932388305664
452	891.75	19.84156	921.0	866.0	826.3	19.626768	862.0	800.0	1000.0	1000.0	1807999	91.68351	1.681972	96.74512	66.726006	-91.70939	0.24941126	35403.898127794266
453	892.0	7.7781744	901.0	880.0	879.9	20.26549	915.0	840.0	1000.0	1000.0	1811999	91.77969	1.6759404	96.349365	63.9337	-91.81277	0.24691851	35483.83620715141
454	873.5	18.309834	898.0	853.0	908.4	18.869022	936.0	864.0	1000.0	1000.0	1815999	91.85155	1.676198	97.67052	63.384956	-91.87522	0.2428193	35563.666786670685
455	886.75	17.85182	912.0	862.0	916.3	14.683665	937.0	891.0	1000.0	1000.0	1819999	91.87593	1.7946898	96.30709	60.708035	-91.90164	0.25140786	35643.53272199631
456	871.0	24.909838	896.0	831.0	870.1	15.92137	895.0	850.0	1000.0	1000.0	1823999	91.93805	1.7785031	95.5922	63.588463	-91.96208	0.25990447	35722.94975399971
457	871.75	9.470348	881.0	857.0	878.7	19.365175	904.0	847.0	1000.0	1000.0	1827999	91.79081	1.7337414	97.25091	65.36828	-91.81397	0.25905612	35802.6495320797
458	893.25	23.573025	916.0	860.0	897.2	16.509392	914.0	857.0	1000.0	1000.0	1831999	91.80891	1.724878	95.59467	61.88534	-91.83923	0.24580991	35882.34151482582
459	888.5	20.006248	919.0	863.0	803.9	194.04765	906.0	233.0	1000.0	1000.0	1835999	91.89914	1.7224165	96.066574	65.18134	-91.92664	0.23583142	35962.56059169769
460	871.5	14.221462	886.0	849.0	896.4	14.732278	916.0	866.0	1000.0	1000.0	1839999	91.97358	1.7556248	96.07347	64.8065	-92.00333	0.24794775	36042.48462176323
461	849.5	20.105968	881.0	828.0	893.8	11.426286	909.0	873.0	1000.0	1000.0	1843999	92.00422	1.7875762	96.82933	63.344017	-92.03264	0.27108935	36122.38086795807
462	872.0	12.747549	890.0	854.0	851.4	20.635891	886.0	819.0	1000.0	1000.0	1847999	91.93753	1.7238735	95.2482	64.855736	-91.95608	0.2581391	36202.35597372055
463	861.25	12.234684	878.0	846.0	860.7	13.892803	883.0	833.0	1000.0	1000.0	1851999	91.82198	1.7275687	96.393456	64.787415	-91.8417	0.25820738	36282.053178071976
464	889.75	5.9739017	897.0	881.0	906.0	10.945319	921.0	886.0	1000.0	1000.0	1855999	91.68976	1.6985782	94.5099	65.02439	-91.71519	0.25372416	36361.96695256233
465	885.0	22.371857	911.0	856.0	885.1	15.833194	909.0	859.0	1000.0	1000.0	1859999	91.7028	1.653785	96.49457	65.9406	-91.72845	0.24092627	36441.8103222847
466	884.5	6.1032777	892.0	875.0	898.4	19.184368	921.0	850.0	1000.0	1000.0	1863999	91.72591	1.6602123	95.26903	68.45289	-91.75516	0.23296495	36521.57715654373
467	882.75	5.1173725	889.0	875.0	884.9	10.492378	901.0	869.0	1000.0	1000.0	1867999	91.83462	1.6735178	96.456696	67.51673	-91.86758	0.23492566	36601.48317885399
468	869.0	28.556961	898.0	822.0	915.3	11.2521105	932.0	897.0	1000.0	1000.0	1871999	91.90696	1.6592524	96.50424	65.621956	-91.93621	0.22966227	36681.27065420151
469	895.25	10.42533	910.0	882.0	872.3	13.950269	893.0	851.0	1000.0	1000.0	1875999	92.01769	1.669778	95.74214	69.08638	-92.0505	0.22321546	36761.10193443298
470	856.25	27.940786	887.0	825.0	862.2	18.5731	900.0	831.0	1000.0	1000.0	1879999	92.05066	1.7129542	96.63848	67.53573	-92.07501	0.23969294	36840.96448683739
471	863.25	10.638962	879.0	853.0	883.0	16.52271	911.0	850.0	1000.0	1000.0	1883999	91.90045	1.7327875	96.824936	63.520214	-91.9125	0.2548194	36921.011852025986
472	889.0	13.601471	910.0	872.0	896.3	21.194574	923.0	850.0	1000.0	1000.0	1887999	91.72904	1.6964791	95.18999	63.73005	-91.75518	0.24035037	37001.02761673927
473	881.5	10.234745	893.0	865.0	842.6	24.856386	884.0	799.0	1000.0	1000.0	1891999	91.79319	1.6836584	96.05263	65.53152	-91.82251	0.22656326	37080.72135090828
474	874.0	23.695992	906.0	847.0	913.8	11.956589	933.0	893.0	1000.0	1000.0	1895999	91.84279	1.6755995	95.93293	66.434654	-91.87571	0.23484768	37161.07370305061
475	842.25	6.4951906	852.0	835.0	871.7	18.862926	896.0	844.0	1000.0	1000.0	1899999	91.88715	1.6645939	95.336945	66.417114	-91.9098	0.2492945	37240.86633372307
476	871.5	13.573872	880.0	848.0	873.5	16.347782	896.0	834.0	1000.0	1000.0	1903999	91.74305	1.6872523	95.35469	64.747406	-91.76327	0.2669833	37320.93365192413
477	867.0	19.42936	899.0	850.0	831.4	19.940912	857.0	792.0	1000.0	1000.0	1907999	91.65262	1.6247404	95.47095	64.8906	-91.67122	0.25935102	37400.993519067764
478	871.25	10.848387	884.0	860.0	900.4	10.688312	919.0	881.0	1000.0	1000.0	1911999	91.52922	1.631004	95.154495	67.59598	-91.55438	0.2517833	37481.27676510811
479	878.5	15.435349	896.0	856.0	890.0	6.5574384	899.0	877.0	1000.0	1000.0	1915999	91.53725	1.5945252	96.74907	65.46091	-91.560356	0.24292731	37561.463418245316
480	873.0	9.874208	890.0	866.0	911.5	10.365809	934.0	897.0	1000.0	1000.0	1919999	91.50872	1.6286213	95.04599	66.62527	-91.53491	0.23963864	37641.44779586792
481	839.25	30.58901	880.0	794.0	825.2	19.358719	853.0	782.0	1000.0	1000.0	1923999	91.43173	1.6351832	94.91184	66.24775	-91.43183	0.26558584	37721.57167029381
482	819.25	11.755318	839.0	809.0	855.5	24.597763	910.0	814.0	1000.0	1000.0	1927999	90.40866	1.72611	94.627945	64.41598	-90.37952	0.36553794	37801.54764342308
483	870.25	10.544548	877.0	852.0	876.7	15.773712	916.0	860.0	1000.0	1000.0	1931999	90.31997	1.6149709	94.37572	63.558422	-90.33995	0.25426406	37881.54398584366
484	863.75	13.404757	882.0	849.0	878.6	12.1424885	898.0	860.0	1000.0	1000.0	1935999	90.50955	1.6532441	93.67768	65.4158	-90.534645	0.23969385	37961.577184677124
485	874.75	15.254098	890.0	850.0	894.2	15.36099	911.0	855.0	1000.0	1000.0	1939999	90.70737	1.7068557	94.19034	64.62359	-90.731346	0.24480675	38041.65991950035
486	868.0	43.168274	913.0	820.0	903.5	16.614752	930.0	881.0	1000.0	1000.0	1943999	90.90961	1.6876606	94.789734	63.77181	-90.94133	0.24864006	38121.87205886841
487	894.0	11.979149	910.0	881.0	869.3	14.90671	894.0	841.0	1000.0	1000.0	1947999	91.21189	1.6672226	94.98241	63.976288	-91.243774	0.23817654	38202.02590703964
488	865.5	11.456439	880.0	849.0	878.1	19.305182	905.0	839.0	1000.0	1000.0	1951999	91.31819	1.645049	94.73565	64.27373	-91.33874	0.24295801	38281.863547325134
489	883.25	6.417749	893.0	877.0	896.0	16.739176	927.0	859.0	1000.0	1000.0	1955999	91.24197	1.6235483	95.14376	64.63986	-91.25674	0.25168765	38361.55854034424
490	887.0	11.575837	903.0	875.0	908.1	12.7236	934.0	890.0	1000.0	1000.0	1959999	91.27382	1.6713063	96.02078	64.752266	-91.306175	0.23868744	38441.482471227646
491	872.0	28.539446	900.0	825.0	897.1	11.184364	918.0	875.0	1000.0	1000.0	1963999	91.46679	1.6716624	95.8336	64.410835	-91.49602	0.24190204	38521.33103752136
492	894.25	13.442005	914.0	877.0	899.1	22.567453	920.0	847.0	1000.0	1000.0	1967999	91.60181	1.7158921	95.46483	63.966175	-91.63327	0.2533317	38601.424528837204
493	893.0	11.510864	912.0	881.0	854.0	20.557238	883.0	820.0	1000.0	1000.0	1971999	91.71755	1.7638935	95.49598	64.123146	-91.75013	0.24464032	38681.308057785034
494	881.5	13.425721	903.0	866.0	891.7	17.15255	923.0	853.0	1000.0	1000.0	1975999	91.88195	1.7350723	94.97255	62.78389	-91.915764	0.24741092	38761.333579063416
495	885.0	11.937336	901.0	873.0	892.8	11.513471	910.0	871.0	1000.0	1000.0	1979999	91.97854	1.6910343	96.54464	64.312225	-92.0102	0.23773545	38841.21023440361
496	876.75	6.417749	885.0	870.0	900.9	10.074224	923.0	888.0	1000.0	1000.0	1983999	92.02402	1.6993307	95.18589	64.15666	-92.05588	0.2310186	38921.219922065735
497	890.5	10.307764	904.0	877.0	907.2	6.415606	918.0	897.0	1000.0	1000.0	1987999	92.10098	1.689232	95.32503	64.014854	-92.134636	0.23259428	39001.453426361084
498	888.25	14.463316	910.0	872.0	910.9	9.004999	931.0	896.0	1000.0	1000.0	1991999	92.12506	1.6615777	96.035706	64.18666	-92.15732	0.22310586	39081.43726634979
499	890.5	18.607794	910.0	866.0	902.2	10.293687	922.0	887.0	1000.0	1000.0	1995999	92.17789	1.6626993	96.29648	65.95161	-92.21142	0.2236604	39161.409796476364
500	828.0	31.272991	878.0	794.0	892.1	17.30578	922.0	853.0	1000.0	1000.0	1999999	92.07342	1.6141142	96.03965	69.399155	-92.078735	0.26981726	39241.25285887718
