Epoch	AverageEpRet	StdEpRet	MaxEpRet	MinEpRet	AverageTestEpRet	StdTestEpRet	MaxTestEpRet	MinTestEpRet	EpLen	TestEpLen	TotalEnvInteracts	AverageQVals	StdQVals	MaxQVals	MinQVals	LossPi	LossQ	Time
1	32.797516	2.3695037	35.670982	30.160088	37.06168	14.208365	48.292248	4.7004557	1000.0	1000.0	3999	1.0908265	0.37856475	2.9406068	-0.8779172	-1.1703922	0.004280735	53.592602014541626
2	29.713457	1.1716001	31.072886	27.956268	34.4391	19.883888	48.961086	3.661748	1000.0	1000.0	7999	3.7393582	1.7754653	10.95548	0.6994793	-4.054776	0.014179332	122.27614259719849
3	43.95411	13.260873	64.3921	31.846375	28.060074	14.313928	42.109673	9.969624	1000.0	1000.0	11999	12.791862	4.3237863	23.181885	-0.69035673	-13.469673	0.07565819	190.34676551818848
4	30.600637	20.600243	51.902767	9.858008	33.883133	11.930581	49.729137	14.330653	1000.0	1000.0	15999	17.798925	1.7419606	25.840378	9.207424	-18.016129	0.0791053	262.57508873939514
5	28.498875	8.383532	37.90778	14.967768	43.914787	15.5413475	68.90462	27.20207	1000.0	1000.0	19999	19.864824	2.3495972	29.640413	8.832696	-20.218227	0.08030379	331.86103105545044
6	45.12442	22.366692	70.22182	12.546776	61.903282	8.3148575	74.052475	47.593445	1000.0	1000.0	23999	22.492973	2.5095818	29.469273	13.578936	-22.788609	0.06397872	399.53193640708923
7	48.995224	9.6423	60.94442	35.436325	57.276817	13.934507	82.058525	45.493355	1000.0	1000.0	27999	22.892452	2.4827719	30.564713	16.02671	-23.127977	0.04633461	470.7117347717285
8	88.82921	30.601273	130.0528	44.80214	88.71312	13.948552	113.74246	64.11037	1000.0	1000.0	31999	23.278667	1.1146482	29.140802	17.737192	-23.481476	0.055247713	540.2214963436127
9	92.94675	32.824196	141.56535	62.84565	139.90181	36.770348	178.56798	71.657455	1000.0	1000.0	35999	22.802975	0.9536153	30.397774	19.29246	-22.957859	0.042843252	611.7642664909363
10	122.54408	33.411793	145.61275	64.88893	118.92914	20.672935	149.11725	83.283325	1000.0	1000.0	39999	22.322355	1.6864716	34.447887	18.2193	-22.493433	0.050081268	681.1229295730591
11	81.584274	26.362432	106.31108	38.783714	58.560402	49.42976	156.36568	25.828962	1000.0	1000.0	43999	23.860083	2.2762017	36.930824	18.767645	-24.21696	0.085102566	750.9972050189972
12	124.59009	31.59397	167.3726	91.2238	138.57957	49.663544	189.17047	42.41327	1000.0	1000.0	47999	25.248405	1.6617572	38.83476	20.2185	-25.420094	0.07105891	822.9005420207977
13	122.904205	21.469057	149.46252	91.215485	36.365143	25.91697	97.935616	14.101161	1000.0	1000.0	51999	24.967262	2.6647122	40.328064	20.285261	-25.157646	0.094015546	895.373067855835
14	44.656292	18.51655	65.14041	15.748335	85.58152	52.84887	233.4561	44.691074	1000.0	1000.0	55999	26.181376	3.1581151	41.802094	20.229252	-26.512648	0.11088971	965.1422476768494
15	85.5221	23.272816	111.542366	48.24447	217.59485	22.970009	242.46426	177.17485	1000.0	1000.0	59999	27.451502	3.1125872	43.322197	22.163605	-27.66275	0.10519829	1036.1448020935059
16	151.33937	27.436203	184.52199	108.25898	160.92917	84.62052	250.3007	16.249853	1000.0	1000.0	63999	27.73296	4.0716805	47.60566	21.80812	-28.10819	0.15529859	1107.3600416183472
17	121.465004	65.46279	204.68977	30.1666	70.83934	41.120518	171.3692	14.416987	1000.0	1000.0	67999	31.514227	2.5058134	47.78984	21.994038	-31.807829	0.14537324	1179.7078349590302
18	178.14746	76.960594	260.23715	98.38867	263.78198	58.635212	325.39276	151.23799	1000.0	1000.0	71999	30.591263	3.13692	48.161304	25.300646	-30.785076	0.13658041	1254.5012743473053
19	213.57962	69.259254	280.13492	97.30172	242.37871	95.399864	348.0155	27.264526	1000.0	1000.0	75999	31.67392	3.6352913	52.25906	24.036411	-32.086746	0.19810484	1328.8554155826569
20	281.66888	56.443665	349.9336	208.44725	280.29776	98.96141	422.81656	149.83003	1000.0	1000.0	79999	34.02798	2.738742	51.43361	26.185	-34.271656	0.1986737	1404.15815782547
21	360.3263	46.950497	401.78885	280.83453	69.11068	65.72337	238.97182	26.557655	1000.0	1000.0	83999	34.620747	3.7721455	53.20248	26.754055	-35.028263	0.29346192	1479.3303563594818
22	31.122284	2.6266408	34.667507	27.268293	117.53506	135.73972	429.2043	23.535416	1000.0	1000.0	87999	38.377464	2.8399882	57.12872	27.33366	-38.738327	0.30300805	1555.5310776233673
23	160.55191	82.71285	232.52316	26.020815	472.69147	65.28155	575.24646	362.43262	1000.0	1000.0	91999	38.505775	4.134722	60.509514	29.647242	-38.796368	0.3366988	1630.7157814502716
24	277.81885	142.94986	443.60385	51.603466	458.3925	95.632996	560.854	207.29498	1000.0	1000.0	95999	41.305965	5.210777	67.04917	29.376263	-41.865944	0.4767282	1706.8149507045746
25	294.15973	201.8836	518.07153	40.472466	497.6494	59.117126	617.1387	381.90112	1000.0	1000.0	99999	44.01091	5.0998125	71.5499	33.618244	-44.371735	0.479191	1785.2738308906555
26	435.92047	161.82036	576.6111	161.2694	422.09393	260.47662	752.95325	23.08077	1000.0	1000.0	103999	46.33335	6.969662	77.079124	34.157146	-47.000946	0.7358468	1861.5006742477417
27	435.87122	256.29974	663.4118	27.845387	639.7975	152.59184	748.673	209.36238	1000.0	1000.0	107999	52.248096	5.747958	78.893265	37.783333	-52.724483	0.7264365	1939.6185584068298
28	576.1536	154.93239	680.293	309.1151	663.04456	72.54745	741.23895	493.65384	1000.0	1000.0	111999	54.131496	7.602547	84.13971	40.917057	-54.761333	0.76627547	2015.6064343452454
29	628.4767	180.33249	763.2283	320.84827	471.75946	121.65583	673.3376	265.5659	1000.0	1000.0	115999	59.03428	7.0841274	87.356544	42.963852	-59.545135	0.78492373	2092.6184606552124
30	700.2143	30.435596	737.64575	657.1639	733.7495	63.85436	834.7055	620.68317	1000.0	1000.0	119999	61.64555	8.423301	90.64631	45.038418	-62.320892	0.9027409	2170.525053024292
31	730.6347	65.887	797.81305	652.4248	734.2507	109.49597	853.18835	513.21014	1000.0	1000.0	123999	65.42139	8.13117	94.27086	48.826183	-65.94151	0.9617787	2246.362030982971
32	762.65845	81.10352	883.0064	671.9253	822.72864	54.25238	902.25415	716.76105	1000.0	1000.0	127999	68.50902	9.146866	94.67239	49.692165	-69.24961	1.06455	2322.44260597229
33	749.3701	146.4169	858.28094	497.1539	845.1138	31.450958	895.28296	803.9044	1000.0	1000.0	131999	72.81116	7.910323	96.33882	49.89392	-73.34256	0.95626247	2398.211254119873
34	692.245	298.91397	920.7532	178.10394	608.89716	387.00632	888.13586	17.902952	1000.0	1000.0	135999	74.34663	9.086947	100.060135	53.27311	-75.045456	0.99285835	2473.5662019252777
35	774.22534	56.052425	834.07697	684.3118	852.7418	55.566982	934.3719	750.62463	1000.0	1000.0	139999	77.30689	8.501416	100.155235	56.008255	-77.80907	0.97957724	2548.803252220154
36	860.01715	9.230361	874.5465	849.50415	885.9832	38.37039	925.9675	815.2397	1000.0	1000.0	143999	78.65301	9.693805	102.97524	55.352768	-79.29947	1.002784	2624.655488014221
37	836.6555	48.186806	919.19806	798.94604	910.4953	21.39154	938.80646	859.4773	1000.0	1000.0	147999	80.68371	9.604475	105.90625	58.793026	-81.26628	0.93604034	2701.9960532188416
38	665.6913	363.216	896.25	37.01404	900.57	22.788364	952.96454	871.6725	1000.0	1000.0	151999	82.607994	9.663368	105.3554	61.90107	-83.142624	0.9231959	2778.660370826721
39	878.3789	28.394905	912.7163	846.7805	878.20294	47.78602	938.93353	796.59155	1000.0	1000.0	155999	84.21391	10.197171	106.80643	60.43591	-84.917496	0.9953767	2854.899881839752
40	874.73364	47.0529	917.6324	796.0797	898.9919	63.05151	952.76434	725.11237	1000.0	1000.0	159999	85.7559	9.854828	107.30221	63.56567	-86.23737	0.9155227	2932.3540272712708
41	910.33386	5.0163264	917.88007	905.0775	920.99835	35.833096	962.96576	833.56757	1000.0	1000.0	163999	87.52473	9.447763	107.65361	61.613144	-88.15552	0.9834647	3008.2521402835846
42	861.9647	51.8335	923.77893	808.5764	924.0045	26.786339	965.54834	870.75476	1000.0	1000.0	167999	87.52793	10.533952	113.89292	59.535866	-88.056816	0.894222	3084.234932899475
43	894.94696	48.60793	953.70996	822.6006	915.16895	25.10275	962.49646	876.4185	1000.0	1000.0	171999	89.55447	9.727274	119.628685	64.577866	-90.13276	0.91866624	3160.062050819397
44	866.55865	70.893555	944.18475	751.95605	884.77014	25.732157	913.6857	817.7796	1000.0	1000.0	175999	90.36315	9.795833	127.777855	65.18852	-90.900375	0.8691687	3235.583074092865
45	888.7814	33.4004	931.72363	841.93335	736.7707	248.1454	922.84204	193.16644	1000.0	1000.0	179999	90.69065	10.447913	131.27592	62.207092	-91.19477	0.947837	3311.0226514339447
46	683.27344	235.02417	843.9693	277.16895	298.90115	223.87546	854.7062	36.042355	1000.0	1000.0	183999	91.59837	10.517483	130.99767	62.021835	-92.15315	1.0120714	3385.7257885932922
47	272.51923	338.0162	852.56525	37.831863	253.95186	304.52045	889.5993	15.343412	1000.0	1000.0	187999	96.2956	10.795131	135.14851	62.069412	-97.42638	1.4543875	3461.597230195999
48	359.39185	362.78683	889.62836	21.853214	274.78656	342.42398	918.34906	17.52692	1000.0	1000.0	191999	103.33906	10.919143	136.23087	60.203777	-103.89366	1.3368237	3538.6256635189056
49	779.1511	256.93848	943.749	334.4637	465.36493	445.5401	949.558	20.019316	1000.0	1000.0	195999	100.24077	8.015201	123.1059	68.298874	-100.66014	0.8988604	3614.7198193073273
50	491.50372	450.04358	941.95294	24.957033	314.72778	408.69272	948.14233	44.146233	1000.0	1000.0	199999	96.65773	7.388583	110.25778	69.09509	-97.01247	0.75849354	3690.635951757431
51	487.06128	462.0904	951.83777	17.376053	674.9852	419.15164	977.7707	13.773256	1000.0	1000.0	203999	93.25774	9.700934	112.93189	67.42541	-93.61303	0.761167	3766.8021306991577
52	485.0717	461.10184	971.1351	14.7023945	420.4501	412.9367	933.0967	15.28378	1000.0	1000.0	207999	91.51205	11.510863	111.42461	66.55434	-92.018486	0.87415326	3853.369959115982
53	449.49646	433.60773	913.1247	14.209648	612.16876	381.6845	943.69226	11.475165	1000.0	1000.0	211999	90.59119	12.4964075	110.31477	63.293484	-90.93166	0.8459727	3929.4450464248657
54	742.89166	281.10437	966.75433	261.04602	775.22266	253.64804	925.9879	19.442059	1000.0	1000.0	215999	89.39925	14.071213	110.72882	60.26808	-89.97992	1.0321496	4006.4477167129517
55	909.6882	36.608456	935.6792	846.50836	925.7716	26.664724	959.015	860.6448	1000.0	1000.0	219999	91.37336	12.229301	111.45391	61.54688	-91.79047	0.90013516	4082.3898973464966
56	913.4308	20.732922	934.12164	878.9603	933.5244	30.108145	971.0337	893.81744	1000.0	1000.0	223999	91.3209	12.735591	112.12383	61.007812	-91.9255	0.993734	4157.964729070663
57	737.6035	226.60927	919.5271	364.13235	920.7757	41.62911	976.612	837.6214	1000.0	1000.0	227999	92.68785	10.820426	110.05786	62.09677	-93.09654	0.8148625	4234.04482460022
58	879.09076	34.31392	919.4239	825.0853	910.4674	20.173418	935.9889	875.47003	1000.0	1000.0	231999	92.08969	11.496891	110.75216	62.120182	-92.620865	0.86258703	4309.688455104828
59	904.9258	24.425138	942.30945	877.04224	860.45593	30.920279	900.42816	818.7401	1000.0	1000.0	235999	93.06054	10.329825	110.84985	62.611298	-93.49477	0.7955398	4388.260536193848
60	937.1504	13.563052	950.0835	915.6598	939.4626	21.709093	970.13855	904.2617	1000.0	1000.0	239999	92.67871	10.931964	109.72514	60.85901	-93.17444	0.80200815	4464.392419576645
61	941.57635	4.3026958	947.5885	937.36444	953.4037	17.20104	975.6057	927.27313	1000.0	1000.0	243999	93.52159	10.166365	109.987686	62.36181	-93.99847	0.746594	4540.296767234802
62	925.4679	9.040088	937.55164	913.60785	936.63947	22.22201	978.875	909.51227	1000.0	1000.0	247999	93.58386	9.991455	110.532074	62.060715	-93.97193	0.7049606	4616.190380573273
63	935.6494	23.515759	972.2239	912.5148	922.34894	23.879997	949.2559	880.7275	1000.0	1000.0	251999	93.44706	10.049368	109.01395	63.57983	-93.92028	0.73129016	4691.938283920288
64	928.1857	21.931139	955.6713	905.5662	934.91046	18.307968	962.9872	892.6585	1000.0	1000.0	255999	93.12052	10.274594	110.11155	63.982365	-93.497246	0.64324415	4768.706936597824
65	925.14886	21.887873	950.6626	898.77057	915.53937	35.74829	953.9552	847.7018	1000.0	1000.0	259999	93.11713	10.440324	108.76295	61.77718	-93.56402	0.6668279	4844.658707857132
66	937.8976	32.190865	971.37354	896.84283	925.33234	29.163324	969.72253	875.8559	1000.0	1000.0	263999	93.37177	10.233083	109.68637	62.955536	-93.793945	0.6354721	4923.748466253281
67	938.99567	13.361769	956.0267	920.299	940.5876	21.63041	966.93243	888.4618	1000.0	1000.0	267999	93.47394	10.16554	107.78811	61.078762	-93.86828	0.60327756	4999.487469434738
68	946.3032	17.464603	975.66626	932.0423	941.2381	41.074528	976.45416	829.52606	1000.0	1000.0	271999	93.03022	10.507293	108.293045	61.844242	-93.40879	0.5977285	5074.677114009857
69	912.3192	14.53741	926.99005	893.82764	900.174	23.628695	933.18195	850.4545	1000.0	1000.0	275999	93.1215	10.368266	107.415985	64.427475	-93.53155	0.6281099	5150.550879716873
70	928.0092	10.819898	945.9878	917.0383	907.9281	36.798183	949.69324	814.54663	1000.0	1000.0	279999	93.39972	10.303582	108.228775	61.260002	-93.80547	0.63382757	5227.311249494553
71	948.42065	7.769687	957.51245	939.3324	947.1792	19.319857	973.2416	901.0484	1000.0	1000.0	283999	93.98234	9.863415	109.206985	60.374252	-94.40213	0.6345574	5306.31346988678
72	943.0422	21.110197	962.2173	911.0984	818.4048	33.300343	851.45215	746.87463	1000.0	1000.0	287999	93.90307	9.83055	109.01054	60.32388	-94.24666	0.56519496	5382.433814525604
73	893.4745	25.531654	933.8469	866.9244	930.111	25.330803	961.3556	876.40356	1000.0	1000.0	291999	93.80845	9.980143	108.480675	62.92481	-94.2132	0.5775155	5463.711818933487
74	888.5143	39.703335	952.6775	850.89307	941.8796	29.320889	980.1842	891.1017	1000.0	1000.0	295999	93.97261	9.928752	109.56378	62.404285	-94.339775	0.5856527	5545.981657981873
75	873.7304	74.95217	950.0956	786.4784	945.8201	16.127136	968.04095	916.66394	1000.0	1000.0	299999	94.06727	9.8874655	107.98213	61.874504	-94.43444	0.5861114	5625.147682905197
76	927.44104	21.0158	954.2713	895.5668	921.33624	43.750305	977.3476	828.8599	1000.0	1000.0	303999	93.42607	10.870434	107.222084	62.561172	-93.75862	0.6021831	5704.494791030884
77	924.7744	19.018053	951.4085	898.8957	914.42773	21.9386	957.89795	881.4391	1000.0	1000.0	307999	93.848	10.410564	107.796936	60.65164	-94.235634	0.6027182	5782.5364825725555
78	930.9981	38.296753	962.15826	867.52655	942.89764	18.264189	967.87775	908.542	1000.0	1000.0	311999	94.10294	10.182234	107.96033	61.107777	-94.46497	0.57611257	5859.957872390747
79	946.51306	4.61352	951.05365	938.8228	947.2928	29.847603	983.6365	880.97754	1000.0	1000.0	315999	94.12301	10.14198	108.033295	61.354794	-94.476524	0.5831817	5940.589589595795
80	933.474	40.411682	968.0255	868.9423	941.37286	20.00366	972.4663	914.2472	1000.0	1000.0	319999	94.40356	9.762128	108.119644	59.87452	-94.76609	0.5799965	6020.222824573517
81	856.9059	142.10178	945.4088	610.9102	949.61914	19.029175	976.1424	907.10077	1000.0	1000.0	323999	94.37464	9.862646	110.453926	60.699272	-94.71751	0.57979596	6099.410184383392
82	939.0065	3.89486	941.58765	932.28217	941.2624	12.670219	957.0455	922.1468	1000.0	1000.0	327999	94.72002	9.620174	107.94057	61.477657	-95.08658	0.58453345	6178.913826942444
83	950.15955	20.158792	974.7657	918.60846	934.3756	29.213196	983.60504	889.764	1000.0	1000.0	331999	94.52992	9.865882	106.569626	61.60596	-94.84133	0.54256654	6259.157315969467
84	953.7243	10.971172	965.8289	938.86676	954.6091	19.077177	980.7067	916.7671	1000.0	1000.0	335999	94.54404	9.91378	107.138985	63.306202	-94.8933	0.54414177	6337.66733956337
85	948.9563	17.982693	976.72906	926.4904	933.883	20.016272	955.6934	887.1188	1000.0	1000.0	339999	94.33363	10.182964	106.97771	62.62045	-94.63234	0.5197701	6417.2785902023315
86	896.1161	40.754036	943.4896	843.4397	928.05505	23.568943	959.116	893.271	1000.0	1000.0	343999	94.2179	10.392722	106.63297	61.21842	-94.56034	0.5444673	6501.736753702164
87	933.2187	29.223032	967.8264	890.8483	952.4873	32.17404	986.5012	881.54297	1000.0	1000.0	347999	94.34155	10.278445	106.49364	59.989067	-94.63998	0.5173893	6582.5144963264465
88	930.47705	23.073082	966.30817	902.3046	951.5189	20.612022	977.6352	906.47095	1000.0	1000.0	351999	94.24406	10.455754	107.805664	60.845566	-94.60094	0.55347496	6662.432260274887
89	932.45825	11.906482	951.616	920.3181	950.53973	14.0001135	978.0021	928.50885	1000.0	1000.0	355999	94.96254	9.55093	107.44695	60.778637	-95.28499	0.543598	6739.853192567825
90	942.5108	24.330345	964.5546	904.4963	947.88525	23.264893	974.2894	891.34265	1000.0	1000.0	359999	94.71048	9.933457	106.38556	60.181026	-95.01327	0.5182068	6816.805576324463
91	942.8415	22.950336	969.3901	906.52277	948.5386	15.616906	971.6197	918.66583	1000.0	1000.0	363999	94.94886	9.714241	106.40407	60.055725	-95.28446	0.5099392	6894.926387786865
92	910.25476	66.53072	965.8496	796.8861	931.5436	26.243876	972.5496	884.00714	1000.0	1000.0	367999	95.2646	9.375527	108.75572	60.239216	-95.57582	0.49896583	6973.522577762604
93	938.7677	22.637709	967.6405	909.7753	961.5829	20.849821	990.03986	931.52844	1000.0	1000.0	371999	94.89656	9.752457	114.55946	61.39783	-95.196434	0.5176828	7060.454792022705
94	926.62024	38.848022	971.3153	878.86566	959.7754	19.647533	981.3825	916.3513	1000.0	1000.0	375999	95.09177	9.58714	122.09164	60.401665	-95.39074	0.5333456	7137.989040851593
95	949.8711	13.954134	970.89813	933.4767	950.39844	25.743145	984.5731	898.29425	1000.0	1000.0	379999	94.70787	10.202758	124.05968	59.60068	-94.98676	0.5247722	7222.752796411514
96	905.2731	56.49058	967.0591	845.857	948.4919	27.457418	978.49164	881.9184	1000.0	1000.0	383999	94.65181	10.012586	112.80418	60.591293	-94.94561	0.5056258	7303.324385643005
97	948.8249	12.718714	963.00073	931.70764	951.68054	18.408787	975.33044	905.4278	1000.0	1000.0	387999	94.75789	9.724372	105.37001	60.824417	-95.061874	0.4765088	7380.316905498505
98	961.061	23.679073	983.9092	922.9401	960.7124	16.260004	979.43445	929.3623	1000.0	1000.0	391999	95.01256	9.346645	105.82773	60.94574	-95.31089	0.48704883	7457.438127994537
99	953.2153	7.5331545	964.0915	944.61993	945.24963	38.25919	974.5505	833.8998	1000.0	1000.0	395999	95.00468	9.407831	108.79222	61.253304	-95.27842	0.4841509	7535.525796890259
100	925.8906	29.515657	947.20123	875.2737	938.182	32.403526	980.50726	852.9374	1000.0	1000.0	399999	94.71473	10.038576	112.418015	60.43992	-95.002045	0.4975807	7613.65158033371
101	921.84296	2.9073765	925.89954	917.77216	949.23126	36.15023	990.8016	891.1565	1000.0	1000.0	403999	94.99816	9.669299	111.51446	62.002434	-95.28611	0.5122893	7690.5063552856445
102	972.64844	6.8164206	979.3051	961.3055	947.9045	19.399824	978.8922	908.482	1000.0	1000.0	407999	95.11586	9.508953	107.341675	58.52972	-95.4136	0.49716935	7767.329078674316
103	928.05994	24.695381	960.5068	895.34973	948.07666	17.944864	974.59784	910.18445	1000.0	1000.0	411999	95.28125	9.097399	106.11341	57.741734	-95.53866	0.4733559	7844.299936532974
104	958.15625	24.415384	982.99475	929.2597	952.4344	18.562134	982.51184	921.4389	1000.0	1000.0	415999	94.75327	9.970458	106.52266	61.57964	-95.014	0.4709804	7922.209619283676
105	962.38043	5.2078257	970.6475	956.4219	944.7459	27.138683	987.9493	882.0722	1000.0	1000.0	419999	95.1342	9.3631	107.01638	60.361385	-95.42787	0.48175433	7998.996823549271
106	931.7074	24.952127	951.28546	889.35016	945.4442	20.509018	972.8819	914.0728	1000.0	1000.0	423999	94.98329	9.501091	106.7796	62.28415	-95.24265	0.45072392	8075.334399223328
107	939.2404	22.008087	958.27106	904.0083	959.2169	9.354382	979.1062	945.7535	1000.0	1000.0	427999	95.17726	9.27201	105.29144	60.355885	-95.43533	0.47601417	8151.250669717789
108	950.64014	16.444931	976.03937	934.5325	950.2969	20.617428	976.8003	904.3645	1000.0	1000.0	431999	94.83713	9.946034	105.56592	57.27173	-95.10929	0.48460674	8226.691149234772
109	957.9533	15.228102	983.3377	945.3894	952.46484	22.96719	983.1538	898.57935	1000.0	1000.0	435999	95.0666	9.606977	105.32026	59.905167	-95.31192	0.45441034	8302.005640029907
110	956.76	13.851123	973.97015	941.07336	955.6561	27.315771	981.2167	878.87836	1000.0	1000.0	439999	94.89824	9.940962	105.061714	61.627182	-95.15957	0.4637038	8378.763544082642
111	963.98663	16.711357	978.62177	937.23175	958.7467	19.868364	984.80457	915.0095	1000.0	1000.0	443999	94.85178	10.00958	105.02638	60.879158	-95.10086	0.47222707	8455.545724391937
112	955.2872	13.222745	970.29535	937.7496	970.84375	11.945622	985.54974	945.0876	1000.0	1000.0	447999	95.18718	9.754861	104.89396	60.61522	-95.46927	0.4965164	8533.472926855087
113	958.30493	13.247754	976.39215	938.96405	939.1212	28.106775	975.8243	888.4088	1000.0	1000.0	451999	95.19659	9.715759	105.721306	60.805763	-95.42037	0.44851872	8612.75860619545
114	944.298	9.536131	956.5495	929.92346	951.41034	29.977402	985.2257	908.4417	1000.0	1000.0	455999	94.90567	10.331911	105.5309	59.82443	-95.1588	0.4654244	8689.28472161293
115	951.4595	21.60841	982.5297	922.1014	963.05225	14.604487	984.3932	940.5472	1000.0	1000.0	459999	95.02511	10.036494	104.89746	59.23518	-95.26974	0.44613764	8766.461769104004
116	947.9765	17.810078	973.7612	924.5525	965.2803	17.141956	985.4095	923.4627	1000.0	1000.0	463999	95.24645	9.786329	105.42951	57.611477	-95.513115	0.4682678	8848.908873081207
117	951.09265	22.708525	968.3582	912.9335	962.6766	19.236168	987.0562	929.44257	1000.0	1000.0	467999	95.26096	9.760911	106.10487	57.667908	-95.48896	0.43867776	8934.716325044632
118	961.7156	6.0995374	967.8766	951.6763	949.07294	18.441782	981.75165	911.36975	1000.0	1000.0	471999	95.40149	9.620342	105.224945	59.91644	-95.66169	0.45087904	9012.547468185425
119	948.0458	29.63791	976.5453	906.874	961.6613	16.804857	984.1849	924.11865	1000.0	1000.0	475999	95.52972	9.423396	106.194824	58.03323	-95.76826	0.4436228	9095.109682321548
120	943.0509	6.0457563	951.26324	934.3993	958.0685	23.14593	985.17194	920.8774	1000.0	1000.0	479999	95.48019	9.593428	104.88926	59.357506	-95.73225	0.43814826	9171.899787187576
121	964.7945	11.5853615	981.9863	954.10156	951.1619	10.700298	974.9443	933.1051	1000.0	1000.0	483999	95.77843	9.0932665	105.10121	60.89663	-96.02159	0.42755613	9249.027843236923
122	941.7614	22.129091	960.8856	904.7712	958.5358	16.479465	987.40094	937.4682	1000.0	1000.0	487999	95.80569	9.070312	105.274994	60.006824	-96.039185	0.4061072	9330.871958494186
123	954.50116	4.203322	959.881	948.6414	959.16016	14.128531	981.31195	932.37524	1000.0	1000.0	491999	95.6937	9.299576	104.269936	61.147484	-95.9384	0.40984133	9407.563127994537
124	963.4685	3.3776355	968.92206	960.5562	935.7179	23.029547	970.69464	894.4908	1000.0	1000.0	495999	95.81902	9.1341715	105.1658	56.813965	-96.04136	0.39017347	9494.816387176514
125	931.3638	32.988586	969.6772	878.91156	943.10156	33.86119	986.81	861.3448	1000.0	1000.0	499999	95.72897	9.301871	105.56938	58.343353	-95.96578	0.40267295	9571.919530391693
126	933.9027	30.024593	963.95374	886.3779	959.1951	14.928288	981.4986	934.87305	1000.0	1000.0	503999	95.7357	9.2936	106.376785	59.09103	-95.96535	0.40719402	9652.012061834335
127	926.8997	39.437008	955.6612	859.051	948.99304	19.82413	986.5555	923.4533	1000.0	1000.0	507999	95.93115	9.057527	104.96866	59.057915	-96.15908	0.4143514	9728.765382051468
128	965.0642	13.302061	980.2608	944.56647	957.5654	13.952231	983.73914	933.4567	1000.0	1000.0	511999	95.88084	9.189523	104.57897	57.923206	-96.12202	0.43402362	9806.285598754883
129	957.93536	13.334519	969.9408	935.8634	965.6704	22.16406	988.47546	913.3796	1000.0	1000.0	515999	95.88173	9.174639	104.946815	60.796776	-96.08666	0.40762982	9883.639726638794
130	945.35474	26.35669	966.0291	900.42926	963.2705	5.8162694	970.3504	950.5564	1000.0	1000.0	519999	95.86205	9.257176	104.626144	60.520176	-96.09862	0.42593285	9959.574947595596
131	943.14685	12.8245735	959.5869	928.4812	968.7484	11.733251	983.1489	947.5566	1000.0	1000.0	523999	95.7391	9.601721	104.92577	60.21908	-95.96814	0.4205263	10038.50426197052
132	962.4734	16.182018	979.81775	940.93896	957.64825	15.885206	981.6601	935.0512	1000.0	1000.0	527999	96.06317	9.004977	104.37427	59.20428	-96.27241	0.40968537	10118.745888471603
133	949.1709	12.284077	966.62915	932.11444	964.0169	16.871695	989.7494	935.69354	1000.0	1000.0	531999	95.63564	9.816142	104.79309	58.047554	-95.84636	0.42155433	10196.57020163536
134	953.8119	14.922648	971.53986	930.4588	961.98615	15.283028	979.75024	934.06415	1000.0	1000.0	535999	95.78969	9.40041	104.73114	58.398663	-96.003876	0.39958617	10273.60189986229
135	962.26605	10.514032	976.88885	949.6966	958.5283	24.393177	985.67053	901.42975	1000.0	1000.0	539999	95.83502	9.399439	104.92519	57.27687	-96.06395	0.4056621	10354.560224294662
136	964.36285	16.66111	987.4886	940.5599	962.83826	10.71005	980.81836	941.4065	1000.0	1000.0	543999	95.92907	9.106718	104.17893	57.52152	-96.143364	0.40312135	10431.909608602524
137	968.0889	5.851136	973.7752	958.8049	952.5763	20.07769	980.6691	928.26654	1000.0	1000.0	547999	96.0059	8.9549675	104.21439	57.98241	-96.21763	0.3805547	10511.277541399002
138	940.12006	27.398193	975.7325	912.0742	949.2213	12.980311	970.2	931.777	1000.0	1000.0	551999	95.83763	9.354827	104.61467	60.553154	-96.04507	0.39204443	10591.138265371323
139	953.1197	11.983633	972.46655	939.9907	960.2667	21.245363	987.027	911.26807	1000.0	1000.0	555999	95.91136	9.361546	104.65436	56.17424	-96.11096	0.4010216	10668.154530525208
140	964.0729	19.393232	982.5372	933.4801	956.9359	20.202791	985.2565	921.0732	1000.0	1000.0	559999	95.70969	9.832087	104.93248	57.828983	-95.91898	0.40703446	10754.343275308609
141	957.2418	29.686077	982.8966	908.73846	964.3761	15.937727	991.0188	934.16394	1000.0	1000.0	563999	96.00576	9.318857	104.7502	57.869526	-96.22951	0.39510334	10831.27398443222
142	964.15173	16.263441	981.10657	942.1092	966.0431	16.025042	986.60126	934.61884	1000.0	1000.0	567999	96.15362	9.0014715	104.7976	56.50401	-96.36232	0.3851733	10907.765899181366
143	944.49365	18.64149	965.9331	923.84326	968.0252	14.118603	984.4941	944.5846	1000.0	1000.0	571999	96.16277	8.922399	104.894325	57.684326	-96.35969	0.39128184	10989.806574821472
144	928.0189	25.754444	948.2069	884.208	938.91736	26.099905	968.7063	900.8881	1000.0	1000.0	575999	96.03775	9.09651	104.179695	54.35489	-96.23929	0.39497533	11066.552534103394
145	973.23175	13.1051855	983.0511	950.72437	954.7306	17.75597	986.06274	914.34845	1000.0	1000.0	579999	96.01416	9.169966	104.02342	59.149277	-96.20934	0.38614324	11143.053817749023
146	944.0333	24.05632	969.8139	913.4233	944.4513	24.989996	981.4091	891.5969	1000.0	1000.0	583999	96.09923	9.075539	106.72672	57.760536	-96.315155	0.37491003	11219.11316561699
147	961.3947	23.406376	985.4183	933.0362	961.8245	21.217295	987.862	920.21173	1000.0	1000.0	587999	96.25942	8.814356	104.03723	58.565025	-96.45067	0.37667462	11298.751294374466
148	954.2608	8.591538	967.44867	943.4314	960.7086	11.162593	975.3709	944.16626	1000.0	1000.0	591999	96.25328	8.942318	104.30924	58.371464	-96.46405	0.36937192	11374.863968610764
149	980.813	4.165811	985.92523	976.68884	946.3384	19.471458	979.4121	915.0143	1000.0	1000.0	595999	96.47385	8.523939	105.171486	59.501225	-96.67033	0.35791916	11457.388029575348
150	956.0017	13.949014	977.0704	939.43115	959.2085	16.692223	981.1626	929.8158	1000.0	1000.0	599999	96.4577	8.752212	104.629944	59.411655	-96.66423	0.3775318	11537.42093372345
151	952.9809	2.9322577	957.3747	950.1677	958.0707	22.407194	986.16095	908.5712	1000.0	1000.0	603999	96.3789	8.838293	104.09066	61.8888	-96.5615	0.37183607	11615.198442459106
152	952.33484	25.126572	983.4806	916.01166	960.4714	12.360605	987.0506	942.8976	1000.0	1000.0	607999	96.3511	8.77464	103.93912	62.317295	-96.555	0.3910719	11691.45931839943
153	951.8009	20.71444	978.28955	922.4139	958.17566	31.309938	991.089	896.98145	1000.0	1000.0	611999	96.40557	8.67174	103.952156	58.59484	-96.602875	0.36668473	11768.849700450897
154	958.2504	35.86298	984.5408	896.6069	968.74493	10.603637	988.67224	954.919	1000.0	1000.0	615999	96.55696	8.377641	104.59386	61.530327	-96.75317	0.3708312	11845.4267308712
155	953.7975	18.419687	976.7914	930.1079	952.9803	29.375261	988.75574	879.19696	1000.0	1000.0	619999	96.51808	8.448218	103.814064	61.282127	-96.705185	0.35767138	11922.10143995285
156	932.1045	25.36311	966.075	898.992	973.07715	10.041471	987.4964	953.5969	1000.0	1000.0	623999	96.42284	8.564416	104.99542	57.642204	-96.613716	0.36540025	11998.798295021057
157	972.2378	12.826463	986.1436	958.0985	955.8644	24.627861	983.537	890.1564	1000.0	1000.0	627999	96.50615	8.388678	104.367516	59.214367	-96.69136	0.3719325	12075.79689335823
158	954.951	20.488916	972.19183	921.6284	951.28827	29.463453	985.7522	884.18164	1000.0	1000.0	631999	96.31343	8.738473	105.78229	60.831657	-96.49603	0.37116882	12153.89922118187
159	958.5367	10.065871	970.13116	947.1992	956.78894	21.653538	982.3186	901.2976	1000.0	1000.0	635999	96.33798	8.687145	104.5066	61.551823	-96.524734	0.35431653	12230.418030261993
160	960.3566	19.095217	983.1702	934.1419	965.0734	18.622688	988.6932	925.9622	1000.0	1000.0	639999	96.32474	8.633505	104.57938	59.06871	-96.503006	0.3404669	12307.420887470245
161	956.8237	9.471668	968.6783	944.94714	962.9369	17.503351	984.46313	920.4552	1000.0	1000.0	643999	96.38305	8.588974	104.2018	59.543503	-96.581665	0.35231048	12385.217977046967
162	942.6823	30.237617	969.72003	892.8587	962.49023	21.076496	987.7791	929.52875	1000.0	1000.0	647999	96.505	8.331372	103.64884	58.92215	-96.68377	0.34234986	12461.073348999023
163	917.19727	26.606264	953.51	879.3756	966.7113	12.76473	983.31836	946.7271	1000.0	1000.0	651999	96.49742	8.360152	103.83254	61.1516	-96.682396	0.35141486	12536.070363044739
164	955.01776	14.424884	969.0225	931.3137	960.334	18.497372	987.24164	922.8238	1000.0	1000.0	655999	96.43638	8.4275255	105.79369	61.119076	-96.61169	0.3562827	12611.561222076416
165	937.93866	26.14952	965.3842	896.8498	952.45935	27.796738	984.7091	888.69446	1000.0	1000.0	659999	96.38318	8.499336	104.47476	61.454483	-96.56475	0.37555763	12688.155597925186
166	952.19824	14.639139	976.0195	937.8041	926.6854	24.120857	966.91876	897.8655	1000.0	1000.0	663999	96.47796	8.290144	104.1624	60.549904	-96.65779	0.38660794	12765.414924144745
167	960.9298	25.70328	983.7124	919.41003	926.34686	16.928488	947.0834	897.1032	1000.0	1000.0	667999	96.33021	8.620516	105.18712	61.09107	-96.49591	0.37320107	12842.072200775146
168	955.0931	24.345848	984.73004	917.0068	953.47644	15.254814	971.8495	930.1738	1000.0	1000.0	671999	96.47748	8.446199	103.97658	61.53645	-96.677986	0.38424647	12918.656294584274
169	934.9262	36.801197	967.8321	872.8882	957.42786	17.887215	984.6542	929.68884	1000.0	1000.0	675999	96.69942	7.909041	103.77957	58.307217	-96.87673	0.35309753	12995.22795534134
170	959.1657	10.6907835	970.73004	942.94476	945.93225	26.154655	989.2491	906.00354	1000.0	1000.0	679999	96.7187	7.8771033	104.24492	51.047913	-96.88493	0.35390764	13071.984641551971
171	957.1706	13.859842	969.4987	933.791	952.04297	19.438538	980.3626	918.728	1000.0	1000.0	683999	96.40255	8.522476	103.50366	57.7733	-96.568245	0.35549617	13148.340617656708
172	953.9819	8.117461	963.8517	942.9258	967.39667	24.202816	985.2844	899.45593	1000.0	1000.0	687999	96.46628	8.447483	104.4676	59.228233	-96.64408	0.3608996	13225.440629005432
173	964.052	8.997342	976.49286	954.79395	946.92737	16.516352	975.95605	915.913	1000.0	1000.0	691999	96.59132	8.1938095	103.955055	60.248924	-96.77271	0.36156738	13302.106530427933
174	956.18713	2.786457	958.325	951.396	940.09393	33.21606	975.1335	887.349	1000.0	1000.0	695999	96.80653	7.7889934	103.10993	58.66373	-96.98839	0.37273002	13378.590548038483
175	957.1657	15.119529	981.45844	941.5442	947.4606	14.89611	972.2236	915.06244	1000.0	1000.0	699999	96.79025	7.7912984	104.76474	60.04745	-96.95733	0.3581886	13455.50296831131
176	956.19617	22.050322	983.5465	923.60504	960.0792	20.539375	978.78424	910.15515	1000.0	1000.0	703999	96.67857	8.044745	103.40738	62.29336	-96.83847	0.35148352	13532.623400211334
177	967.23914	16.921133	984.14886	945.5595	965.2254	12.247569	986.13654	943.1345	1000.0	1000.0	707999	96.50232	8.430583	106.00047	62.32087	-96.67161	0.35352036	13608.255475759506
178	949.1864	10.523383	958.90326	932.971	948.96564	36.456276	981.7732	853.93585	1000.0	1000.0	711999	96.79857	7.8964314	104.657196	63.503273	-96.97937	0.3500259	13683.601295471191
179	967.4967	15.230306	983.14716	947.671	949.0001	15.793678	972.4097	911.5732	1000.0	1000.0	715999	96.60776	8.460918	103.89087	62.630386	-96.75842	0.35018528	13760.735285520554
180	954.78064	25.139599	986.07056	929.3594	948.772	24.74068	979.38727	913.943	1000.0	1000.0	719999	96.57185	8.635468	105.8347	59.726524	-96.740456	0.36921847	13838.933786869049
181	961.4768	12.118536	979.3358	947.84283	958.88885	30.458485	984.39453	887.9217	1000.0	1000.0	723999	96.48845	8.680918	108.27579	60.444557	-96.650826	0.36121917	13916.326364040375
182	950.6348	22.587002	967.95935	912.006	949.28406	17.17101	984.44183	926.2122	1000.0	1000.0	727999	96.69753	8.307127	104.02381	60.26996	-96.873314	0.36023366	13993.225400686264
183	967.0226	7.570238	979.37366	959.49133	959.30975	15.583964	985.1226	928.35425	1000.0	1000.0	731999	96.85068	8.078535	103.68031	55.34022	-97.01452	0.3512984	14069.766522407532
184	970.1875	16.616276	984.6977	941.9979	961.40393	20.963106	985.393	926.39453	1000.0	1000.0	735999	96.8153	8.131442	104.99874	56.35415	-96.97771	0.34655166	14147.592765331268
185	960.6783	19.419096	990.13666	935.56793	951.07263	19.25942	979.01624	924.74365	1000.0	1000.0	739999	96.65807	8.40183	104.237526	61.83571	-96.81328	0.34049302	14224.214195013046
186	933.45605	23.301344	953.33795	893.835	947.3307	12.236018	979.1977	932.1838	1000.0	1000.0	743999	96.84234	8.072741	103.996	59.139214	-97.02111	0.34818506	14300.808775186539
187	945.45984	32.592026	986.4496	896.7428	959.5923	17.820562	987.6313	924.93	1000.0	1000.0	747999	96.97022	7.7523584	104.7618	59.973923	-97.13123	0.33793873	14378.36314702034
188	975.1364	8.131847	983.26984	963.0396	957.91077	10.117477	983.9286	948.19037	1000.0	1000.0	751999	96.94849	7.794764	104.34419	58.640865	-97.10783	0.32935372	14455.55821442604
189	941.1904	44.469543	983.6316	873.2301	959.79706	20.44484	989.81146	911.96765	1000.0	1000.0	755999	96.85366	7.9537034	105.26399	61.296066	-97.00428	0.3360684	14533.609091758728
190	979.5308	9.059772	986.4497	963.98755	957.9495	16.612463	983.97363	935.66144	1000.0	1000.0	759999	96.67143	8.385402	104.64961	58.211945	-96.83959	0.3513309	14611.938683748245
191	960.88837	12.368151	980.2824	947.4283	962.72003	20.000393	985.4253	916.5012	1000.0	1000.0	763999	97.10983	7.553984	104.30719	61.35346	-97.27907	0.32064694	14687.739112615585
192	926.986	36.942165	960.48395	867.70654	960.2113	19.581469	984.54456	910.55695	1000.0	1000.0	767999	96.86665	8.133014	104.27463	57.490215	-97.00876	0.3142805	14763.232803106308
193	972.6498	6.176086	980.3793	966.24536	969.56964	13.711712	987.07776	947.38745	1000.0	1000.0	771999	96.80009	8.157315	104.15064	59.10856	-96.9549	0.3305315	14840.214455366135
194	963.71796	23.904303	987.50385	924.0817	946.9909	17.834263	972.67426	924.352	1000.0	1000.0	775999	96.88856	7.9662123	103.57656	61.24159	-97.05403	0.32459173	14918.687536239624
195	950.629	26.639902	980.6333	915.0527	966.54675	18.86333	989.88605	940.41315	1000.0	1000.0	779999	96.92311	7.8304024	103.70412	61.110153	-97.07366	0.3203482	14999.179128170013
196	951.6749	20.995913	979.7743	926.2219	958.5812	22.796064	990.71106	915.089	1000.0	1000.0	783999	96.92786	7.8157024	104.189674	58.45421	-97.085556	0.31700438	15078.99975156784
197	971.0583	7.607737	981.0032	961.32855	944.6112	23.530495	971.2812	898.90173	1000.0	1000.0	787999	96.97146	7.790807	104.58305	59.212605	-97.12075	0.3182913	15155.653358697891
198	975.3761	9.382233	986.9459	963.7571	962.19305	10.820641	975.37244	942.30927	1000.0	1000.0	791999	96.85402	8.077587	103.612526	54.71669	-96.99775	0.31625295	15241.87492775917
199	957.554	20.084005	976.5599	923.8493	949.0166	19.26094	982.0826	922.27234	1000.0	1000.0	795999	96.88241	8.0540285	104.3172	56.108147	-97.044525	0.32799643	15319.112253904343
200	947.3247	14.396278	961.2561	924.6999	962.4299	16.570404	981.71234	925.1119	1000.0	1000.0	799999	97.01343	7.7428465	105.88941	62.43597	-97.16686	0.31689122	15399.247113466263
201	967.5827	14.453024	983.85956	947.3146	966.8373	19.549898	988.1918	924.83075	1000.0	1000.0	803999	96.99209	7.7387757	105.864044	59.793175	-97.14205	0.32316118	15476.318714618683
202	974.5933	10.29833	984.9646	957.70636	964.41846	21.271915	989.37885	913.9826	1000.0	1000.0	807999	96.99318	7.7940426	104.051	60.82322	-97.14094	0.32155824	15555.264751434326
203	948.5613	17.864618	966.6052	918.96906	948.14813	27.77334	982.8438	900.31177	1000.0	1000.0	811999	96.90159	8.010602	103.52329	61.48453	-97.04714	0.31500393	15632.505974054337
204	968.7556	4.849839	977.0287	964.8397	958.798	14.427043	977.1629	932.85864	1000.0	1000.0	815999	96.87454	8.124407	103.76393	59.91073	-97.026	0.3271267	15715.439399957657
205	972.8872	8.286586	982.8483	963.1764	970.5947	10.591149	985.5291	957.2853	1000.0	1000.0	819999	97.18471	7.436887	104.2067	59.18423	-97.350395	0.32173797	15795.45638513565
206	932.6471	36.751617	970.88074	884.702	959.874	17.706345	988.6928	930.509	1000.0	1000.0	823999	97.26149	7.2415314	103.710556	57.49339	-97.40741	0.29727626	15872.151996612549
207	968.3085	10.310736	984.3202	956.25476	966.9191	11.065616	986.2027	954.9751	1000.0	1000.0	827999	97.15764	7.4664307	104.69022	58.982708	-97.30232	0.29747435	15948.266523361206
208	970.6249	9.691356	985.3351	959.2579	971.4424	8.4605055	983.09705	958.6572	1000.0	1000.0	831999	97.10895	7.623958	104.235176	61.632465	-97.251015	0.30906287	16026.402395009995
209	970.93713	12.4954	988.11914	956.76373	950.93054	13.099639	969.7642	930.0826	1000.0	1000.0	835999	97.05162	7.755049	103.61562	59.2858	-97.19837	0.3051133	16101.844139814377
210	968.8203	4.0032434	973.7131	963.0117	964.9499	21.41741	984.14276	911.55707	1000.0	1000.0	839999	97.12706	7.610739	103.345535	60.043438	-97.275566	0.29901835	16178.330410003662
211	952.14954	10.115318	965.16534	936.82904	957.6315	18.157593	989.9452	926.5079	1000.0	1000.0	843999	97.23028	7.415888	105.04139	63.35634	-97.38132	0.29650488	16255.396933317184
212	949.3133	22.281286	969.4558	912.1265	949.02893	10.761427	962.89716	927.04694	1000.0	1000.0	847999	97.15598	7.550275	103.896675	60.76478	-97.292625	0.29518875	16332.901784658432
213	943.5778	14.951982	962.3926	920.9468	958.6499	21.013605	983.10645	913.1709	1000.0	1000.0	851999	96.99577	7.889356	103.937325	58.824356	-97.13669	0.3073201	16409.691678762436
214	962.7906	7.7494187	973.50256	952.2268	960.0212	11.019892	979.4388	948.2719	1000.0	1000.0	855999	97.09571	7.6635766	103.82524	61.323708	-97.240776	0.30175775	16486.66388320923
215	953.30225	33.80778	982.0529	898.3447	955.7034	22.929672	984.97296	910.9794	1000.0	1000.0	859999	97.09316	7.6309147	103.29245	56.153458	-97.2396	0.29477522	16563.555496692657
216	949.7167	30.086617	982.28424	900.5383	954.7926	25.14779	985.7105	890.31714	1000.0	1000.0	863999	97.1338	7.579809	104.12808	46.686	-97.27167	0.31387073	16640.463305950165
217	961.50854	17.09619	988.92	941.9296	952.4665	19.820715	980.40845	922.601	1000.0	1000.0	867999	97.12301	7.4948225	103.830025	42.94678	-97.26897	0.3177818	16725.894211769104
218	958.84467	17.801922	986.7358	937.3899	958.88586	17.571163	986.6675	935.84686	1000.0	1000.0	871999	97.15961	7.4126654	103.78049	48.69304	-97.29358	0.3192426	16803.612993717194
219	969.92755	7.6450553	977.8989	957.35223	956.7549	21.7833	987.1243	918.9265	1000.0	1000.0	875999	97.00648	7.783745	104.42815	50.357224	-97.13908	0.3051081	16880.97270154953
220	974.41125	8.96796	983.9474	964.3342	947.68524	13.390933	968.87024	933.228	1000.0	1000.0	879999	97.0171	7.796395	103.3492	57.3427	-97.15182	0.3168082	16960.15167284012
221	949.1438	27.889685	974.09357	901.8652	946.1388	38.682354	983.32776	856.6848	1000.0	1000.0	883999	96.90187	8.06727	103.224846	49.610916	-97.03228	0.3054694	17043.58741903305
222	926.4003	75.04379	973.81744	796.71094	966.81525	14.550109	986.4578	934.53796	1000.0	1000.0	887999	96.86627	8.235349	104.46494	44.85093	-97.00847	0.32996473	17122.34898877144
223	943.9047	38.336063	983.8052	889.2792	950.1377	21.85964	978.2421	904.4333	1000.0	1000.0	891999	96.9261	8.068897	103.92743	45.34357	-97.06319	0.31724408	17198.687145233154
224	963.2326	24.742924	986.5576	922.8962	954.70703	16.949272	985.1298	929.676	1000.0	1000.0	895999	97.00146	7.9655	106.81331	51.560402	-97.13831	0.31550518	17274.60199546814
225	952.00073	28.915691	983.9427	911.64465	949.77234	14.16781	972.69165	927.8087	1000.0	1000.0	899999	97.03986	7.817364	103.5151	54.190598	-97.18022	0.31475136	17353.13019657135
226	952.13776	17.725967	976.07745	931.5325	949.53143	27.59006	979.7894	911.66705	1000.0	1000.0	903999	97.16646	7.4605417	103.75941	60.180344	-97.303215	0.31066826	17430.079370737076
227	962.0154	14.475384	985.1681	945.9935	965.32196	23.450453	986.56024	907.0191	1000.0	1000.0	907999	97.12181	7.618974	105.23094	59.20113	-97.26119	0.3059285	17510.972287654877
228	955.08813	18.482162	983.9008	932.8274	964.41	13.565648	988.1957	942.1898	1000.0	1000.0	911999	97.32147	7.204352	105.40417	60.458584	-97.461075	0.2989818	17588.976699590683
229	956.9356	29.11947	980.268	908.61523	959.41425	21.664501	984.7964	912.64825	1000.0	1000.0	915999	97.24081	7.3908305	104.86054	56.659794	-97.3773	0.28869268	17666.138808965683
230	943.38745	27.746752	965.39685	895.7737	950.80566	23.430523	979.9862	898.5048	1000.0	1000.0	919999	97.10005	7.752512	102.909225	59.6476	-97.21662	0.3076533	17743.43855857849
231	970.6633	7.8013344	978.0372	957.5305	949.5763	18.992023	982.6768	911.489	1000.0	1000.0	923999	97.02507	8.034029	107.5472	60.41968	-97.16588	0.34130505	17823.058929681778
232	953.8275	22.134426	983.5003	922.0938	932.4424	21.832047	966.0354	893.3642	1000.0	1000.0	927999	97.08527	7.8781867	103.82948	58.52602	-97.21728	0.32356372	17899.959055900574
233	955.51495	26.192125	978.55145	913.4648	975.3872	10.364785	985.06683	953.6864	1000.0	1000.0	931999	97.12972	7.8129244	103.19872	59.72955	-97.262886	0.30055115	17977.94952750206
234	935.4966	12.7924185	955.2111	921.41156	928.91125	39.41126	959.54504	849.0767	1000.0	1000.0	935999	97.30317	7.4575467	103.70894	63.00851	-97.44626	0.3062844	18058.726676940918
235	934.16626	22.058983	966.39624	909.1593	938.683	24.740646	972.0816	902.0688	1000.0	1000.0	939999	97.26877	7.5418963	103.81796	60.749886	-97.39729	0.31248194	18137.180957317352
236	961.7641	13.5555725	979.4583	944.991	957.0599	23.216513	980.2859	897.02936	1000.0	1000.0	943999	97.29118	7.500734	104.03578	58.994267	-97.42572	0.31873482	18223.995730161667
237	951.0598	11.917235	969.32306	936.3342	965.0947	13.380396	983.58185	935.8605	1000.0	1000.0	947999	97.47214	7.2340484	106.93489	61.78094	-97.61342	0.3186101	18300.934074640274
238	949.35583	25.577837	967.7824	905.24866	959.4584	11.411447	977.3912	940.82184	1000.0	1000.0	951999	97.47406	7.1737037	105.99745	60.3655	-97.60481	0.30137432	18379.677354097366
239	959.6037	13.411842	978.8208	943.39014	962.35565	19.935612	986.7877	921.4412	1000.0	1000.0	955999	97.47453	7.10225	103.22328	61.30924	-97.60274	0.28902283	18455.850323200226
240	975.0131	11.746685	988.70734	957.0157	944.55634	23.04931	981.5444	914.7868	1000.0	1000.0	959999	97.30606	7.5371585	103.73656	60.245586	-97.436745	0.2956224	18532.075703382492
241	963.8247	9.6123	973.82477	947.96857	961.8071	15.800835	984.1983	935.7513	1000.0	1000.0	963999	97.45598	7.3782973	103.4389	62.66402	-97.5915	0.297526	18610.178772449493
242	937.92346	32.56176	963.8248	882.1278	955.5521	12.059407	978.2256	940.9178	1000.0	1000.0	967999	97.47469	7.408531	103.52908	61.482952	-97.60211	0.29776984	18688.398737430573
243	969.8003	5.8349915	975.343	960.49054	963.827	14.588186	987.4815	936.4968	1000.0	1000.0	971999	97.43259	7.527466	103.81146	62.54725	-97.5602	0.29299006	18766.83392238617
244	969.4499	12.694099	983.30835	956.49786	958.83936	21.414133	984.6643	907.62067	1000.0	1000.0	975999	97.2559	7.893357	104.1669	62.036453	-97.37069	0.30568907	18843.909073591232
245	958.7655	5.986059	965.41907	949.17786	955.72345	8.320353	966.6333	937.05115	1000.0	1000.0	979999	97.25773	7.9874425	104.15226	59.951973	-97.39455	0.31454247	18920.974901914597
246	951.7732	6.3940983	959.8132	942.1403	958.9916	25.067488	987.3023	903.43933	1000.0	1000.0	983999	97.33177	7.6393757	103.099335	60.05256	-97.457405	0.28202978	19003.313690900803
247	964.59985	23.63743	984.5381	924.3056	952.84033	23.076046	977.227	895.0405	1000.0	1000.0	987999	97.30794	7.711688	102.84989	59.759865	-97.44253	0.2939314	19080.40853214264
248	951.15643	6.590049	958.2694	942.6014	954.0226	25.170828	986.2792	893.381	1000.0	1000.0	991999	97.53865	7.0746994	103.785675	63.71409	-97.66685	0.29086393	19157.160450935364
249	947.6068	9.321318	958.35895	932.85443	952.0885	22.714283	978.356	911.5079	1000.0	1000.0	995999	97.41729	7.4008126	103.45006	62.521896	-97.53708	0.28293246	19234.189469575882
250	939.23517	18.385826	960.2216	910.0907	947.661	24.196054	973.8253	909.8476	1000.0	1000.0	999999	97.3849	7.377112	103.23914	62.553047	-97.515816	0.28458259	19311.94309782982
251	945.50555	19.53987	965.0754	913.6701	959.3716	26.519835	992.82104	903.43097	1000.0	1000.0	1003999	97.55891	7.014004	107.109085	60.864517	-97.68283	0.3111772	19389.001048088074
252	960.0091	18.581638	986.06256	935.1836	947.0584	15.409481	974.30725	917.5724	1000.0	1000.0	1007999	97.55475	7.057259	103.49584	59.852345	-97.67197	0.29356146	19467.19053030014
253	936.3077	23.22839	961.2897	901.1412	959.842	15.113628	984.12555	924.96246	1000.0	1000.0	1011999	97.47806	7.2975984	104.45831	55.4413	-97.59034	0.28573555	19547.24177622795
254	965.77203	12.715743	982.51605	947.6513	960.2629	13.198314	984.4853	938.73914	1000.0	1000.0	1015999	97.55285	7.133234	103.78403	60.201057	-97.66944	0.30089065	19623.529980659485
255	955.0097	17.724768	980.80334	937.1882	940.20715	36.256454	985.5548	880.1981	1000.0	1000.0	1019999	97.67295	6.880432	103.44928	62.509808	-97.78274	0.29365072	19706.935124635696
256	950.87585	15.839218	975.33453	931.09656	948.25525	16.383265	970.8926	906.8784	1000.0	1000.0	1023999	97.64671	7.0064554	103.29277	63.128853	-97.74828	0.29020965	19785.184068202972
257	937.25604	7.4716105	948.8075	928.636	943.3898	24.502575	982.5656	910.96423	1000.0	1000.0	1027999	97.64432	7.1113806	103.890495	61.48091	-97.75039	0.30186316	19865.433283805847
258	928.8677	25.17819	952.4727	886.61694	973.9103	10.291854	988.3545	955.5311	1000.0	1000.0	1031999	97.8085	6.8539386	102.80935	61.2252	-97.91	0.2968072	19945.380079746246
259	962.9592	9.910275	975.6074	949.2413	960.979	17.741867	985.8148	933.25775	1000.0	1000.0	1035999	97.96	6.6231318	103.89785	60.583935	-98.06714	0.31301764	20022.79398751259
260	928.15454	12.466606	949.1168	916.2939	928.36194	19.456951	946.0152	883.58057	1000.0	1000.0	1039999	98.08979	6.36974	104.52988	61.157158	-98.18307	0.28490797	20100.6887755394
261	958.4293	20.160196	980.5761	926.0069	958.69885	20.721745	986.22455	925.35004	1000.0	1000.0	1043999	98.06105	6.5353637	103.169716	60.85345	-98.150475	0.28707168	20179.344725370407
262	927.03064	40.957462	973.0644	868.48145	953.6869	25.186056	984.6079	885.04016	1000.0	1000.0	1047999	98.03296	6.5548663	104.35249	63.38531	-98.11623	0.28633124	20258.453484535217
263	962.64703	16.55523	983.3257	939.26086	962.41534	13.141061	978.35986	935.4948	1000.0	1000.0	1051999	98.06859	6.6812916	104.01092	57.017113	-98.159035	0.2922885	20336.295830726624
264	946.4309	12.2944	959.3359	926.5708	949.9491	24.563381	983.3433	899.4176	1000.0	1000.0	1055999	98.27447	6.161716	103.40834	60.190155	-98.36589	0.28196123	20414.061625242233
265	955.0113	17.452917	970.5735	927.87665	963.60486	17.218372	981.754	920.2732	1000.0	1000.0	1059999	98.30782	6.053699	102.76103	54.81854	-98.38393	0.28756827	20492.716489315033
266	970.4941	2.3040655	974.465	968.8057	932.13293	31.72413	973.7959	880.4818	1000.0	1000.0	1063999	98.3926	5.9428687	104.23957	59.74842	-98.47237	0.27968532	20569.56867480278
267	958.6611	17.960268	986.5014	937.2453	963.74255	17.317684	989.28674	935.4421	1000.0	1000.0	1067999	98.48627	5.8004823	103.9441	59.63573	-98.563194	0.27878186	20646.04264330864
268	962.6432	18.19815	988.87695	944.1281	950.74677	24.746332	978.325	901.52136	1000.0	1000.0	1071999	98.5559	5.7026763	104.96832	59.876472	-98.62612	0.27209252	20722.37184691429
269	944.3511	18.336746	965.2187	921.8511	969.4199	9.385036	987.18414	960.21844	1000.0	1000.0	1075999	98.52211	5.9213495	103.4114	62.026005	-98.58916	0.26474154	20803.868213891983
270	955.097	12.324725	975.09283	941.3858	947.0319	26.777014	989.1523	899.25793	1000.0	1000.0	1079999	98.55455	5.8375564	103.181114	59.32961	-98.62492	0.25357866	20883.122921943665
271	961.1578	1.4935426	962.62604	958.8575	948.60175	23.2433	986.6372	902.8368	1000.0	1000.0	1083999	98.71387	5.4492807	103.00677	58.417667	-98.78413	0.24380134	20961.260333299637
272	948.3774	12.190779	966.86176	935.6219	955.1403	24.514652	984.93317	921.4903	1000.0	1000.0	1087999	98.7808	5.2678246	102.84437	59.68151	-98.84231	0.23995087	21038.910767555237
273	937.7995	15.270608	959.6502	918.372	962.4801	22.019953	983.07684	907.47656	1000.0	1000.0	1091999	98.80967	5.2488728	103.10757	62.39938	-98.87081	0.23168564	21117.51655101776
274	969.9361	10.970505	984.47754	954.91626	956.3751	24.645788	984.2469	889.9977	1000.0	1000.0	1095999	98.88074	5.198786	102.962364	60.52897	-98.940544	0.2515072	21195.602732896805
275	934.0593	37.13979	974.7406	874.68726	962.5369	18.726862	982.72687	922.05756	1000.0	1000.0	1099999	98.98114	4.987225	104.28254	61.188343	-99.039795	0.23300552	21275.989995241165
276	895.0675	50.3659	981.6341	856.31946	972.63055	16.848494	989.5152	941.49384	1000.0	1000.0	1103999	99.05262	4.829624	103.442215	62.960648	-99.10589	0.21820231	21353.421283721924
277	961.0089	13.715008	982.0281	943.9997	964.3758	20.69607	988.3291	919.7483	1000.0	1000.0	1107999	99.04961	4.883733	102.891106	60.55597	-99.10153	0.22352122	21430.444528579712
278	959.4852	11.873419	972.3026	940.97565	966.30383	11.866461	987.30725	946.404	1000.0	1000.0	1111999	99.07094	4.8051057	103.63063	59.835434	-99.12427	0.2359064	21508.453295707703
279	961.89246	18.75424	984.52484	935.6643	961.8483	15.243926	989.75977	935.2322	1000.0	1000.0	1115999	99.10546	4.785432	103.072235	60.22152	-99.15247	0.23964587	21585.718646287918
280	972.72144	4.929626	977.6704	967.30133	949.5757	22.263363	986.9255	907.38556	1000.0	1000.0	1119999	99.07231	4.8907795	102.97157	61.46835	-99.12019	0.22391196	21667.01008796692
281	951.9758	16.257578	974.595	928.66223	949.4958	25.268452	974.04144	901.19727	1000.0	1000.0	1123999	99.0788	4.982389	104.53164	60.41051	-99.1238	0.21476606	21743.48084974289
282	965.73975	21.666435	986.9434	930.2783	958.97644	20.504017	986.8625	924.12964	1000.0	1000.0	1127999	99.0323	4.966082	104.98685	60.94563	-99.077	0.22314088	21820.506696224213
283	964.9895	9.971583	981.5087	956.6867	938.8214	42.858322	987.366	860.59064	1000.0	1000.0	1131999	98.99167	4.9572635	103.569016	59.793922	-99.03542	0.21825665	21898.89555811882
284	954.3158	27.176737	978.8741	910.0037	957.01526	18.319523	989.34045	913.2066	1000.0	1000.0	1135999	99.05378	4.7727365	104.73193	60.32477	-99.102425	0.2376513	21980.309796094894
285	959.46704	29.640503	986.77484	915.28564	961.1644	20.543804	989.65784	908.7923	1000.0	1000.0	1139999	99.05147	4.7734914	103.9885	61.158348	-99.094734	0.2367823	22060.70888900757
286	978.67694	4.770275	983.5872	973.2317	952.7078	20.114483	976.937	911.3561	1000.0	1000.0	1143999	99.08385	4.7151556	105.585075	59.777855	-99.12859	0.23389703	22138.55346274376
287	939.1448	17.404112	964.5217	921.4301	965.3429	18.032543	984.4659	922.9487	1000.0	1000.0	1147999	99.11971	4.668734	103.762474	59.443832	-99.16485	0.23121963	22217.412502765656
288	956.10535	10.116713	968.4387	940.9679	948.4751	26.443043	975.36786	891.1748	1000.0	1000.0	1151999	99.13326	4.517986	103.02521	60.75919	-99.17713	0.21487257	22296.44203710556
289	948.5492	16.502518	976.7653	935.2108	955.7207	19.44097	982.0582	916.93567	1000.0	1000.0	1155999	99.17112	4.4137306	102.6022	59.09116	-99.21583	0.20832022	22375.47275328636
290	943.85895	20.365147	961.2517	909.13293	951.0041	31.72967	988.2104	890.1553	1000.0	1000.0	1159999	99.15838	4.423597	102.86456	61.223698	-99.201454	0.20360385	22455.161298274994
291	942.4307	15.444301	966.7592	923.86835	966.0856	16.645174	983.7615	922.12726	1000.0	1000.0	1163999	99.12207	4.435157	102.93165	60.067753	-99.16186	0.2059837	22533.22164440155
292	966.7047	23.784134	987.5735	927.6569	944.3793	14.83732	967.7172	917.80896	1000.0	1000.0	1167999	99.12935	4.387386	102.37009	59.04208	-99.172195	0.2111069	22612.53894853592
293	941.85144	17.817083	963.90717	915.1561	939.27246	34.706894	985.1097	860.1733	1000.0	1000.0	1171999	99.13924	4.3669815	103.34313	61.730934	-99.18164	0.21424839	22690.257773399353
294	956.2085	10.380172	969.2401	940.771	961.6908	18.92856	987.3308	931.5838	1000.0	1000.0	1175999	99.10679	4.5066214	103.518555	58.343914	-99.14779	0.21437158	22771.40955209732
295	961.39197	12.285702	982.4234	951.38293	965.454	18.289383	984.85657	921.60376	1000.0	1000.0	1179999	99.12061	4.422334	102.4284	54.412186	-99.163506	0.21634534	22849.92944264412
296	968.09125	13.83085	989.42377	952.1862	916.3006	23.437214	950.96375	873.5923	1000.0	1000.0	1183999	99.15179	4.3793926	102.77731	56.93945	-99.19042	0.19991118	22930.55736875534
297	945.78326	28.872204	965.63763	896.28143	909.21387	34.43674	972.189	858.90576	1000.0	1000.0	1187999	99.17936	4.3883853	105.04062	59.239143	-99.21693	0.20132661	23008.173609495163
298	920.0166	56.670547	985.99066	844.7853	901.3888	19.994858	927.5104	871.1186	1000.0	1000.0	1191999	99.22866	4.2982717	102.9676	62.476536	-99.26628	0.20409423	23087.150540590286
299	957.84265	23.354126	977.9518	918.17993	946.99817	43.06417	983.1363	860.39526	1000.0	1000.0	1195999	99.28754	4.165747	104.63045	61.172573	-99.325165	0.2054404	23165.319738149643
300	955.96735	31.766876	989.6585	903.9362	951.07166	29.790346	984.26764	877.21326	1000.0	1000.0	1199999	99.29558	4.123083	102.428894	58.486694	-99.32822	0.19799253	23245.74094605446
301	947.18445	23.25771	980.5443	923.89545	961.5072	12.862801	982.48267	937.38336	1000.0	1000.0	1203999	99.32224	4.05007	102.273895	60.539944	-99.35378	0.19822118	23323.947898864746
302	949.515	4.962566	955.8078	944.3687	955.3771	27.857634	986.0717	902.69165	1000.0	1000.0	1207999	99.36276	3.9006665	104.44266	60.47649	-99.392914	0.20907447	23402.071835517883
303	940.2901	16.082357	956.6578	918.5695	968.7907	20.145882	989.3659	931.66907	1000.0	1000.0	1211999	99.3645	3.8191009	102.923676	60.662766	-99.39344	0.21144068	23480.30601453781
304	941.46344	48.79681	978.46063	857.6495	956.89435	42.890606	989.66693	849.8639	1000.0	1000.0	1215999	99.41552	3.6226223	102.46841	60.93001	-99.44282	0.20408688	23558.252168893814
305	970.4559	13.02301	985.37787	949.5719	936.3668	49.77076	987.03973	810.2709	1000.0	1000.0	1219999	99.36879	3.5968826	102.389275	59.235626	-99.39538	0.19986829	23646.42726445198
306	935.77295	17.991415	965.61786	920.8139	961.68427	27.461689	988.94525	899.0887	1000.0	1000.0	1223999	99.36188	3.6292	102.435684	61.288826	-99.392426	0.1893551	23729.872435331345
307	952.91187	20.082184	972.92804	925.88995	948.3008	22.682106	980.08734	913.4183	1000.0	1000.0	1227999	99.40547	3.589908	102.710335	61.187363	-99.43163	0.18901038	23808.107939481735
308	967.2536	9.030873	981.79395	957.27094	968.2931	20.216173	989.2374	914.90485	1000.0	1000.0	1231999	99.42054	3.5861616	102.25718	61.787178	-99.448425	0.18765369	23886.27918767929
309	970.44055	6.8462386	981.45905	962.80194	967.3408	14.587612	990.1303	947.6236	1000.0	1000.0	1235999	99.44258	3.5638914	102.86252	61.281372	-99.47003	0.20392828	23965.489082098007
310	960.51074	5.884637	967.0814	951.9072	973.9669	15.362733	986.2764	936.9762	1000.0	1000.0	1239999	99.48401	3.577334	103.06656	61.17677	-99.51236	0.18992797	24045.30391573906
311	974.31323	6.4682236	981.79205	967.7738	953.69934	26.68459	982.4964	888.06665	1000.0	1000.0	1243999	99.52427	3.5565796	104.42043	61.198704	-99.55087	0.18327582	24123.590795516968
312	954.81866	27.283241	984.611	921.56464	946.15784	27.492212	987.8757	904.41187	1000.0	1000.0	1247999	99.50073	3.5279903	103.03993	62.360065	-99.5233	0.17754363	24201.461456298828
313	969.7092	15.555118	989.3766	949.66504	963.2638	31.252256	988.6802	880.9335	1000.0	1000.0	1251999	99.43646	3.5934536	102.809	61.975594	-99.45893	0.18375082	24285.04974412918
314	970.85547	8.699237	984.86725	961.06683	958.71277	11.272183	972.17426	935.6564	1000.0	1000.0	1255999	99.42787	3.5904171	102.66292	62.170677	-99.45241	0.18680094	24361.88956618309
315	966.8781	7.037865	977.3187	957.69293	962.5788	20.973753	988.72144	920.86975	1000.0	1000.0	1259999	99.42822	3.5625339	102.50445	61.164333	-99.45336	0.19425984	24438.56000804901
316	943.65466	18.56828	962.5112	913.1053	959.1956	16.372732	984.90936	931.3988	1000.0	1000.0	1263999	99.41901	3.5600038	102.966896	63.52452	-99.44478	0.18430321	24516.323248147964
317	962.5947	4.730784	968.21814	955.9684	960.0324	10.242017	980.0945	939.146	1000.0	1000.0	1267999	99.42144	3.5799818	102.278404	62.986927	-99.447975	0.19202878	24596.040141820908
318	959.8607	9.359905	974.42566	950.1006	957.41003	21.217514	986.381	925.3189	1000.0	1000.0	1271999	99.46947	3.5983047	103.217354	58.595516	-99.49833	0.17985933	24676.36474943161
319	942.43866	27.898552	973.87335	897.41125	974.369	10.001723	985.76874	957.338	1000.0	1000.0	1275999	99.51305	3.530653	103.963356	59.023014	-99.54072	0.18528636	24756.158091783524
320	957.02795	24.857914	982.07043	915.6604	966.62463	16.965212	985.9575	920.94965	1000.0	1000.0	1279999	99.51147	3.5265033	102.79874	61.537334	-99.53823	0.18078715	24834.382616519928
321	957.97644	11.681916	970.6159	940.79767	941.6735	37.0992	984.9948	871.6474	1000.0	1000.0	1283999	99.55974	3.5591087	104.49952	60.421326	-99.58759	0.18135688	24923.542315483093
322	925.2632	58.09563	985.7267	830.6937	944.3244	17.470163	973.63477	910.8964	1000.0	1000.0	1287999	99.604	3.607536	102.906334	61.886597	-99.6353	0.18777381	25005.117042779922
323	973.46704	9.859006	987.9808	960.185	949.8618	23.700697	977.75146	906.3103	1000.0	1000.0	1291999	99.70227	3.5548606	107.33809	62.304924	-99.73302	0.1902427	25083.571098566055
324	956.4096	9.884297	968.4572	944.7497	953.54004	34.08101	988.71045	869.04193	1000.0	1000.0	1295999	99.77417	3.599606	105.49641	62.05265	-99.80516	0.18273935	25161.91786789894
325	948.61554	9.178273	959.57837	936.53827	956.93506	18.85299	987.2322	916.442	1000.0	1000.0	1299999	99.81599	3.4867032	103.01542	60.521473	-99.84283	0.1777571	25241.095727205276
326	953.00665	7.5995603	962.60596	941.32764	948.6408	16.969252	965.3183	906.7947	1000.0	1000.0	1303999	99.82205	3.4879656	103.107086	62.328514	-99.84894	0.18206659	25319.472760915756
327	966.0484	8.031625	978.53424	957.88446	948.3079	27.7232	986.84753	885.1205	1000.0	1000.0	1307999	99.83454	3.535222	103.815506	55.57332	-99.86225	0.1858064	25399.94453549385
328	965.3821	27.564152	984.7402	917.91766	962.53357	16.949064	986.76184	927.34	1000.0	1000.0	1311999	99.82033	3.5877743	103.61101	61.701225	-99.84247	0.18793924	25478.563138961792
329	966.79346	13.935959	987.70123	951.09955	933.15173	19.194496	968.0306	905.1966	1000.0	1000.0	1315999	99.76022	3.5685728	105.10817	61.986847	-99.786934	0.17721209	25557.105380535126
330	949.7436	26.78412	981.0286	907.8012	961.1885	16.830145	983.5564	928.69806	1000.0	1000.0	1319999	99.79097	3.4620252	102.597046	62.481667	-99.81558	0.17415668	25635.558678150177
331	964.8988	14.549928	978.60944	943.202	960.4129	30.138638	991.48724	886.5236	1000.0	1000.0	1323999	99.73831	3.4757004	103.37527	63.66112	-99.76319	0.18395483	25714.501493692398
332	976.34143	10.096939	984.40564	959.16205	940.38635	17.206009	966.641	914.8677	1000.0	1000.0	1327999	99.68744	3.5580232	102.585266	62.802452	-99.70937	0.19096841	25793.76970243454
333	963.7196	18.37931	982.2843	941.987	958.1846	17.595348	981.8833	920.78723	1000.0	1000.0	1331999	99.65406	3.6591136	104.28643	60.485237	-99.675545	0.18820025	25871.27624106407
334	970.29193	5.758696	976.355	964.2948	968.3626	15.660406	985.9203	933.1236	1000.0	1000.0	1335999	99.59996	3.750576	102.65659	59.86311	-99.62096	0.18300027	25953.447236299515
335	953.2878	5.71906	959.2896	944.86554	918.0585	43.235245	969.7022	856.7079	1000.0	1000.0	1339999	99.57797	3.6456156	103.131134	58.534473	-99.59995	0.18639609	26032.413304567337
336	938.4287	50.578964	975.5778	851.57074	922.0167	43.841045	987.5203	843.599	1000.0	1000.0	1343999	99.52586	3.5632012	105.26282	59.920334	-99.54562	0.19591196	26110.67103767395
337	956.6427	3.7029612	961.0577	951.0529	965.41956	11.777104	984.63245	953.21106	1000.0	1000.0	1347999	99.52892	3.432473	103.80305	62.7944	-99.55264	0.17313921	26188.965753793716
338	956.163	21.612644	978.37335	920.40515	968.64014	15.306171	984.68097	938.5544	1000.0	1000.0	1351999	99.54968	3.4742942	102.43924	63.132797	-99.57382	0.16776197	26273.37403869629
339	953.70465	13.819901	977.3825	943.2188	963.9232	22.677895	988.3254	919.5387	1000.0	1000.0	1355999	99.59907	3.498376	104.5638	61.28688	-99.62488	0.17530139	26360.295363664627
340	959.33026	18.108107	977.091	929.465	963.0373	23.39752	987.65985	915.13074	1000.0	1000.0	1359999	99.63311	3.4583805	103.493225	61.881325	-99.659096	0.17263344	26440.286074876785
341	944.57574	29.885084	985.75366	908.8564	954.0277	15.053111	979.1187	926.0132	1000.0	1000.0	1363999	99.62738	3.3943906	102.72094	64.36173	-99.64843	0.16660343	26518.75306868553
342	955.26166	13.202799	977.06396	943.64136	947.74384	20.204624	978.298	912.30743	1000.0	1000.0	1367999	99.60444	3.4621508	102.66264	62.156013	-99.62706	0.16270654	26602.31733059883
343	972.4022	13.258929	986.6295	950.7254	956.8839	18.639063	982.9258	922.62286	1000.0	1000.0	1371999	99.59407	3.44213	104.39478	62.122234	-99.61593	0.16461499	26682.159616470337
344	961.4779	14.997668	987.21515	950.5213	969.04895	18.7784	989.5987	930.63464	1000.0	1000.0	1375999	99.56335	3.5541089	103.376045	57.02694	-99.58422	0.16815321	26760.56174969673
345	952.8417	22.48568	973.32513	915.0813	959.90314	11.87432	974.94867	933.41754	1000.0	1000.0	1379999	99.58743	3.5494568	103.131516	61.630096	-99.61082	0.17268205	26838.680168390274
346	950.2329	20.617426	972.3139	918.29504	951.61115	19.84057	975.9408	902.437	1000.0	1000.0	1383999	99.62312	3.5537348	103.22719	60.721294	-99.64689	0.17362183	26919.265842676163
347	969.18274	17.743092	987.0187	948.577	964.82214	20.150135	986.8289	922.0161	1000.0	1000.0	1387999	99.64688	3.4543009	103.02495	62.399513	-99.66905	0.17112978	26997.506385087967
348	960.37256	14.142189	970.1665	936.0524	968.014	16.112104	987.7337	938.6866	1000.0	1000.0	1391999	99.63701	3.4051042	103.65837	61.516422	-99.660515	0.16219957	27076.88143348694
349	913.43536	46.10925	966.9594	843.3246	955.33026	24.669561	984.83057	900.8254	1000.0	1000.0	1395999	99.63675	3.3157203	102.53802	63.04967	-99.65878	0.15885909	27155.379940271378
350	928.50586	31.057716	958.7868	883.94196	956.3922	28.949823	987.4579	883.08167	1000.0	1000.0	1399999	99.62409	3.3009076	102.594315	64.331184	-99.64802	0.15622568	27232.44936323166
351	917.2551	39.227306	983.1383	886.03046	945.9684	35.563046	982.298	876.35657	1000.0	1000.0	1403999	99.62348	3.400597	102.82711	60.91925	-99.64641	0.16821697	27311.285756111145
352	971.401	18.13686	990.4564	941.6392	956.4374	18.145061	987.8001	918.3268	1000.0	1000.0	1407999	99.63565	3.4336593	102.899796	61.645905	-99.65854	0.16340527	27390.928099632263
353	960.3546	15.787929	972.9349	933.7682	960.2287	24.06347	986.8255	908.75604	1000.0	1000.0	1411999	99.6438	3.4237385	103.629074	62.34115	-99.668816	0.17191947	27473.15371131897
354	938.36694	31.81254	969.03564	885.0895	956.22235	19.523129	985.1566	918.5189	1000.0	1000.0	1415999	99.62278	3.4300084	104.03493	62.171326	-99.64483	0.17357042	27551.766930818558
355	945.1946	29.86837	973.85944	895.4396	937.73956	43.16605	975.18365	837.83	1000.0	1000.0	1419999	99.56688	3.523061	102.78329	61.32156	-99.58609	0.18543422	27630.557463645935
356	914.25916	23.320013	946.77527	884.03876	921.26044	19.467594	957.62384	887.6467	1000.0	1000.0	1423999	99.50922	3.4844382	103.76392	56.33166	-99.52863	0.18758923	27709.44922018051
357	934.1472	39.464127	984.9714	882.07837	934.66174	22.628115	967.11334	900.60895	1000.0	1000.0	1427999	99.46742	3.5506265	103.0894	60.28399	-99.48889	0.17744577	27789.9618601799
358	959.7495	10.69747	978.0052	950.95483	965.996	12.491948	982.40106	948.2474	1000.0	1000.0	1431999	99.41797	3.5271134	105.00173	60.042767	-99.437256	0.18600968	27869.400336027145
359	956.5833	9.488471	965.3461	940.9406	967.4596	10.743316	987.50555	957.5157	1000.0	1000.0	1435999	99.40827	3.5137703	103.29922	60.22117	-99.42828	0.18014713	27949.022884845734
360	955.3025	26.020683	980.9073	912.1451	947.5858	18.35649	981.6774	914.0077	1000.0	1000.0	1439999	99.38056	3.6315494	102.9214	55.670734	-99.40203	0.17644766	28030.35055756569
361	959.8534	20.331995	991.2864	937.0554	946.39453	37.837585	989.23	857.7878	1000.0	1000.0	1443999	99.38703	3.5445292	102.47215	60.38387	-99.40992	0.17607062	28109.37802839279
362	970.57733	16.307495	987.1381	949.1169	872.08673	285.54837	992.75714	16.686165	1000.0	1000.0	1447999	99.40037	3.3993447	102.75293	60.37087	-99.42141	0.17980427	28190.135513544083
363	949.32947	31.947529	979.2486	903.2981	950.4336	22.664284	983.25104	901.275	1000.0	1000.0	1451999	99.41184	3.478667	103.00483	61.722355	-99.43389	0.17151369	28268.62496137619
364	938.5249	44.798775	979.33356	863.2556	953.1315	18.67207	981.11993	923.13995	1000.0	1000.0	1455999	99.42429	3.5955317	103.53794	55.334126	-99.446266	0.17363395	28349.23134994507
365	954.0526	16.994148	979.8769	937.9788	962.8148	22.577541	984.83527	904.9414	1000.0	1000.0	1459999	99.46477	3.5554953	103.00625	59.0543	-99.488144	0.18028955	28431.614785194397
366	966.8504	9.008321	981.0173	958.2758	922.25867	26.365189	959.60596	864.3522	1000.0	1000.0	1463999	99.49778	3.422425	102.97383	56.146656	-99.5206	0.17538682	28511.803475141525
367	947.27313	20.650581	977.3779	919.7513	920.4137	53.265285	965.8365	803.0605	1000.0	1000.0	1467999	99.46866	3.4001122	102.41715	60.688675	-99.488304	0.1758364	28595.25963330269
368	895.1815	33.179035	937.3452	844.5922	948.7793	34.326347	988.7855	879.1031	1000.0	1000.0	1471999	99.39338	3.5021193	103.221954	54.738472	-99.411995	0.17600793	28673.669864177704
369	946.4693	31.090998	969.2013	893.6343	963.7036	25.919655	989.3904	893.00085	1000.0	1000.0	1475999	99.39382	3.5379946	102.88338	59.481087	-99.41731	0.18537049	28752.660647392273
370	965.6837	18.255613	985.3305	935.9816	955.59375	18.183237	988.72485	932.0075	1000.0	1000.0	1479999	99.43372	3.527333	104.5133	61.558186	-99.45453	0.17297153	28830.96673130989
371	963.01086	14.595143	984.4963	946.081	930.77325	20.519806	955.95105	879.9961	1000.0	1000.0	1483999	99.43316	3.5731199	102.44018	60.776665	-99.45476	0.17992926	28912.526438236237
372	956.6896	10.803966	965.12476	938.3553	966.0413	18.316734	985.11847	928.72375	1000.0	1000.0	1487999	99.44407	3.5386026	102.34771	62.564987	-99.46674	0.16869202	28991.082960128784
373	956.50183	15.934653	983.3982	943.04	953.58417	28.628515	988.5288	884.10425	1000.0	1000.0	1491999	99.44313	3.4483137	102.37414	62.457466	-99.46254	0.16394411	29071.3636572361
374	955.2722	17.339935	970.18604	927.6067	948.33215	25.00417	985.51666	891.43567	1000.0	1000.0	1495999	99.40449	3.5277386	104.14293	61.201385	-99.421425	0.16659962	29149.536602973938
375	943.98	25.932966	959.7038	899.0704	908.0472	155.92474	984.6987	443.8463	1000.0	1000.0	1499999	99.34839	3.6346848	103.872826	59.1902	-99.36574	0.1767409	29228.053307533264
376	970.9479	12.106344	985.861	955.0845	966.67126	14.5875225	988.75116	947.0048	1000.0	1000.0	1503999	99.3409	3.632439	103.53026	55.9691	-99.36124	0.19622913	29306.266382217407
377	965.9483	15.157405	982.5793	941.43445	947.8744	22.222893	983.0515	899.5601	1000.0	1000.0	1507999	99.35537	3.650571	102.57872	54.938908	-99.37706	0.19714524	29384.946799993515
378	972.9435	7.540068	985.4005	965.3974	974.7931	11.931074	986.63666	950.73206	1000.0	1000.0	1511999	99.36419	3.6054678	106.488754	58.34026	-99.38306	0.18456116	29463.37820339203
379	940.7999	19.522083	957.5596	909.7764	956.44275	15.927437	982.15186	937.79675	1000.0	1000.0	1515999	99.33335	3.6220663	103.032646	57.866913	-99.35058	0.19446628	29541.70219898224
380	969.4087	11.723991	989.0776	959.6669	971.1727	15.312047	989.95197	944.19244	1000.0	1000.0	1519999	99.30486	3.6332839	102.23132	55.487583	-99.32519	0.18268836	29623.57644033432
381	968.4069	15.7724285	984.40546	943.0928	952.173	24.191341	980.5428	909.87317	1000.0	1000.0	1523999	99.32836	3.5595312	109.74653	55.545975	-99.350204	0.17648827	29701.056400060654
382	966.1576	14.89131	987.9543	947.20526	954.4977	17.798548	986.78534	925.952	1000.0	1000.0	1527999	99.34906	3.4439938	109.54702	56.53755	-99.368675	0.16972165	29779.219205617905
383	972.48114	13.084854	988.7527	953.4577	955.3713	15.250262	987.1689	931.6799	1000.0	1000.0	1531999	99.32988	3.3642645	102.55803	60.932514	-99.348434	0.16479133	29860.513697624207
384	969.69617	8.761564	984.3125	961.0808	960.78595	24.404516	990.10443	911.00836	1000.0	1000.0	1535999	99.27042	3.4512534	102.37552	60.219604	-99.28936	0.17598788	29940.870047569275
385	981.1432	4.445514	986.0494	973.9307	970.471	13.840612	985.9968	939.2639	1000.0	1000.0	1539999	99.2597	3.502808	103.513855	55.644577	-99.27824	0.17821081	30019.384365320206
386	969.5049	14.527415	983.9105	949.9334	966.1131	25.458004	988.2735	900.40454	1000.0	1000.0	1543999	99.2468	3.5651705	104.39325	57.79354	-99.26636	0.16932917	30098.00032377243
387	971.4215	19.805265	990.7616	939.1341	955.5965	24.995094	986.0742	905.5163	1000.0	1000.0	1547999	99.25624	3.514645	102.46752	52.98883	-99.27611	0.15859583	30176.32798099518
388	960.97375	5.639782	969.4235	954.7653	973.2367	14.204911	988.76056	939.76984	1000.0	1000.0	1551999	99.28702	3.4430897	105.599075	54.56132	-99.30695	0.16195272	30254.797808408737
389	980.5217	3.0905473	984.53986	976.6227	967.3654	30.941797	990.6266	880.1472	1000.0	1000.0	1555999	99.25456	3.4477928	102.760086	57.67488	-99.27272	0.16224752	30333.139513492584
390	962.625	20.079977	988.87164	940.5684	967.09357	13.301161	985.7881	945.57916	1000.0	1000.0	1559999	99.26326	3.3794873	107.043526	59.659252	-99.28392	0.15155505	30411.40485548973
391	955.62897	22.623156	985.40515	929.8011	959.44727	17.00948	987.0935	929.3099	1000.0	1000.0	1563999	99.29515	3.4863276	103.08264	60.41805	-99.31362	0.1629553	30491.75394964218
392	972.5415	16.459404	985.589	944.7803	965.9959	15.765162	986.75287	935.62994	1000.0	1000.0	1567999	99.27874	3.590198	103.211426	58.911293	-99.29592	0.17210257	30570.641547441483
393	974.72284	10.394149	985.87775	959.7745	949.7459	26.574757	984.67096	899.2046	1000.0	1000.0	1571999	99.26137	3.6034532	102.255356	60.012726	-99.28113	0.17727283	30649.12311410904
394	954.4748	16.465448	980.0891	934.485	968.7269	11.880396	986.3034	946.1883	1000.0	1000.0	1575999	99.26123	3.5268197	102.25296	58.0101	-99.27973	0.16884704	30727.663564682007
395	944.26355	24.178196	984.3337	920.0082	944.2926	32.52458	986.355	881.5504	1000.0	1000.0	1579999	99.25546	3.572672	101.811935	57.991623	-99.27446	0.16350262	30805.954199314117
396	901.94867	36.075592	938.9201	844.1241	912.04944	42.320553	965.3496	810.5004	1000.0	1000.0	1583999	99.28227	3.6346948	103.54082	54.74238	-99.30409	0.17847008	30884.213475227356
397	913.92676	46.427692	964.8197	842.93713	919.19745	40.72816	974.02893	829.9996	1000.0	1000.0	1587999	99.29694	3.6065104	102.73409	48.403442	-99.31561	0.1826494	30963.53548836708
398	938.6124	31.749943	980.48517	901.2577	934.1797	35.4779	968.485	853.9708	1000.0	1000.0	1591999	99.36432	3.4976046	102.022316	53.66536	-99.388794	0.1864076	31040.607851028442
399	947.119	15.307095	972.07733	931.2259	966.20703	18.54363	986.3052	935.1368	1000.0	1000.0	1595999	99.42746	3.3450391	102.226494	58.42458	-99.44898	0.17429425	31118.029312610626
400	952.83185	16.287277	976.9012	937.31323	959.50916	20.113707	987.68414	912.05554	1000.0	1000.0	1599999	99.39758	3.4776297	103.934616	55.332428	-99.41655	0.17297477	31197.10689020157
401	964.3245	11.537767	980.60754	949.2151	954.3797	20.431454	989.01306	912.6162	1000.0	1000.0	1603999	99.36743	3.5355284	104.28548	61.632866	-99.38441	0.16865472	31277.34760570526
402	970.4842	18.813488	989.76495	940.0903	952.95984	22.174461	980.9018	895.00323	1000.0	1000.0	1607999	99.34527	3.6008527	102.878845	55.381516	-99.36682	0.17047428	31356.367767333984
403	971.40717	11.74208	983.45306	956.7943	951.9543	23.443277	974.70514	899.27386	1000.0	1000.0	1611999	99.3974	3.5417154	102.22105	55.553894	-99.42014	0.17284274	31434.986986637115
404	960.8504	13.490639	970.7917	937.7855	930.2288	39.234318	981.4327	867.1155	1000.0	1000.0	1615999	99.40896	3.5016003	103.08546	56.469303	-99.42884	0.17467676	31513.470069169998
405	868.42456	121.1735	982.3663	664.2831	959.8092	21.157543	984.7407	916.3986	1000.0	1000.0	1619999	99.38004	3.381017	115.65621	57.06119	-99.39918	0.18442805	31592.004824399948
406	961.65424	13.27323	978.90765	947.1335	949.68585	23.28844	982.77264	911.6215	1000.0	1000.0	1623999	99.35433	3.3212593	102.37645	61.16243	-99.37172	0.17445448	31670.438826799393
407	943.97687	37.647686	986.0632	883.08417	941.9499	30.802353	983.9929	886.5315	1000.0	1000.0	1627999	99.2899	3.4687736	102.17628	56.339836	-99.30825	0.17210065	31748.83560037613
408	961.62427	28.258078	980.4954	912.75885	952.80194	18.771042	986.8648	922.9819	1000.0	1000.0	1631999	99.26509	3.6204433	104.6313	53.7997	-99.284096	0.17240618	31827.902595996857
409	963.2613	12.102352	983.8926	953.6258	954.7743	44.182606	987.22266	830.3236	1000.0	1000.0	1635999	99.27244	3.6716838	102.16242	49.427723	-99.291725	0.17458124	31906.179529190063
410	958.8098	16.652739	986.2388	942.59375	932.9318	31.400833	979.2867	866.145	1000.0	1000.0	1639999	99.27274	3.5252035	102.42102	57.17878	-99.28977	0.17652206	31985.48809313774
411	720.9352	413.85522	974.3325	4.3491807	960.5172	27.242779	988.89404	896.549	1000.0	1000.0	1643999	99.21645	3.6627936	102.518654	58.68405	-99.23505	0.17609893	32067.693353652954
412	912.8042	77.62242	973.09125	779.7705	934.6205	34.670444	972.3743	865.9892	1000.0	1000.0	1647999	99.19556	3.6740441	101.53726	57.21379	-99.21448	0.18701959	32147.58856034279
413	972.65015	14.709623	981.5829	947.17816	953.4657	18.207495	983.37616	922.73126	1000.0	1000.0	1651999	99.22048	3.5291698	103.100464	52.834312	-99.2402	0.17600864	32225.64282464981
414	949.64526	20.408215	981.7237	930.74475	961.00183	15.8233385	986.7787	934.9647	1000.0	1000.0	1655999	99.19799	3.590264	102.26993	59.300564	-99.216034	0.1658679	32304.952087640762
415	953.34247	12.2230625	967.0319	938.56824	961.9124	18.08363	983.36066	933.6764	1000.0	1000.0	1659999	99.19375	3.584649	101.94567	59.890877	-99.21278	0.16789138	32381.894314289093
416	950.92957	26.087763	977.2464	910.02795	951.56006	20.125479	982.319	913.398	1000.0	1000.0	1663999	99.23321	3.5710871	103.33589	54.219475	-99.25175	0.15694964	32465.587735652924
417	958.4396	21.214912	984.85095	927.1946	953.03986	16.504164	985.54364	932.8425	1000.0	1000.0	1667999	99.18877	3.6968033	102.97276	61.11617	-99.2072	0.16044468	32545.719445228577
418	944.2517	21.723778	976.8098	919.7921	960.28577	24.829514	988.834	908.1401	1000.0	1000.0	1671999	99.19317	3.8357468	102.55633	59.266697	-99.21155	0.15802264	32624.84244966507
419	955.5617	11.342866	967.2588	936.8005	948.36993	33.459553	983.49	866.3518	1000.0	1000.0	1675999	99.22014	3.978185	102.12976	47.58232	-99.24037	0.18007241	32704.49854493141
420	955.1489	13.79237	976.82166	941.06384	959.9354	16.432056	984.12646	935.17084	1000.0	1000.0	1679999	99.25191	3.9022727	102.54765	58.771706	-99.27199	0.17892563	32784.99949145317
421	966.3703	18.144049	982.89575	936.07794	960.21594	12.012898	988.814	947.0348	1000.0	1000.0	1683999	99.26867	3.7732863	102.48198	59.24924	-99.286896	0.17072445	32864.5791220665
422	973.7467	7.0686126	982.56726	963.98584	955.57794	20.514591	979.9012	921.77386	1000.0	1000.0	1687999	99.23579	3.7385697	103.10841	60.096542	-99.25356	0.1591385	32942.923084020615
423	932.55414	30.354618	974.7969	895.1609	960.2084	18.579512	984.62726	915.14484	1000.0	1000.0	1691999	99.20651	3.8214116	102.18938	58.565857	-99.22438	0.16567254	33021.546105861664
424	937.2737	21.837362	957.393	900.69055	952.67334	17.421358	978.2962	924.60126	1000.0	1000.0	1695999	99.20997	3.8091745	102.2459	59.700134	-99.22911	0.17740338	33101.755648612976
425	936.52423	8.97669	950.0241	925.7334	966.1888	15.89684	990.5605	942.219	1000.0	1000.0	1699999	99.17574	3.944603	104.052	55.667347	-99.19306	0.18230706	33185.50787854195
426	953.6264	16.740004	968.9088	926.01166	953.55206	29.643835	986.88776	892.8772	1000.0	1000.0	1703999	99.18368	3.923916	102.07642	56.649876	-99.20378	0.19000629	33263.91494727135
427	960.49005	11.909767	980.3799	951.0184	895.2462	135.00658	960.50037	493.5142	1000.0	1000.0	1707999	99.15282	3.944899	102.6753	57.346333	-99.16983	0.18537258	33342.543020009995
428	962.2983	20.275158	985.274	935.4886	957.3385	20.12945	985.79	920.0897	1000.0	1000.0	1711999	99.14273	3.9298916	102.540695	60.135334	-99.16192	0.1772407	33421.02018260956
429	967.55914	4.906422	975.69507	962.6863	955.4175	17.70524	983.8451	921.1772	1000.0	1000.0	1715999	99.15019	3.9494236	102.30478	56.24239	-99.168015	0.18148696	33502.35844182968
430	956.81946	21.707663	985.5334	931.3109	955.759	18.258427	982.5303	919.9515	1000.0	1000.0	1719999	99.16572	3.9657805	104.236824	56.86005	-99.18476	0.18303098	33583.024080991745
431	935.1269	18.402435	958.02936	907.14594	956.01416	24.006477	984.9404	918.1589	1000.0	1000.0	1723999	99.19838	3.9023328	102.72845	51.69928	-99.22081	0.19100872	33663.341718673706
432	950.68164	15.831767	970.572	926.4246	961.6244	11.347126	986.4731	945.84235	1000.0	1000.0	1727999	99.25845	3.723959	101.82262	55.655884	-99.279106	0.16289154	33742.394181489944
433	952.5385	26.983871	988.1544	913.01636	965.0975	21.699091	987.18036	926.198	1000.0	1000.0	1731999	99.29313	3.660369	101.99345	54.41536	-99.31371	0.16329457	33822.31781864166
434	966.32837	10.623541	982.5578	952.75964	961.0451	23.608923	984.35486	897.8122	1000.0	1000.0	1735999	99.29799	3.7227144	103.45622	59.479008	-99.31886	0.16677584	33901.13934254646
435	969.2272	13.237701	983.8745	952.7935	952.43994	22.57175	979.3983	906.3428	1000.0	1000.0	1739999	99.31673	3.741164	102.40096	60.62871	-99.33867	0.16874167	33980.28848576546
436	963.2583	5.059594	969.9403	957.1618	967.96954	14.702486	989.39484	946.2649	1000.0	1000.0	1743999	99.32351	3.7687552	102.491646	59.09275	-99.34211	0.17075177	34061.06856799126
437	956.90265	24.323992	985.1316	919.5947	965.46405	14.664187	986.12805	931.3359	1000.0	1000.0	1747999	99.33015	3.7636127	102.7486	57.16451	-99.35133	0.16606441	34140.31864905357
438	920.6741	28.799143	964.18243	889.8898	930.9958	18.351849	979.4283	912.1196	1000.0	1000.0	1751999	99.3454	3.8076415	102.55263	54.536713	-99.36555	0.17544025	34219.00640177727
439	966.251	16.265438	983.88965	944.5816	965.797	17.057632	987.19025	931.1295	1000.0	1000.0	1755999	99.32289	3.7726846	102.81268	58.649567	-99.34248	0.1715371	34303.43476438522
440	959.0534	18.30141	980.9265	931.4767	963.4596	18.011433	987.9969	928.7767	1000.0	1000.0	1759999	99.27885	3.7406936	103.606575	60.72783	-99.29778	0.16964388	34382.658554792404
441	957.2567	21.005608	981.45087	923.5927	953.18884	33.4232	977.48596	860.8947	1000.0	1000.0	1763999	99.26407	3.8313155	103.87671	59.578804	-99.2833	0.16610004	34464.52509999275
442	937.422	26.731089	981.0146	909.72266	942.2254	15.880145	961.2195	899.8865	1000.0	1000.0	1767999	99.25445	3.842207	102.96283	56.016884	-99.27424	0.18614896	34545.065036296844
443	950.9155	7.6392336	958.4855	938.6594	972.3807	11.033652	987.0879	956.06665	1000.0	1000.0	1771999	99.24414	3.8854017	103.02037	57.791225	-99.2639	0.18220524	34625.03628611565
444	957.3338	8.614397	970.92255	947.8996	962.65643	17.521858	985.3539	927.6768	1000.0	1000.0	1775999	99.24708	3.730619	102.71532	59.630978	-99.26622	0.17267501	34707.829439878464
445	971.92615	18.334017	985.08905	940.3153	963.9362	19.738781	986.25867	929.4412	1000.0	1000.0	1779999	99.25193	3.6899545	102.85644	58.80625	-99.272675	0.16611844	34785.960455179214
446	961.55396	14.622663	977.76807	944.86304	950.1715	23.607405	976.1358	896.2283	1000.0	1000.0	1783999	99.25883	3.7559996	103.189674	53.6809	-99.27874	0.17123044	34867.32165932655
447	937.119	25.820667	963.1395	894.3501	963.9471	13.864552	986.895	940.156	1000.0	1000.0	1787999	99.28314	3.642132	102.33276	57.560425	-99.30502	0.17261629	34945.67770957947
448	941.814	25.079828	984.2916	919.661	974.1092	13.038029	990.3011	953.7824	1000.0	1000.0	1791999	99.26236	3.7126994	103.9651	57.716507	-99.28097	0.17589076	35023.75928235054
449	972.53564	12.631623	980.7265	950.68274	947.826	38.131573	985.9609	888.6381	1000.0	1000.0	1795999	99.25402	3.7250133	103.669655	56.01664	-99.272354	0.1625159	35103.04191279411
450	934.27106	25.506268	968.77325	902.0252	947.22986	38.434444	990.4526	859.59686	1000.0	1000.0	1799999	99.22838	3.8335536	102.48402	55.013824	-99.24898	0.17456906	35183.17818069458
451	957.7528	21.612473	984.79663	931.96606	964.4225	10.240468	984.34717	945.65894	1000.0	1000.0	1803999	99.25974	3.7548623	102.8695	58.519386	-99.27919	0.17199796	35262.35325694084
452	828.3145	201.99223	978.79224	483.17606	960.04767	23.587717	987.0128	899.8971	1000.0	1000.0	1807999	99.22522	3.7349997	101.828995	60.530304	-99.24481	0.16856883	35341.54778599739
453	959.8214	36.157936	987.1377	898.40906	965.4495	15.350284	984.5848	943.5162	1000.0	1000.0	1811999	99.20123	3.7334638	103.076775	61.780205	-99.219086	0.16658881	35427.75715017319
454	933.6457	53.958893	972.1341	841.1105	960.751	11.835387	990.04297	948.20386	1000.0	1000.0	1815999	99.18382	3.7878175	102.491	59.504036	-99.20141	0.17094716	35506.57308793068
455	965.83026	6.0609937	973.27783	958.82104	975.5576	11.97311	989.7157	955.43384	1000.0	1000.0	1819999	99.16008	3.781705	110.0574	58.33312	-99.178566	0.17882705	35585.340034246445
456	966.1538	11.604502	984.6308	953.3549	970.5378	13.348919	989.887	952.68463	1000.0	1000.0	1823999	99.15025	3.8124552	102.4569	56.105247	-99.16852	0.1745079	35665.12876725197
457	957.49347	22.306923	989.5962	935.9835	942.62366	46.527485	976.15393	809.1925	1000.0	1000.0	1827999	99.11476	3.9143982	102.09938	58.398106	-99.13244	0.16876355	35743.5850250721
458	945.4169	20.709751	968.43835	913.46295	955.1644	17.770992	980.7712	924.46	1000.0	1000.0	1831999	99.1343	3.8674738	101.91583	58.205437	-99.15531	0.17360416	35822.36537146568
459	969.64844	20.756163	984.29224	933.8719	969.775	16.526466	988.5956	934.079	1000.0	1000.0	1835999	99.15193	3.8478734	103.51103	60.661156	-99.17182	0.1779935	35905.75890135765
460	927.0718	51.564613	972.56445	839.6868	949.55945	19.332363	979.43384	920.993	1000.0	1000.0	1839999	99.1738	3.8782687	103.536224	57.9552	-99.194595	0.17864478	35984.83072710037
461	957.72253	18.896029	975.5562	930.85956	969.48096	14.329948	984.96466	947.3896	1000.0	1000.0	1843999	99.16777	3.909309	102.13045	57.037178	-99.187355	0.16964442	36064.63078856468
462	947.9013	24.959532	979.11816	915.68286	962.9429	12.859988	981.8113	930.3347	1000.0	1000.0	1847999	99.15625	3.954329	101.94728	55.426	-99.174614	0.17906204	36148.362334251404
463	964.1759	5.3148527	970.75793	956.93854	966.83777	15.534536	992.2178	929.5494	1000.0	1000.0	1851999	99.13443	3.8725529	102.515564	58.426346	-99.15315	0.18864234	36228.06748366356
464	945.6939	32.88768	988.8164	896.2383	950.7721	26.441187	984.93286	897.3906	1000.0	1000.0	1855999	99.14313	3.8767676	102.57387	53.881042	-99.16411	0.18694799	36306.1826813221
465	937.15137	50.012592	978.54254	851.6108	947.0669	24.486115	984.28955	903.14325	1000.0	1000.0	1859999	99.14115	3.9293845	102.3486	58.434242	-99.160995	0.1916759	36387.01566815376
466	924.6261	52.59505	969.01117	835.7838	957.1002	19.267353	985.3661	924.5458	1000.0	1000.0	1863999	99.11863	4.0075855	102.73145	54.77345	-99.13827	0.18579026	36468.45087981224
467	925.47925	40.998833	971.98926	872.93604	965.3661	14.751425	982.776	929.0058	1000.0	1000.0	1867999	99.14803	4.068599	105.146965	55.675663	-99.167534	0.19255725	36549.96094942093
468	957.7645	14.742727	975.9308	935.53784	962.0065	27.610775	990.37305	895.1402	1000.0	1000.0	1871999	99.18597	4.014244	107.9681	55.465076	-99.206375	0.18634957	36631.06759619713
469	954.469	13.822006	965.62384	930.7894	961.0949	13.596964	981.1895	932.90564	1000.0	1000.0	1875999	99.17077	3.9239404	103.21685	57.023117	-99.190125	0.17890015	36709.615144729614
470	968.545	10.736089	983.7946	954.9444	972.63904	9.903832	986.89575	955.2485	1000.0	1000.0	1879999	99.14875	3.9672325	103.27828	56.56438	-99.1687	0.18882959	36798.98979830742
471	959.25696	19.252167	984.4251	934.4232	968.2555	21.93196	986.9506	927.23566	1000.0	1000.0	1883999	99.1405	3.9022238	103.780334	56.353394	-99.15926	0.18919948	36877.75610113144
472	977.2991	10.245898	988.9366	963.44916	964.5096	14.246415	985.6836	944.1495	1000.0	1000.0	1887999	99.1168	3.9637988	102.33982	58.007175	-99.13628	0.18089783	36959.99668812752
473	941.51733	18.796114	967.85846	917.949	943.10486	25.561617	975.99646	883.2892	1000.0	1000.0	1891999	99.13088	3.9089553	102.005135	58.84906	-99.14864	0.17270547	37038.72950053215
474	941.93494	17.804235	960.284	920.6339	964.25037	12.651097	984.18066	943.7548	1000.0	1000.0	1895999	99.11472	3.8651805	102.52775	59.075493	-99.13206	0.17056404	37117.54778313637
475	960.1114	29.77401	983.4163	909.0138	954.7245	16.717245	977.63275	923.42706	1000.0	1000.0	1899999	99.11452	3.8983612	103.91806	57.975685	-99.13527	0.17326574	37197.86445808411
476	957.76746	22.568285	974.5379	918.8907	945.96765	31.120022	989.86365	884.74536	1000.0	1000.0	1903999	99.16008	3.8686404	104.78389	56.278194	-99.18219	0.16407315	37278.05420398712
477	954.7511	20.343424	977.6068	921.8716	957.1632	18.345215	985.4159	923.7375	1000.0	1000.0	1907999	99.20278	3.7431834	103.596275	52.583855	-99.22243	0.16685736	37356.63742470741
478	958.71106	8.035769	968.7285	946.37067	950.6004	26.49206	986.53845	896.504	1000.0	1000.0	1911999	99.15863	3.8336961	101.4847	56.14679	-99.18043	0.16550995	37435.52621912956
479	952.8649	28.22686	988.7526	910.1157	935.36536	42.705128	983.7614	859.31604	1000.0	1000.0	1915999	99.19058	3.9124336	102.02235	53.766598	-99.21113	0.1623382	37513.66222882271
480	971.7517	6.9302554	982.1202	963.2301	953.53595	28.030176	986.1527	890.4931	1000.0	1000.0	1919999	99.21228	3.9899158	102.64473	49.89257	-99.23653	0.17449896	37592.67713904381
481	958.63617	8.066683	972.2448	951.1831	930.235	26.171759	960.3629	882.4142	1000.0	1000.0	1923999	99.23242	3.9471555	104.41422	51.477028	-99.25218	0.18112719	37669.991946697235
482	967.14056	22.237268	989.83417	931.74805	965.82227	18.92235	987.3791	914.7027	1000.0	1000.0	1927999	99.21679	3.866601	104.27141	52.374367	-99.23462	0.17992012	37748.309386730194
483	951.5668	9.995317	962.152	936.17957	947.3337	21.186485	975.8937	908.1826	1000.0	1000.0	1931999	99.2503	3.832937	102.46156	55.007336	-99.27086	0.16215658	37827.021305799484
484	948.4181	20.37592	981.8901	926.87946	939.8751	34.551556	978.43945	870.4088	1000.0	1000.0	1935999	99.27189	3.8137352	102.36661	57.210983	-99.29492	0.1626832	37912.515411138535
485	959.77856	21.129572	981.5903	924.96515	954.4911	24.854687	986.5773	896.00183	1000.0	1000.0	1939999	99.31509	3.8495958	104.047676	54.710495	-99.3367	0.16892919	37992.39701986313
486	960.53503	13.470177	975.6853	941.81537	967.6041	17.457201	986.3791	930.19836	1000.0	1000.0	1943999	99.30804	3.7576258	102.42903	54.75462	-99.32681	0.16367462	38072.8163728714
487	950.8711	22.697903	986.8771	924.6966	942.87854	16.343515	962.87555	915.7917	1000.0	1000.0	1947999	99.29472	3.7387893	102.66118	54.68038	-99.31372	0.16074859	38152.88129019737
488	967.7257	15.7065	983.20703	947.06433	952.2008	20.558342	978.8923	911.2875	1000.0	1000.0	1951999	99.25344	3.7508676	102.430695	55.59426	-99.2734	0.16170615	38233.080671072006
489	955.6374	22.781742	983.8169	920.35785	969.6716	12.061232	986.3432	944.97614	1000.0	1000.0	1955999	99.21923	3.7336543	101.69863	54.05545	-99.23686	0.15451358	38312.535202264786
490	939.2207	25.14055	982.3181	919.55176	935.3553	30.170885	975.73975	879.13477	1000.0	1000.0	1959999	99.19793	3.8147886	102.91444	57.048447	-99.216866	0.1660892	38393.33755874634
491	962.2943	9.608925	974.3475	949.1214	970.95526	14.964691	990.5673	946.9097	1000.0	1000.0	1963999	99.20405	3.7877111	102.279625	59.166634	-99.22408	0.16903406	38473.135420799255
492	969.02295	28.061687	987.3796	920.53503	954.9827	24.511393	983.84515	895.7605	1000.0	1000.0	1967999	99.20326	3.766058	102.514175	52.820393	-99.22327	0.17251557	38554.36424803734
493	952.95245	18.158646	968.8186	922.2178	942.9167	22.718727	987.7534	907.9196	1000.0	1000.0	1971999	99.15138	3.7834349	102.2874	55.3961	-99.16609	0.17047997	38633.35872220993
494	934.41846	27.280909	973.09186	896.6669	963.24426	12.1614	986.0966	948.21027	1000.0	1000.0	1975999	99.12017	3.7681127	102.09521	59.87243	-99.13855	0.1727504	38713.94506239891
495	971.51904	18.542612	991.75366	944.90295	932.6569	28.957756	964.196	878.80493	1000.0	1000.0	1979999	99.11903	3.7280676	104.709595	56.87107	-99.14101	0.17653544	38796.51930141449
496	936.9863	22.56537	954.85626	898.275	948.93036	35.96925	988.90546	847.6293	1000.0	1000.0	1983999	99.14601	3.7211804	104.11986	58.06401	-99.167725	0.17344992	38876.84880518913
497	968.9179	7.9965467	980.9468	959.3928	961.04407	24.820536	986.87634	896.7543	1000.0	1000.0	1987999	99.16471	3.6876824	103.13582	58.30407	-99.18488	0.18727024	38954.61228179932
498	974.18195	13.760119	987.98157	959.67596	956.74036	18.06766	982.40576	921.5998	1000.0	1000.0	1991999	99.13348	3.715697	105.19958	60.493164	-99.15062	0.16649936	39032.28719830513
499	971.19714	13.642779	990.6724	952.09143	953.797	18.84813	986.36017	913.42645	1000.0	1000.0	1995999	99.13753	3.7383761	104.65762	54.48733	-99.15719	0.17314237	39113.591505765915
500	953.8295	22.684074	981.3809	918.2852	947.0458	29.361593	978.6511	873.52094	1000.0	1000.0	1999999	99.15767	3.7802324	103.26561	59.18239	-99.17919	0.17268147	39193.114590168
