Epoch	AverageEpRet	StdEpRet	MaxEpRet	MinEpRet	AverageTestEpRet	StdTestEpRet	MaxTestEpRet	MinTestEpRet	EpLen	TestEpLen	TotalEnvInteracts	AverageQVals	StdQVals	MaxQVals	MinQVals	LossPi	LossQ	Time
1	3.0	3.3166249	8.0	0.0	69.1	144.00934	455.0	0.0	1000.0	1000.0	3999	0.12040844	0.16228426	4.5005364	-0.60607755	-0.14789574	0.0021268562	46.419597148895264
2	78.5	71.61878	195.0	0.0	97.0	143.225	372.0	0.0	1000.0	1000.0	7999	1.881485	2.643575	20.81727	0.14178185	-2.0989423	0.010196887	105.25978326797485
3	2.0	3.4641016	8.0	0.0	80.8	126.41187	319.0	0.0	1000.0	1000.0	11999	14.760684	24.08275	237.6565	0.9684386	-15.410455	0.05584581	164.85132789611816
4	80.0	138.56407	320.0	0.0	106.5	269.22714	905.0	0.0	1000.0	1000.0	15999	43.50884	42.574017	242.54362	2.335226	-44.34591	0.09908044	225.14402604103088
5	115.5	183.69064	433.0	0.0	0.5	1.5	5.0	0.0	1000.0	1000.0	19999	56.0064	28.571608	202.58003	11.640893	-56.869	0.1687847	285.33638429641724
6	0.0	0.0	0.0	0.0	51.3	152.24063	508.0	0.0	1000.0	1000.0	23999	61.424637	20.723167	169.96814	20.971626	-62.106228	0.17244382	345.83278608322144
7	1.5	2.598076	6.0	0.0	0.5	1.5	5.0	0.0	1000.0	1000.0	27999	63.414326	20.923155	178.99281	26.180202	-63.89213	0.1410314	406.1561498641968
8	277.25	342.1311	838.0	0.0	1.6	2.7640553	7.0	0.0	1000.0	1000.0	31999	59.34622	21.587702	193.96393	25.578276	-59.62067	0.1336538	467.04786586761475
9	118.0	133.57582	331.0	0.0	84.6	165.4359	474.0	0.0	1000.0	1000.0	35999	55.036236	26.01105	222.264	17.402124	-55.25986	0.16123728	528.4514145851135
10	0.0	0.0	0.0	0.0	156.4	279.7339	885.0	0.0	1000.0	1000.0	39999	58.72779	37.350746	231.96263	14.176765	-58.974102	0.2261932	590.0880420207977
11	3.25	3.4186985	8.0	0.0	193.1	380.72025	956.0	0.0	1000.0	1000.0	43999	60.86355	37.99721	205.60638	14.615143	-61.145306	0.18947771	651.7226612567902
12	110.25	190.9586	441.0	0.0	196.4	354.93216	959.0	0.0	1000.0	1000.0	47999	58.133106	30.53715	173.5587	14.265426	-58.401825	0.19083896	713.3316717147827
13	2.75	2.772634	6.0	0.0	194.2	364.85474	966.0	0.0	1000.0	1000.0	51999	52.5907	23.870024	144.84764	14.512536	-52.767452	0.19066013	775.5838603973389
14	122.25	211.16626	488.0	0.0	164.8	303.02768	982.0	0.0	1000.0	1000.0	55999	47.717705	19.046274	122.289604	15.177993	-47.86719	0.18966447	839.0678925514221
15	7.25	12.557368	29.0	0.0	0.7	1.5524175	5.0	0.0	1000.0	1000.0	59999	45.90656	16.064163	107.25649	12.440645	-46.32196	0.21579163	904.9560587406158
16	200.75	254.12337	626.0	2.0	288.5	438.71933	992.0	0.0	1000.0	1000.0	63999	50.0414	14.934236	101.50338	12.958232	-50.775127	0.2882051	974.196063041687
17	3.75	3.8971143	9.0	0.0	226.9	300.3849	999.0	0.0	1000.0	1000.0	67999	58.74568	22.16443	358.7395	16.958132	-59.54257	0.44625524	1047.2293441295624
18	20.0	34.641018	80.0	0.0	53.3	107.04677	329.0	0.0	1000.0	1000.0	71999	71.43818	38.69348	369.6547	20.07033	-72.27781	0.39156672	1121.9521255493164
19	16.5	28.578838	66.0	0.0	89.5	268.5	895.0	0.0	1000.0	1000.0	75999	76.62243	37.000996	314.48376	20.140713	-77.34837	0.34825972	1196.8314118385315
20	74.0	127.59506	295.0	0.0	200.8	393.90604	998.0	0.0	1000.0	1000.0	79999	79.39748	28.053617	261.10773	25.886421	-80.19955	0.3383141	1272.1153936386108
21	259.5	217.57355	552.0	0.0	99.4	281.6353	944.0	0.0	1000.0	1000.0	83999	80.37097	22.458158	209.37056	34.674004	-81.008766	0.2950838	1347.4333724975586
22	417.25	243.57481	650.0	25.0	131.6	292.82767	945.0	0.0	1000.0	1000.0	87999	79.466324	20.750248	176.63466	29.637892	-80.14095	0.32742065	1422.993266582489
23	468.5	468.6307	982.0	0.0	348.2	440.19217	999.0	0.0	1000.0	1000.0	91999	79.55724	19.66006	161.54883	27.87829	-80.31911	0.36354548	1498.3378241062164
24	379.0	393.33002	930.0	0.0	251.4	248.9129	657.0	0.0	1000.0	1000.0	95999	81.75	21.392199	149.71185	29.674675	-82.525406	0.38053423	1573.6870772838593
25	226.0	227.94298	494.0	0.0	294.2	390.50476	998.0	0.0	1000.0	1000.0	99999	84.36138	23.333775	149.06104	27.820065	-85.20141	0.44625506	1649.1731462478638
26	567.5	394.68057	984.0	0.0	670.6	438.562	995.0	0.0	1000.0	1000.0	103999	87.54521	25.289635	150.14394	16.962612	-88.39843	0.44834194	1724.7386825084686
27	446.0	450.71942	984.0	0.0	739.6	387.939	981.0	0.0	1000.0	1000.0	107999	89.744	27.225111	149.42743	18.340612	-90.53714	0.42204472	1800.3585171699524
28	655.0	382.81262	951.0	0.0	788.6	372.97113	991.0	0.0	1000.0	1000.0	111999	90.53941	29.599394	151.90828	15.738572	-91.255486	0.40181017	1876.0045845508575
29	636.5	398.53638	983.0	0.0	783.0	370.89297	989.0	32.0	1000.0	1000.0	115999	90.34334	31.960554	153.60255	15.475356	-91.020706	0.40003732	1951.7621881961823
30	930.5	76.100266	991.0	800.0	774.9	388.06094	997.0	0.0	1000.0	1000.0	119999	90.49436	34.0397	152.05206	13.554524	-91.15813	0.41166487	2027.6119096279144
31	596.25	409.49564	985.0	0.0	673.5	443.69836	1000.0	0.0	1000.0	1000.0	123999	91.51573	34.96512	149.64539	8.848844	-92.18879	0.449527	2103.5726742744446
32	902.0	52.63554	977.0	832.0	846.3	293.85406	996.0	0.0	1000.0	1000.0	127999	92.19518	36.116486	151.35909	2.000627	-92.88532	0.4361259	2179.978530883789
33	962.5	12.439856	981.0	947.0	899.1	133.75534	989.0	624.0	1000.0	1000.0	131999	93.59009	38.684467	152.93669	-3.54257	-94.25617	0.4095744	2256.6558635234833
34	927.5	75.572815	987.0	798.0	960.6	26.325653	1000.0	905.0	1000.0	1000.0	135999	94.44027	39.75896	152.87988	-5.613707	-95.109955	0.39155024	2333.2371215820312
35	953.5	13.5	975.0	942.0	879.5	293.44003	995.0	0.0	1000.0	1000.0	139999	95.37362	40.964127	152.22752	-13.177452	-95.997696	0.3809035	2410.011066198349
36	828.25	204.49007	976.0	477.0	684.8	441.22302	993.0	0.0	1000.0	1000.0	143999	96.6484	41.545906	150.84172	-15.392373	-97.34521	0.37736776	2487.24990773201
37	936.75	49.916805	995.0	860.0	850.2	286.91455	997.0	0.0	1000.0	1000.0	147999	99.06771	40.57597	155.00194	-14.373207	-99.855545	0.3963699	2564.324944496155
38	499.75	463.5873	976.0	0.0	760.3	375.7156	987.0	9.0	1000.0	1000.0	151999	103.01217	39.784584	154.29156	-11.65158	-103.86734	0.40469226	2641.5163249969482
39	800.75	288.9069	990.0	301.0	601.9	460.7035	995.0	0.0	1000.0	1000.0	155999	106.26137	40.389057	153.00574	-16.782278	-106.98247	0.39994836	2718.63143992424
40	820.75	244.9167	979.0	397.0	927.2	74.13744	988.0	766.0	1000.0	1000.0	159999	106.31196	41.01567	151.762	-19.176542	-106.989174	0.36814496	2795.9047105312347
41	964.75	13.681648	987.0	953.0	894.0	155.5802	1000.0	492.0	1000.0	1000.0	163999	107.03793	41.143307	152.44649	-15.98704	-107.74514	0.38920295	2873.2654049396515
42	949.25	40.34461	999.0	902.0	689.1	437.04337	991.0	17.0	1000.0	1000.0	167999	108.24922	40.863754	153.71098	-15.849529	-108.9616	0.40991694	2950.7182807922363
43	938.75	20.53503	960.0	905.0	971.2	15.574337	997.0	945.0	1000.0	1000.0	171999	109.81346	39.97465	157.16708	-14.680321	-110.56545	0.4077548	3028.2613258361816
44	870.25	111.92268	987.0	717.0	967.8	19.518198	1000.0	936.0	1000.0	1000.0	175999	111.58744	39.37942	160.04102	-15.032379	-112.33264	0.40399837	3106.0756430625916
45	916.75	83.744774	993.0	775.0	774.4	381.55164	997.0	0.0	1000.0	1000.0	179999	113.03348	38.96087	159.00009	-20.507055	-113.75331	0.40488294	3183.907294988632
46	782.5	297.23602	969.0	268.0	964.3	19.498974	988.0	919.0	1000.0	1000.0	183999	113.47267	38.214855	157.32584	-20.756834	-114.135735	0.394052	3262.0171205997467
47	939.25	67.10952	994.0	826.0	868.7	290.0324	990.0	0.0	1000.0	1000.0	187999	113.13069	37.264484	157.88663	-21.326244	-113.76026	0.37877232	3339.9648633003235
48	972.25	21.358547	1000.0	946.0	961.5	19.551214	991.0	938.0	1000.0	1000.0	191999	112.09459	37.080643	156.73322	-23.181364	-112.67338	0.37819874	3418.28302192688
49	905.25	85.04521	988.0	764.0	972.3	18.520529	1000.0	940.0	1000.0	1000.0	195999	111.07929	37.56388	157.4916	-26.222437	-111.657005	0.38491717	3496.650045633316
50	980.0	17.874563	997.0	952.0	781.9	384.35983	998.0	0.0	1000.0	1000.0	199999	110.34291	38.044174	155.89908	-23.996916	-110.90831	0.38517052	3575.213337659836
51	922.75	46.208088	953.0	843.0	872.2	291.05148	1000.0	0.0	1000.0	1000.0	203999	109.9165	38.4723	152.77602	-26.83063	-110.491516	0.39797252	3653.76247549057
52	947.5	12.134661	960.0	933.0	951.3	50.703156	991.0	809.0	1000.0	1000.0	207999	109.62872	38.835407	151.90834	-26.67077	-110.21035	0.3781804	3732.313112974167
53	946.25	39.9398	981.0	880.0	872.5	291.787	1000.0	0.0	1000.0	1000.0	211999	109.87088	38.13985	149.88443	-28.082014	-110.45326	0.38972944	3811.0593292713165
54	877.0	159.37378	973.0	601.0	871.0	289.1543	991.0	5.0	1000.0	1000.0	215999	110.18597	37.809166	151.69017	-26.575127	-110.78952	0.4022813	3889.6381011009216
55	959.25	19.600702	980.0	935.0	778.4	385.79507	981.0	0.0	1000.0	1000.0	219999	111.24178	36.71405	151.3298	-25.150747	-111.86907	0.39784092	3968.463168859482
56	700.5	275.57983	958.0	267.0	711.3	365.15668	984.0	12.0	1000.0	1000.0	223999	111.90645	35.34499	148.70323	-21.137924	-112.50723	0.39234975	4047.3548455238342
57	736.75	302.57095	954.0	221.0	868.6	289.97937	989.0	0.0	1000.0	1000.0	227999	112.22754	34.042828	148.73541	-16.560263	-112.81557	0.41144136	4126.137378692627
58	960.5	28.324018	999.0	919.0	666.6	378.3396	989.0	15.0	1000.0	1000.0	231999	112.04623	33.18682	146.76826	-19.862312	-112.59294	0.3988709	4205.131454706192
59	948.75	26.022827	981.0	909.0	880.3	290.81473	1000.0	9.0	1000.0	1000.0	235999	111.56977	33.86198	146.01704	-25.836277	-112.08989	0.39086092	4284.011355161667
60	972.75	16.361158	994.0	948.0	758.6	383.7427	1000.0	0.0	1000.0	1000.0	239999	110.90898	34.655495	148.11424	-27.826424	-111.41543	0.3962914	4363.058924198151
61	751.0	400.42102	996.0	58.0	779.8	388.97787	997.0	0.0	1000.0	1000.0	243999	110.23827	35.023888	148.02603	-25.527973	-110.74126	0.37820488	4442.035479545593
62	978.75	18.859678	998.0	948.0	870.2	292.34836	1000.0	0.0	1000.0	1000.0	247999	110.12746	34.68568	147.0738	-24.96335	-110.639305	0.40066335	4520.924736261368
63	887.0	153.7319	999.0	622.0	971.7	13.535508	988.0	942.0	1000.0	1000.0	251999	110.00681	33.62514	145.3168	-21.783663	-110.51785	0.40324688	4599.679377555847
64	968.5	10.688779	981.0	956.0	973.3	12.52238	995.0	957.0	1000.0	1000.0	255999	110.06611	33.169495	143.9315	-18.764011	-110.589035	0.4070019	4678.419476270676
65	969.0	8.916277	984.0	961.0	957.9	22.893011	997.0	914.0	1000.0	1000.0	259999	110.4606	32.513393	141.74384	-13.000684	-110.988556	0.3958268	4757.239230871201
66	964.25	14.872374	980.0	940.0	948.6	72.21108	995.0	735.0	1000.0	1000.0	263999	110.54376	32.613026	141.54312	-9.248236	-111.02044	0.4422704	4835.863837957382
67	919.5	61.52032	983.0	857.0	921.8	140.56586	993.0	506.0	1000.0	1000.0	267999	110.27675	32.696777	144.42143	-5.3308735	-110.771126	0.48879045	4914.693074226379
68	917.75	85.479164	983.0	771.0	871.0	291.76086	994.0	0.0	1000.0	1000.0	271999	110.36828	32.686214	144.93042	-8.933927	-110.87303	0.48942766	4993.623485088348
69	943.75	48.18908	983.0	862.0	978.0	8.786353	996.0	968.0	1000.0	1000.0	275999	110.9039	32.04654	144.34645	-13.642996	-111.440125	0.4768939	5072.574301242828
70	973.75	14.821858	991.0	953.0	770.3	378.90924	976.0	0.0	1000.0	1000.0	279999	111.25914	31.515654	142.27959	-10.861702	-111.752785	0.43465826	5151.921451330185
71	890.0	71.794846	980.0	800.0	770.7	385.45792	982.0	0.0	1000.0	1000.0	283999	111.05198	30.867834	139.51906	-12.665415	-111.525345	0.4325357	5230.874339342117
72	977.0	10.931605	990.0	963.0	929.8	160.42369	1000.0	451.0	1000.0	1000.0	287999	110.72655	30.396503	139.06633	-7.3233266	-111.1724	0.38524824	5309.690270423889
73	864.25	169.72533	975.0	571.0	864.0	285.1133	998.0	13.0	1000.0	1000.0	291999	110.20997	29.8482	137.70924	-2.9500217	-110.66723	0.3775473	5388.483976364136
74	496.75	491.27353	992.0	0.0	785.2	392.18384	993.0	0.0	1000.0	1000.0	295999	109.83973	29.23084	141.4643	-1.5807374	-110.28277	0.3870448	5467.636330127716
75	736.75	420.787	986.0	8.0	875.3	290.23404	994.0	6.0	1000.0	1000.0	299999	109.35932	28.79846	135.32718	-3.800407	-109.80917	0.38646612	5546.6002695560455
76	840.25	243.30576	989.0	419.0	858.8	232.67609	994.0	308.0	1000.0	1000.0	303999	109.22519	28.17268	133.17479	-2.8950126	-109.66694	0.38496244	5625.888356208801
77	983.5	8.20061	997.0	976.0	878.8	290.8308	990.0	7.0	1000.0	1000.0	307999	108.92436	28.234858	133.42628	0.11530936	-109.36347	0.37252396	5705.016338348389
78	966.0	20.445047	1000.0	950.0	833.6	288.5478	996.0	8.0	1000.0	1000.0	311999	108.61215	28.68869	133.49825	-0.6750649	-109.04637	0.3788269	5784.35978269577
79	955.75	43.02543	992.0	884.0	904.6	124.73989	979.0	573.0	1000.0	1000.0	315999	108.6573	28.599447	134.55943	1.19727	-109.09607	0.3664657	5863.529625177383
80	480.0	474.51923	957.0	0.0	907.4	194.02124	1000.0	327.0	1000.0	1000.0	319999	108.71556	28.595222	134.33554	1.0537922	-109.16102	0.36020437	5942.802847623825
81	971.0	9.0	982.0	958.0	961.6	16.365818	991.0	938.0	1000.0	1000.0	323999	108.69762	28.639704	133.52261	-5.4057345	-109.13637	0.36928058	6022.291042566299
82	854.5	176.3413	988.0	551.0	939.5	86.42945	995.0	699.0	1000.0	1000.0	327999	108.86456	29.001535	133.22488	-10.0706415	-109.28789	0.3680379	6101.57611656189
83	941.25	48.012367	1000.0	875.0	901.1	212.78838	992.0	264.0	1000.0	1000.0	331999	108.74139	29.301916	132.99583	-9.184356	-109.1909	0.38184026	6180.725076913834
84	880.5	123.45951	965.0	668.0	944.5	87.69635	996.0	685.0	1000.0	1000.0	335999	109.05318	28.996	132.86615	-15.242555	-109.476326	0.37747052	6259.8552968502045
85	968.5	14.044572	992.0	955.0	969.6	15.62178	994.0	949.0	1000.0	1000.0	339999	109.08261	28.82736	133.49985	-21.404257	-109.51814	0.3864011	6338.9996683597565
86	885.75	155.55928	993.0	618.0	968.9	14.50138	997.0	946.0	1000.0	1000.0	343999	108.98853	29.111229	133.62222	-31.717096	-109.38991	0.3897337	6418.0767459869385
87	974.0	15.313393	987.0	949.0	975.4	14.954598	1000.0	957.0	1000.0	1000.0	347999	108.49682	29.935595	133.88013	-54.412457	-108.89428	0.34948474	6497.178583860397
88	976.75	10.779031	993.0	964.0	979.9	14.515165	1000.0	957.0	1000.0	1000.0	351999	108.36486	30.351131	133.98665	-61.447212	-108.77068	0.34381998	6576.350797653198
89	901.25	101.87585	964.0	725.0	931.2	105.79773	1000.0	616.0	1000.0	1000.0	355999	108.34459	30.770273	134.62311	-67.434364	-108.75647	0.36875167	6655.69747877121
90	986.25	4.968652	993.0	979.0	880.8	292.20703	1000.0	6.0	1000.0	1000.0	359999	108.98522	30.765093	136.87488	-58.445908	-109.44166	0.37450147	6735.09499502182
91	746.0	377.646	991.0	93.0	971.1	13.3450365	992.0	948.0	1000.0	1000.0	363999	109.46102	30.826235	137.49704	-62.26163	-109.88253	0.33958554	6814.50760102272
92	954.75	30.784533	997.0	910.0	977.1	12.13631	1000.0	963.0	1000.0	1000.0	367999	109.44004	30.422752	137.52386	-62.289505	-109.853905	0.35195214	6893.618106842041
93	961.75	10.685855	980.0	953.0	827.3	283.91058	982.0	14.0	1000.0	1000.0	371999	109.32253	30.416498	135.69063	-65.45378	-109.706825	0.3467622	6973.042674779892
94	671.5	396.071	963.0	0.0	968.9	15.552814	997.0	938.0	1000.0	1000.0	375999	108.90779	30.190586	133.81172	-57.658142	-109.30481	0.30615497	7052.657858610153
95	967.5	7.664855	976.0	958.0	968.0	11.108556	994.0	951.0	1000.0	1000.0	379999	108.60926	29.467003	133.15277	-57.31634	-109.00638	0.3321145	7132.143430709839
96	911.75	71.77874	994.0	835.0	972.5	15.4159	994.0	943.0	1000.0	1000.0	383999	108.5827	28.384192	131.97852	-45.454945	-108.96608	0.34972233	7211.803181409836
97	926.0	102.454865	997.0	749.0	976.6	14.178858	1000.0	956.0	1000.0	1000.0	387999	108.41644	27.930391	131.96864	-38.401367	-108.80653	0.3263107	7291.2961502075195
98	977.75	14.0779085	1000.0	961.0	883.4	294.72772	1000.0	0.0	1000.0	1000.0	391999	108.23461	27.564903	130.918	-33.308846	-108.61494	0.30714893	7370.937833786011
99	981.25	4.085034	988.0	978.0	979.6	13.462542	997.0	962.0	1000.0	1000.0	395999	108.16063	27.109432	129.47379	-25.142515	-108.536514	0.27591112	7450.520989656448
100	728.0	420.3451	976.0	0.0	872.9	291.12177	994.0	0.0	1000.0	1000.0	399999	108.04121	26.836922	130.97404	-23.41104	-108.42398	0.28060842	7530.060532569885
101	960.0	21.644861	991.0	930.0	678.2	428.93118	971.0	18.0	1000.0	1000.0	403999	108.26376	26.529392	134.37761	-19.29519	-108.66618	0.2921402	7609.702277183533
102	975.5	22.961926	1000.0	943.0	966.6	14.14355	997.0	939.0	1000.0	1000.0	407999	108.66928	26.408037	135.47705	-17.510084	-109.05752	0.30888844	7689.332904100418
103	948.0	47.86439	997.0	869.0	903.1	135.34138	998.0	516.0	1000.0	1000.0	411999	108.64315	26.377645	137.9808	-21.440765	-109.01972	0.30419332	7768.964831113815
104	843.25	139.38683	991.0	654.0	973.3	9.306449	988.0	963.0	1000.0	1000.0	415999	108.95394	26.250607	139.26497	-23.402355	-109.35338	0.30787605	7848.502404928207
105	972.25	8.84237	978.0	957.0	954.1	19.102095	978.0	914.0	1000.0	1000.0	419999	109.05697	26.103193	138.44572	-20.773825	-109.43178	0.2984367	7927.997668504715
106	872.25	162.79953	977.0	591.0	773.9	383.59546	988.0	0.0	1000.0	1000.0	423999	108.97648	26.307562	135.8362	-27.431244	-109.33942	0.2950161	8007.623701572418
107	916.75	110.345764	997.0	727.0	941.8	83.90804	994.0	697.0	1000.0	1000.0	427999	108.62436	26.405508	133.31093	-31.024326	-108.982544	0.27865943	8087.279999494553
108	962.5	17.036724	984.0	937.0	978.2	11.487385	994.0	958.0	1000.0	1000.0	431999	108.35257	26.521084	130.60603	-34.875217	-108.71497	0.2880676	8167.184819459915
109	973.5	11.146749	985.0	956.0	973.2	13.48184	989.0	938.0	1000.0	1000.0	435999	108.30007	26.436213	130.05313	-35.585262	-108.65094	0.28678668	8247.149349212646
110	977.5	18.364368	998.0	948.0	968.5	14.914758	998.0	950.0	1000.0	1000.0	439999	108.1732	26.201448	132.16342	-34.615086	-108.525856	0.2817525	8327.118584156036
111	959.5	49.646248	998.0	876.0	970.9	7.62168	985.0	956.0	1000.0	1000.0	443999	107.99165	26.152868	130.51218	-34.545162	-108.338	0.29001155	8407.343779563904
112	787.5	251.96677	969.0	355.0	959.1	24.3	993.0	900.0	1000.0	1000.0	447999	107.78915	26.00859	139.4134	-30.779928	-108.13335	0.2899714	8487.443242788315
113	979.75	14.341809	990.0	955.0	969.8	12.359612	990.0	950.0	1000.0	1000.0	451999	107.95307	26.059269	139.24377	-25.507524	-108.315994	0.2997548	8567.590764045715
114	887.5	95.797966	971.0	732.0	973.0	15.079787	1000.0	942.0	1000.0	1000.0	455999	108.18011	25.807768	137.6317	-21.565939	-108.54939	0.29887402	8647.908199071884
115	729.25	404.5222	985.0	29.0	969.5	10.131634	987.0	951.0	1000.0	1000.0	459999	108.38505	24.968653	135.55035	-17.617405	-108.73354	0.29079023	8728.242999792099
116	972.5	8.87412	982.0	958.0	930.1	109.75924	1000.0	710.0	1000.0	1000.0	463999	108.22811	24.339376	132.32764	-12.628809	-108.56361	0.2841618	8808.876487731934
117	915.5	118.24022	993.0	711.0	970.1	18.986574	994.0	920.0	1000.0	1000.0	467999	108.01882	24.40235	128.68701	-6.5445337	-108.366684	0.28636897	8889.275102853775
118	966.75	12.597123	979.0	946.0	886.7	293.0447	997.0	8.0	1000.0	1000.0	471999	108.1647	24.000826	128.7595	-9.632891	-108.51588	0.2861981	8969.597295761108
119	925.0	85.50731	991.0	778.0	939.1	101.6941	993.0	636.0	1000.0	1000.0	475999	108.30903	24.03608	131.02917	-10.708841	-108.66756	0.29400533	9049.948291778564
120	972.5	16.132265	986.0	946.0	876.2	290.276	986.0	6.0	1000.0	1000.0	479999	108.75447	23.618423	137.3949	-8.746388	-109.115265	0.29448038	9130.304495096207
121	324.5	374.15604	950.0	8.0	701.3	424.63022	991.0	0.0	1000.0	1000.0	483999	109.0565	23.780079	144.46428	-2.2225103	-109.447174	0.3220782	9210.567360162735
122	881.25	157.56645	988.0	609.0	971.2	12.687001	997.0	955.0	1000.0	1000.0	487999	110.07705	23.464571	144.86087	0.78486097	-110.46242	0.32028863	9290.92211341858
123	981.75	9.417404	997.0	973.0	965.0	10.353744	976.0	943.0	1000.0	1000.0	491999	110.32004	23.252794	144.34114	-0.19787467	-110.68944	0.29123223	9371.314603090286
124	773.5	318.0892	986.0	226.0	883.2	194.91064	1000.0	483.0	1000.0	1000.0	495999	110.73642	23.135664	144.22069	-3.6884546	-111.11661	0.28897372	9451.55145406723
125	969.0	13.247642	988.0	952.0	977.9	11.894958	1000.0	955.0	1000.0	1000.0	499999	111.15524	23.194698	144.73737	1.6054189	-111.541115	0.2892687	9531.917417764664
126	971.25	11.008519	982.0	953.0	980.2	11.93985	997.0	956.0	1000.0	1000.0	503999	111.17912	23.057533	143.87752	-4.035715	-111.52441	0.27055767	9612.262077093124
127	961.5	14.874475	977.0	938.0	936.4	123.73293	997.0	567.0	1000.0	1000.0	507999	110.83034	22.867708	143.99452	-11.468569	-111.18052	0.27719653	9692.637925624847
128	960.75	21.935986	983.0	935.0	973.7	15.950234	997.0	944.0	1000.0	1000.0	511999	110.86466	22.631737	143.99953	-10.416128	-111.23026	0.26945406	9772.927483797073
129	967.5	17.642279	991.0	949.0	979.0	14.85261	996.0	944.0	1000.0	1000.0	515999	111.25725	22.660603	141.86554	-2.215321	-111.634544	0.28478315	9853.533697605133
130	850.0	198.18805	977.0	507.0	976.5	9.146037	989.0	960.0	1000.0	1000.0	519999	111.36879	22.824148	141.19472	-1.439289	-111.73184	0.29290116	9934.005056858063
131	990.0	8.246211	1000.0	980.0	965.5	23.825407	993.0	900.0	1000.0	1000.0	523999	111.61002	22.97211	141.46031	-6.1003675	-111.98265	0.30048242	10014.55490398407
132	966.75	5.1173725	971.0	958.0	920.6	159.9845	995.0	442.0	1000.0	1000.0	527999	111.75505	23.150896	143.73639	-14.811621	-112.1202	0.30242473	10094.96661400795
133	964.5	4.769696	971.0	959.0	958.4	36.260723	991.0	878.0	1000.0	1000.0	531999	111.55135	22.969923	143.46313	-11.869368	-111.88105	0.28813496	10175.497499704361
134	980.75	6.609652	990.0	974.0	951.6	96.15424	1000.0	664.0	1000.0	1000.0	535999	110.99571	22.760262	141.20398	-9.2094755	-111.32714	0.2939776	10256.057920217514
135	838.25	241.06573	991.0	421.0	970.9	14.102838	1000.0	951.0	1000.0	1000.0	539999	110.74183	22.65121	137.93364	-6.9010706	-111.077515	0.28484818	10336.693218231201
136	954.0	12.083046	970.0	938.0	859.7	288.4885	987.0	0.0	1000.0	1000.0	543999	110.70655	22.633984	139.56995	-8.6325035	-111.055695	0.2833395	10417.257647752762
137	974.5	4.3301272	980.0	968.0	970.4	19.612242	1000.0	936.0	1000.0	1000.0	547999	110.91083	22.210735	138.82433	-18.638033	-111.25622	0.30381897	10497.794400215149
138	974.0	5.3851647	979.0	965.0	959.8	42.72189	989.0	833.0	1000.0	1000.0	551999	111.03036	22.277952	134.14737	-25.050957	-111.39195	0.30016625	10578.438787460327
139	973.0	11.067972	989.0	960.0	974.0	15.537052	996.0	955.0	1000.0	1000.0	555999	111.34232	22.256777	132.52095	-25.30274	-111.68877	0.28592145	10659.157130002975
140	936.75	52.26555	990.0	850.0	978.9	15.208221	1000.0	953.0	1000.0	1000.0	559999	111.3266	22.390535	131.16762	-14.074348	-111.65392	0.28514847	10739.836426496506
141	767.5	300.806	994.0	255.0	957.0	50.414284	986.0	809.0	1000.0	1000.0	563999	110.93918	23.041498	131.15443	-7.6435757	-111.26959	0.27730513	10820.546569347382
142	529.5	431.02756	966.0	0.0	879.1	286.81436	997.0	20.0	1000.0	1000.0	567999	111.0655	23.15931	131.90208	-12.929474	-111.42408	0.28319976	10901.099508047104
143	972.0	16.807735	988.0	945.0	928.3	144.4701	1000.0	497.0	1000.0	1000.0	571999	111.48203	22.77957	131.52145	-12.521399	-111.85145	0.29447266	10981.736801147461
144	905.5	125.701035	1000.0	690.0	971.6	14.87414	995.0	952.0	1000.0	1000.0	575999	111.94066	22.441547	133.32942	-21.556604	-112.30295	0.2918465	11062.570197582245
145	968.75	8.407586	982.0	961.0	975.3	12.000417	994.0	953.0	1000.0	1000.0	579999	112.07157	22.548634	135.08017	-14.744385	-112.43095	0.29479176	11143.517391681671
146	962.75	9.1480875	972.0	949.0	974.6	10.355675	995.0	961.0	1000.0	1000.0	583999	112.45342	22.339317	134.51942	-11.850239	-112.81614	0.2944541	11224.37582397461
147	880.25	186.83867	1000.0	557.0	879.1	289.2872	997.0	12.0	1000.0	1000.0	587999	112.47493	22.636532	138.39273	-14.115126	-112.82311	0.28792608	11305.267864704132
148	975.75	17.583729	1000.0	952.0	978.0	15.046594	994.0	952.0	1000.0	1000.0	591999	112.83986	22.648006	144.30478	-11.45075	-113.226	0.2859628	11386.338755846024
149	968.25	18.184814	999.0	952.0	974.1	8.825531	995.0	959.0	1000.0	1000.0	595999	113.7237	22.760078	148.96555	-6.01901	-114.13269	0.29531255	11467.125069379807
150	875.75	169.81221	1000.0	584.0	879.4	293.3749	999.0	0.0	1000.0	1000.0	599999	114.93636	23.048632	151.03471	-3.3824506	-115.36112	0.29999286	11548.12627029419
151	980.5	2.95804	984.0	976.0	977.5	13.640015	1000.0	957.0	1000.0	1000.0	603999	115.21315	23.400497	147.19966	-8.770409	-115.57336	0.29843715	11629.218245506287
152	951.75	37.63891	993.0	891.0	777.2	388.33768	992.0	0.0	1000.0	1000.0	607999	114.69078	23.283577	142.86513	-8.850623	-115.01558	0.29492962	11710.186531305313
153	972.0	14.195069	994.0	959.0	976.2	13.869391	995.0	954.0	1000.0	1000.0	611999	113.8768	23.147354	139.94301	-11.090329	-114.20048	0.27745008	11791.172905921936
154	980.0	12.629331	1000.0	965.0	960.5	46.05269	999.0	827.0	1000.0	1000.0	615999	113.47394	22.308605	137.84479	-5.662168	-113.8103	0.29421616	11872.01043176651
155	878.0	181.89145	986.0	563.0	889.2	291.31522	999.0	16.0	1000.0	1000.0	619999	113.31708	21.362862	137.43672	-2.7306924	-113.6676	0.30401498	11953.020389556885
156	972.25	8.699857	981.0	959.0	975.6	17.018812	997.0	945.0	1000.0	1000.0	623999	113.28044	21.004318	137.34087	-6.4643674	-113.616714	0.29301092	12034.064741373062
157	979.0	11.895377	988.0	959.0	950.3	57.33594	997.0	784.0	1000.0	1000.0	627999	113.03153	21.242691	136.40079	-3.2244377	-113.35931	0.27497184	12114.982319116592
158	920.75	99.20024	982.0	749.0	977.7	11.688027	993.0	952.0	1000.0	1000.0	631999	112.60774	21.392212	135.84145	-1.9329578	-112.94018	0.28806219	12196.175601482391
159	963.25	4.710361	969.0	956.0	630.1	423.33664	982.0	7.0	1000.0	1000.0	635999	112.52872	20.953934	135.11598	-5.1138105	-112.847466	0.2853681	12277.185621738434
160	977.75	12.754901	995.0	959.0	976.3	10.844814	1000.0	959.0	1000.0	1000.0	639999	112.07098	21.103434	135.91112	-9.315415	-112.375595	0.27209437	12358.10965681076
161	962.25	21.695333	997.0	938.0	968.2	12.967652	1000.0	953.0	1000.0	1000.0	643999	111.46866	21.51953	135.2764	-17.270115	-111.7528	0.26184553	12439.126559972763
162	966.5	18.076227	989.0	945.0	971.2	10.63767	984.0	956.0	1000.0	1000.0	647999	110.81722	21.806454	133.36867	-26.094254	-111.11141	0.26864025	12519.898229837418
163	964.25	3.112475	969.0	961.0	898.6	168.62396	999.0	487.0	1000.0	1000.0	651999	110.62665	22.3643	133.05498	-28.958723	-110.945885	0.2709311	12600.833937883377
164	976.75	12.9301	997.0	965.0	984.2	10.447967	997.0	965.0	1000.0	1000.0	655999	110.90513	22.744383	132.79631	-42.016895	-111.237564	0.27120417	12681.861268758774
165	974.5	11.280514	988.0	961.0	912.8	147.58035	986.0	472.0	1000.0	1000.0	659999	111.30216	22.724514	132.69568	-46.527176	-111.63763	0.28320983	12762.895075082779
166	980.0	13.72953	996.0	964.0	971.7	10.649413	986.0	952.0	1000.0	1000.0	663999	111.77624	22.73748	131.97453	-46.885174	-112.11557	0.28116557	12843.942576885223
167	947.75	55.092537	993.0	854.0	970.9	10.0841465	985.0	954.0	1000.0	1000.0	667999	112.0995	22.982267	129.57127	-50.34166	-112.44237	0.27314782	12925.429951667786
168	967.5	12.757351	984.0	950.0	971.3	20.298029	993.0	927.0	1000.0	1000.0	671999	112.35098	22.464155	129.96751	-37.94492	-112.68312	0.2721585	13006.27756023407
169	840.75	226.35963	986.0	449.0	977.7	11.393419	997.0	963.0	1000.0	1000.0	675999	112.29474	22.013132	128.49965	-36.158474	-112.592255	0.2752555	13087.453158378601
170	967.0	14.713939	984.0	946.0	973.6	21.476498	997.0	938.0	1000.0	1000.0	679999	111.77917	21.54142	129.04033	-33.725338	-112.06485	0.274527	13168.580131292343
171	978.0	10.839742	996.0	967.0	968.6	12.831212	990.0	947.0	1000.0	1000.0	683999	111.1074	21.203003	128.80872	-31.705286	-111.39149	0.2555594	13249.695553779602
172	966.0	23.0	991.0	929.0	957.3	40.38081	1000.0	850.0	1000.0	1000.0	687999	110.81	20.709915	127.01881	-51.667828	-111.096344	0.27635106	13330.73597240448
173	941.25	47.028584	972.0	860.0	964.9	19.31036	988.0	923.0	1000.0	1000.0	691999	110.54604	21.318733	127.69237	-63.08611	-110.84883	0.27626845	13412.537496089935
174	964.5	7.0887237	975.0	955.0	965.1	24.464054	999.0	901.0	1000.0	1000.0	695999	110.50772	21.909208	128.07968	-75.217766	-110.796036	0.26756972	13493.801480531693
175	898.25	75.51945	988.0	784.0	877.6	290.46143	993.0	7.0	1000.0	1000.0	699999	110.63916	22.201252	129.3216	-76.32358	-110.96751	0.28870848	13574.838814258575
176	969.25	12.754901	988.0	954.0	963.4	14.47895	989.0	936.0	1000.0	1000.0	703999	110.94466	22.039284	128.75336	-71.24873	-111.24445	0.3066309	13655.913947820663
177	736.5	230.57591	980.0	467.0	981.9	8.949302	1000.0	966.0	1000.0	1000.0	707999	110.78503	22.333075	129.10722	-70.46796	-111.07344	0.281517	13737.284970283508
178	969.0	7.8421936	976.0	957.0	984.4	8.834025	999.0	967.0	1000.0	1000.0	711999	110.71208	22.419718	129.41705	-77.65027	-111.01949	0.29456922	13818.366598844528
179	976.0	26.048033	993.0	931.0	963.9	15.109269	993.0	939.0	1000.0	1000.0	715999	111.03917	22.163939	130.792	-70.45261	-111.3688	0.30256316	13899.517753839493
180	970.0	8.306623	979.0	957.0	855.7	286.54077	993.0	0.0	1000.0	1000.0	719999	111.68945	21.605587	132.49673	-64.84436	-112.020874	0.2868396	13980.58913898468
181	963.0	15.475787	983.0	946.0	963.1	35.76996	992.0	864.0	1000.0	1000.0	723999	111.99945	21.438599	134.35616	-55.659317	-112.3231	0.2886935	14061.744464159012
182	978.0	12.980755	998.0	966.0	969.1	23.274237	1000.0	921.0	1000.0	1000.0	727999	112.21579	20.84122	133.98991	-47.12714	-112.53553	0.28812513	14142.980448007584
183	976.75	14.166422	993.0	956.0	929.4	162.4495	1000.0	444.0	1000.0	1000.0	731999	112.39473	20.393002	133.13649	-44.295113	-112.70854	0.28065598	14224.271299123764
184	798.75	314.55078	987.0	254.0	978.1	25.307903	1000.0	910.0	1000.0	1000.0	735999	112.24142	20.215313	132.54088	-40.980194	-112.540344	0.29620093	14305.726712226868
185	966.75	14.635146	991.0	953.0	780.4	385.60037	993.0	0.0	1000.0	1000.0	739999	112.1688	19.993948	132.05322	-35.542107	-112.48214	0.2867997	14387.202272891998
186	811.75	168.57695	994.0	590.0	971.7	10.315522	993.0	957.0	1000.0	1000.0	743999	112.06296	19.929829	130.02477	-31.600683	-112.35302	0.27920172	14468.434587955475
187	976.5	13.647344	998.0	961.0	880.5	290.11523	1000.0	12.0	1000.0	1000.0	747999	111.72275	20.08326	127.296234	-31.775743	-112.01571	0.27912652	14549.6042573452
188	984.25	4.81534	992.0	979.0	943.3	96.829796	988.0	655.0	1000.0	1000.0	751999	111.55901	20.288198	128.07584	-39.612576	-111.85051	0.27892563	14630.966645002365
189	942.0	59.413803	986.0	840.0	973.1	5.7870545	984.0	964.0	1000.0	1000.0	755999	111.51396	20.422081	127.95724	-38.073498	-111.810776	0.2882995	14712.157375335693
190	801.25	281.42084	970.0	314.0	974.1	12.549502	1000.0	956.0	1000.0	1000.0	759999	111.4631	20.627361	128.26596	-38.364155	-111.76387	0.28864783	14793.318948030472
191	976.75	4.145781	981.0	970.0	978.1	12.817567	997.0	953.0	1000.0	1000.0	763999	111.5525	20.40777	129.49329	-40.333176	-111.859955	0.29780504	14874.462087392807
192	977.75	11.8611765	993.0	963.0	973.5	12.53196	1000.0	957.0	1000.0	1000.0	767999	111.66354	19.64486	130.1341	-40.161495	-111.96433	0.28628117	14955.7875726223
193	980.5	10.161201	996.0	970.0	974.8	12.552291	996.0	955.0	1000.0	1000.0	771999	111.75425	18.63686	130.62051	-32.322987	-112.05998	0.2960488	15037.061156272888
194	970.25	6.0570207	979.0	962.0	928.7	147.8168	1000.0	487.0	1000.0	1000.0	775999	112.11239	18.160856	129.44533	-22.88001	-112.4331	0.29411626	15118.373329639435
195	848.5	224.3485	985.0	460.0	893.6	262.78934	1000.0	106.0	1000.0	1000.0	779999	112.31438	18.219847	129.91516	-20.486036	-112.61343	0.3163551	15199.662032365799
196	953.75	9.549214	964.0	939.0	976.8	12.998461	1000.0	949.0	1000.0	1000.0	783999	112.06769	18.0794	129.31836	-29.7674	-112.345314	0.29770842	15280.834290504456
197	968.25	6.533567	977.0	961.0	876.2	286.64047	992.0	17.0	1000.0	1000.0	787999	111.72262	18.40159	134.50192	-19.135983	-112.00136	0.29989702	15362.296102285385
198	947.0	30.943497	984.0	905.0	698.0	415.01688	988.0	0.0	1000.0	1000.0	791999	111.51581	19.097357	141.1952	-16.539648	-111.799934	0.31090033	15443.563516139984
199	775.25	298.2636	999.0	262.0	885.1	293.95865	1000.0	4.0	1000.0	1000.0	795999	111.67596	19.647535	151.38274	-22.989037	-111.980095	0.33913234	15524.758955478668
200	738.5	400.50748	984.0	45.0	828.6	228.70995	997.0	386.0	1000.0	1000.0	799999	111.9057	19.83097	154.41089	-33.35589	-112.223305	0.34411103	15605.868772268295
201	535.25	428.27176	966.0	24.0	967.9	14.808444	996.0	949.0	1000.0	1000.0	803999	112.96823	19.87923	154.76675	-34.968353	-113.34342	0.35671878	15687.307430267334
202	939.75	28.82165	980.0	901.0	972.0	16.04369	998.0	949.0	1000.0	1000.0	807999	113.87727	20.473682	148.15253	-34.16249	-114.231674	0.3643836	15768.79037976265
203	958.75	37.00929	994.0	897.0	872.1	281.88028	989.0	28.0	1000.0	1000.0	811999	114.63683	20.426767	144.05443	-32.394485	-114.98275	0.334451	15850.017649412155
204	965.5	13.901439	985.0	947.0	972.4	24.458944	999.0	909.0	1000.0	1000.0	815999	115.01836	20.215425	143.72044	-30.046719	-115.347336	0.31695008	15931.315262317657
205	979.75	7.292976	988.0	968.0	879.7	293.754	1000.0	0.0	1000.0	1000.0	819999	114.82586	20.044924	141.819	-39.44967	-115.14027	0.3363403	16012.784365415573
206	730.0	400.50156	984.0	37.0	935.8	133.67856	1000.0	537.0	1000.0	1000.0	823999	114.49687	19.460089	138.23055	-33.356045	-114.802956	0.31333014	16094.169756174088
207	986.0	13.509256	1000.0	964.0	929.0	105.692	1000.0	657.0	1000.0	1000.0	827999	114.48499	19.005882	139.19176	-20.710436	-114.817276	0.3441784	16175.734616279602
208	952.0	36.762753	992.0	893.0	925.7	154.15775	987.0	464.0	1000.0	1000.0	831999	114.83181	18.43874	138.36023	-19.659178	-115.16789	0.32724124	16257.205630779266
209	970.25	25.57709	995.0	932.0	872.4	289.8873	999.0	4.0	1000.0	1000.0	835999	115.00915	18.078026	136.53714	1.0368004	-115.34125	0.32183495	16338.55348777771
210	973.5	14.941553	993.0	958.0	884.0	281.8503	1000.0	40.0	1000.0	1000.0	839999	115.13313	18.144163	136.64923	2.2349985	-115.44683	0.3272948	16419.94481921196
211	957.75	14.771172	981.0	940.0	934.7	142.65486	1000.0	508.0	1000.0	1000.0	843999	114.59264	17.838966	135.92711	2.2363968	-114.87245	0.30639333	16501.248297452927
212	960.25	38.40817	994.0	895.0	831.6	262.92365	987.0	183.0	1000.0	1000.0	847999	114.08897	17.407421	135.19252	-0.21168613	-114.38289	0.33261293	16582.69623041153
213	971.5	11.07926	988.0	958.0	978.3	16.056463	1000.0	943.0	1000.0	1000.0	851999	113.79282	17.22636	134.36162	2.249589	-114.07997	0.29896164	16664.86338877678
214	734.75	415.01407	984.0	16.0	887.0	279.2644	998.0	50.0	1000.0	1000.0	855999	113.33959	17.208277	131.38943	2.2572815	-113.614075	0.3099701	16747.42313170433
215	982.25	11.076439	997.0	967.0	828.4	312.5611	999.0	0.0	1000.0	1000.0	859999	112.62432	17.257576	129.58588	-2.6328795	-112.886604	0.29640177	16829.790553331375
216	930.75	62.719116	985.0	824.0	976.5	14.347474	1000.0	952.0	1000.0	1000.0	863999	111.98619	17.251167	130.08023	1.9398394	-112.24174	0.2897788	16912.11680650711
217	970.25	7.3271756	981.0	961.0	968.3	11.31415	984.0	954.0	1000.0	1000.0	867999	111.42561	17.3138	125.65789	1.2409663	-111.69281	0.2825143	16994.593158483505
218	992.25	6.977643	1000.0	981.0	898.3	222.34344	1000.0	234.0	1000.0	1000.0	871999	111.4338	17.502947	126.0189	-1.0936084	-111.72204	0.2756955	17077.01414871216
219	977.25	7.7257686	988.0	967.0	854.7	288.22528	994.0	21.0	1000.0	1000.0	875999	111.37357	17.577644	125.81918	2.0871723	-111.65477	0.2565805	17159.665242910385
220	954.5	61.872852	1000.0	849.0	877.2	284.10904	994.0	26.0	1000.0	1000.0	879999	111.54716	17.647408	126.49723	-4.475095	-111.84178	0.2689145	17242.461262464523
221	963.5	9.394147	973.0	948.0	881.1	264.93976	990.0	87.0	1000.0	1000.0	883999	111.79911	17.969849	126.03354	-8.878469	-112.09063	0.27282414	17324.990670681
222	965.0	22.682592	1000.0	938.0	968.1	45.125267	1000.0	841.0	1000.0	1000.0	887999	112.0134	18.139254	126.98353	-7.9681873	-112.305336	0.26587272	17407.598584651947
223	930.75	53.081894	981.0	842.0	824.2	301.85022	987.0	15.0	1000.0	1000.0	891999	112.20506	18.120628	127.5486	-1.8767536	-112.49695	0.25199774	17490.287740707397
224	908.5	113.634285	982.0	712.0	960.6	61.955143	1000.0	779.0	1000.0	1000.0	895999	112.31472	18.160257	126.80116	2.01745	-112.60748	0.25733867	17572.970698833466
225	791.25	345.5889	1000.0	193.0	976.0	11.454257	994.0	958.0	1000.0	1000.0	899999	111.95712	18.098047	125.17993	-0.6326072	-112.20408	0.24156335	17655.57725095749
226	811.5	274.5692	976.0	336.0	979.8	12.998461	1000.0	955.0	1000.0	1000.0	903999	111.3554	17.806944	126.286476	-0.37469268	-111.60829	0.2523071	17738.292240858078
227	972.0	12.0415945	991.0	959.0	946.0	70.64701	998.0	742.0	1000.0	1000.0	907999	110.96113	17.381416	131.55408	-3.743332	-111.22456	0.25299332	17820.920409440994
228	721.25	416.4453	970.0	0.0	861.2	291.43945	1000.0	13.0	1000.0	1000.0	911999	111.29861	17.140621	134.48543	-2.685826	-111.6199	0.29368895	17903.617008447647
229	979.0	12.806249	993.0	961.0	894.4	218.16196	995.0	242.0	1000.0	1000.0	915999	111.62806	17.38272	133.45728	-4.3882565	-111.90255	0.29224956	17986.29280257225
230	975.75	15.105876	1000.0	960.0	983.1	8.882004	996.0	973.0	1000.0	1000.0	919999	111.60997	18.039768	133.603	-15.295065	-111.88158	0.28454193	18068.781272649765
231	727.5	420.0991	983.0	0.0	876.7	292.60657	1000.0	0.0	1000.0	1000.0	923999	111.10898	18.280996	132.75702	-13.971	-111.35282	0.27182132	18151.280230760574
232	968.25	5.0682836	973.0	961.0	980.0	10.139033	997.0	968.0	1000.0	1000.0	927999	110.65739	18.53633	128.83711	-15.108155	-110.91798	0.27163514	18233.77807855606
233	969.75	12.597123	982.0	949.0	978.4	10.06181	994.0	962.0	1000.0	1000.0	931999	110.87606	18.537073	127.22451	-9.873086	-111.163666	0.25670022	18316.25432729721
234	938.0	54.198708	995.0	852.0	972.6	10.499524	988.0	956.0	1000.0	1000.0	935999	111.33274	18.582556	128.2326	-13.54304	-111.633934	0.26034015	18398.83048582077
235	959.0	13.96424	972.0	936.0	982.7	14.071603	1000.0	964.0	1000.0	1000.0	939999	111.76963	18.25177	128.05067	-11.623933	-112.0554	0.2549736	18481.28907108307
236	969.0	8.093207	980.0	959.0	884.1	290.84238	992.0	12.0	1000.0	1000.0	943999	111.66224	18.091385	128.2875	-9.275906	-111.920944	0.24745001	18563.865693807602
237	945.25	50.780777	994.0	860.0	882.1	287.85498	997.0	21.0	1000.0	1000.0	947999	111.1242	17.863441	127.00643	-10.550037	-111.36731	0.25172463	18646.528534173965
238	970.75	11.986972	989.0	956.0	878.1	283.23895	996.0	29.0	1000.0	1000.0	951999	110.67945	17.63464	125.58798	-10.65303	-110.93304	0.24994099	18729.228623628616
239	973.0	12.825755	989.0	956.0	886.6	288.457	1000.0	22.0	1000.0	1000.0	955999	110.60889	17.529236	124.70448	-7.386755	-110.861465	0.24605659	18811.81287407875
240	979.5	11.25833	997.0	967.0	974.1	9.417537	989.0	955.0	1000.0	1000.0	959999	110.28884	17.394634	123.33618	-12.16523	-110.535034	0.25159562	18894.479717731476
241	977.0	6.4420495	988.0	972.0	976.8	10.989086	995.0	957.0	1000.0	1000.0	963999	110.07528	17.224659	122.32477	-17.527878	-110.3258	0.23886402	18977.24342560768
242	984.75	11.755318	1000.0	967.0	975.0	13.733171	1000.0	957.0	1000.0	1000.0	967999	109.88434	17.24185	122.41491	-20.694347	-110.13055	0.25312382	19060.117233991623
243	977.5	8.077747	988.0	966.0	972.3	13.667846	993.0	951.0	1000.0	1000.0	971999	110.01407	17.37352	124.58126	-19.915194	-110.284874	0.26534057	19142.600145578384
244	973.0	28.044607	1000.0	926.0	972.4	7.657676	983.0	953.0	1000.0	1000.0	975999	110.31328	17.53748	124.62286	-14.0189	-110.57863	0.24470437	19225.078748464584
245	933.5	83.09783	991.0	790.0	976.7	11.696581	994.0	955.0	1000.0	1000.0	979999	110.34116	17.962423	124.87646	-12.292294	-110.60153	0.2417384	19307.539665699005
246	965.75	18.726652	997.0	949.0	983.4	15.01466	1000.0	962.0	1000.0	1000.0	983999	110.58845	17.57002	126.03493	-13.008747	-110.85552	0.25520712	19389.991839647293
247	990.25	7.292976	997.0	978.0	931.8	137.85992	991.0	519.0	1000.0	1000.0	987999	110.65617	17.240385	123.79227	-4.81196	-110.917854	0.25272444	19472.414030075073
248	966.25	8.2272415	977.0	956.0	689.2	441.90356	990.0	6.0	1000.0	1000.0	991999	110.65118	16.97287	124.25508	-7.324416	-110.900116	0.2579021	19554.879301309586
249	722.0	416.8573	966.0	0.0	982.3	16.407621	1000.0	944.0	1000.0	1000.0	995999	110.39483	16.88004	124.49269	-2.1103249	-110.641	0.25035122	19637.349269628525
250	924.0	80.24961	996.0	788.0	979.2	8.738421	994.0	965.0	1000.0	1000.0	999999	110.12188	16.862823	125.76403	-4.7095566	-110.35736	0.2482469	19719.360036611557
251	969.25	9.653367	983.0	956.0	880.8	293.7985	994.0	0.0	1000.0	1000.0	1003999	110.09084	16.872196	125.667496	-3.350726	-110.356544	0.25035107	19801.358439445496
252	966.0	22.945587	997.0	942.0	977.0	10.695794	995.0	963.0	1000.0	1000.0	1007999	110.459	16.919144	123.84696	-3.4614713	-110.720474	0.25389922	19883.47647166252
253	971.75	11.5406885	988.0	957.0	975.7	21.716583	1000.0	926.0	1000.0	1000.0	1011999	110.61029	16.478765	124.18086	-8.033762	-110.849464	0.2658754	19965.46520280838
254	955.0	25.700195	975.0	911.0	886.3	278.0065	998.0	53.0	1000.0	1000.0	1015999	110.69843	15.450398	123.251724	-7.408121	-110.936356	0.2553575	20047.40883207321
255	966.5	20.365412	997.0	947.0	963.2	14.898321	987.0	935.0	1000.0	1000.0	1019999	110.70866	15.367173	123.96437	-11.8464985	-110.95325	0.2614068	20129.419036865234
256	981.75	12.028612	997.0	966.0	815.4	325.29837	996.0	6.0	1000.0	1000.0	1023999	110.68772	15.29137	124.730316	-9.291393	-110.912	0.2393579	20211.390682458878
257	961.75	14.289419	976.0	941.0	931.7	144.4528	1000.0	500.0	1000.0	1000.0	1027999	110.44456	14.833342	125.77311	2.5444233	-110.665535	0.2289585	20293.38125395775
258	965.25	10.304732	982.0	955.0	904.5	213.1123	1000.0	267.0	1000.0	1000.0	1031999	110.33309	14.456934	129.23169	2.5522463	-110.55572	0.22159821	20375.214226722717
259	481.75	481.75012	964.0	0.0	876.7	287.97534	982.0	13.0	1000.0	1000.0	1035999	110.2832	14.10876	129.67912	2.561744	-110.49711	0.23023278	20456.88298535347
260	959.75	31.554516	987.0	910.0	977.6	12.435433	997.0	954.0	1000.0	1000.0	1039999	110.20732	13.202497	128.70166	2.567434	-110.424034	0.2298524	20538.699923038483
261	695.0	387.58548	977.0	36.0	882.0	293.59222	995.0	2.0	1000.0	1000.0	1043999	110.2055	12.540385	126.07508	2.5725467	-110.411644	0.22816552	20620.37354207039
262	740.75	411.51025	981.0	28.0	886.7	284.19644	1000.0	35.0	1000.0	1000.0	1047999	110.15751	12.527401	128.91743	2.5760198	-110.36893	0.22537121	20702.11198449135
263	926.5	47.52631	968.0	846.0	816.8	291.0061	990.0	19.0	1000.0	1000.0	1051999	110.42324	12.383478	130.13647	2.576723	-110.6502	0.21515405	20784.178421258926
264	923.75	33.055824	961.0	872.0	978.2	10.057833	992.0	963.0	1000.0	1000.0	1055999	110.77312	12.135146	133.87628	2.5790594	-111.0008	0.21508151	20866.073703050613
265	983.0	8.276473	990.0	969.0	980.9	13.545849	996.0	958.0	1000.0	1000.0	1059999	111.31881	12.025983	137.98062	2.5836737	-111.54831	0.1974582	20947.9591422081
266	980.0	11.726039	993.0	961.0	979.3	11.340635	1000.0	965.0	1000.0	1000.0	1063999	111.40748	12.174938	139.53221	2.5857635	-111.60789	0.18833609	21029.786470413208
267	964.0	25.089838	984.0	921.0	880.5	290.42734	996.0	10.0	1000.0	1000.0	1067999	111.20104	11.591655	137.296	2.5919712	-111.38337	0.18812476	21111.473935365677
268	810.25	253.01222	984.0	374.0	872.5	281.10648	992.0	30.0	1000.0	1000.0	1071999	111.28626	9.82216	133.28725	2.600352	-111.490654	0.19764054	21193.29854130745
269	969.0	13.910428	988.0	949.0	833.1	274.67963	997.0	148.0	1000.0	1000.0	1075999	111.72682	8.4733925	131.68805	2.6113644	-111.93677	0.19924806	21275.20048213005
270	949.5	35.975685	988.0	897.0	973.7	9.066973	989.0	960.0	1000.0	1000.0	1079999	112.16292	8.20777	128.24312	4.4015903	-112.37936	0.19051552	21357.041146993637
271	941.75	58.69146	987.0	841.0	977.2	9.826494	991.0	954.0	1000.0	1000.0	1083999	112.43286	7.77555	132.28984	2.627383	-112.64266	0.18454793	21439.181515693665
272	967.0	14.916434	988.0	946.0	884.4	269.63574	989.0	77.0	1000.0	1000.0	1087999	112.68602	7.7413692	142.72795	2.630545	-112.901596	0.18315679	21521.035372018814
273	880.5	162.83351	998.0	600.0	928.0	148.15735	999.0	485.0	1000.0	1000.0	1091999	113.01363	7.5955076	145.34023	2.6340005	-113.22375	0.20158446	21602.97917842865
274	642.5	395.8494	986.0	10.0	798.3	362.35233	993.0	6.0	1000.0	1000.0	1095999	113.50563	7.816502	148.10982	2.6376243	-113.75316	0.22799607	21684.92512369156
275	869.75	189.31505	986.0	542.0	777.5	379.00507	993.0	0.0	1000.0	1000.0	1099999	114.3746	8.118642	147.78546	2.871241	-114.631744	0.21957928	21766.89829301834
276	970.25	8.317903	980.0	957.0	582.3	474.56827	991.0	0.0	1000.0	1000.0	1103999	115.00505	8.113658	146.38875	2.8716338	-115.23638	0.21193136	21848.804677248
277	897.75	131.69164	985.0	670.0	874.8	291.99445	1000.0	0.0	1000.0	1000.0	1107999	114.87141	7.713122	146.80498	4.176769	-115.06099	0.19566922	21930.901711940765
278	888.25	142.44714	979.0	642.0	784.8	384.63693	997.0	11.0	1000.0	1000.0	1111999	114.43658	7.2371593	144.34918	4.898817	-114.63128	0.18559097	22012.85416150093
279	474.25	473.70898	999.0	0.0	880.5	294.0215	1000.0	0.0	1000.0	1000.0	1115999	113.92784	6.6220407	142.98958	21.149426	-114.1042	0.17357759	22094.901359319687
280	976.5	14.568802	1000.0	961.0	782.9	379.49213	1000.0	0.0	1000.0	1000.0	1119999	113.39945	6.4421396	143.40118	29.764383	-113.58392	0.17801774	22176.87987303734
281	950.0	43.110325	990.0	879.0	980.6	10.697663	998.0	966.0	1000.0	1000.0	1123999	113.22306	6.342	143.3293	27.674349	-113.41964	0.18006921	22258.69909310341
282	720.75	396.655	987.0	37.0	878.2	293.2009	1000.0	0.0	1000.0	1000.0	1127999	113.17055	6.00913	145.52557	31.300234	-113.3598	0.1781991	22340.55606985092
283	476.5	476.07272	985.0	0.0	875.0	292.1811	1000.0	0.0	1000.0	1000.0	1131999	112.93739	5.9897532	148.97708	32.66158	-113.12672	0.17640701	22422.5038356781
284	806.5	308.18054	994.0	273.0	774.6	385.89252	997.0	0.0	1000.0	1000.0	1135999	112.90016	5.9698615	148.9204	26.84699	-113.10555	0.18227811	22504.452288627625
285	690.0	378.12894	970.0	49.0	806.9	317.3066	990.0	0.0	1000.0	1000.0	1139999	113.0387	5.7752347	147.31729	23.763702	-113.24805	0.18270984	22586.301913499832
286	977.25	8.407586	989.0	966.0	885.1	277.79578	998.0	53.0	1000.0	1000.0	1143999	113.32017	5.734514	146.48062	44.809845	-113.54455	0.19064981	22668.32151389122
287	964.25	16.37643	976.0	936.0	868.0	291.29297	998.0	0.0	1000.0	1000.0	1147999	113.6091	5.543514	144.4467	41.689705	-113.81964	0.18667959	22750.235943555832
288	843.0	236.26468	990.0	434.0	972.1	7.7646637	984.0	959.0	1000.0	1000.0	1151999	113.75758	5.4729447	142.7373	39.781784	-113.98524	0.19978802	22832.269721508026
289	984.25	2.4874685	988.0	982.0	887.4	136.71664	994.0	607.0	1000.0	1000.0	1155999	114.28759	5.675031	145.79048	29.902212	-114.518616	0.21853317	22914.391998291016
290	977.0	17.916473	1000.0	950.0	927.6	167.7988	1000.0	425.0	1000.0	1000.0	1159999	114.2517	5.684669	141.20355	29.180002	-114.44914	0.21544613	22996.315016508102
291	841.0	259.31738	1000.0	392.0	743.4	324.23795	989.0	0.0	1000.0	1000.0	1163999	114.09298	5.343119	137.01341	35.295296	-114.29822	0.2235325	23078.331690311432
292	968.0	8.573215	982.0	961.0	923.7	114.46401	998.0	603.0	1000.0	1000.0	1167999	114.30945	5.300627	138.67818	43.02824	-114.55233	0.2387558	23160.335512399673
293	979.75	3.49106	983.0	974.0	876.8	284.65482	1000.0	25.0	1000.0	1000.0	1171999	114.80022	5.557625	139.35303	48.881462	-115.02412	0.2314343	23242.69569849968
294	970.25	12.437343	983.0	950.0	975.5	8.127115	988.0	965.0	1000.0	1000.0	1175999	114.7595	5.647547	138.80157	54.109406	-114.97355	0.22994994	23324.645396471024
295	991.75	5.53963	997.0	984.0	892.8	273.20938	1000.0	74.0	1000.0	1000.0	1179999	114.53901	5.853947	168.08789	53.802017	-114.73588	0.2305942	23406.615035533905
296	975.75	24.273186	1000.0	937.0	945.3	94.196655	996.0	666.0	1000.0	1000.0	1183999	114.31594	6.345524	205.0101	61.37235	-114.52419	0.25114053	23488.608587265015
297	940.25	50.434982	993.0	861.0	873.3	291.63437	993.0	0.0	1000.0	1000.0	1187999	114.33667	6.7933373	222.49707	59.32487	-114.54695	0.23973711	23570.439675331116
298	522.0	454.55637	979.0	16.0	880.8	293.80496	993.0	0.0	1000.0	1000.0	1191999	114.8171	24.41041	1935.0594	55.464443	-115.02558	0.43403453	23652.39256644249
299	840.5	144.41866	997.0	647.0	935.9	129.36958	1000.0	551.0	1000.0	1000.0	1195999	114.80705	25.939394	1690.3824	55.165787	-114.99768	0.4719791	23734.366490602493
300	967.75	25.053692	986.0	925.0	962.5	63.688698	995.0	774.0	1000.0	1000.0	1199999	114.42453	22.863926	1452.5394	56.03646	-114.62105	0.47842392	23816.334457874298
301	938.25	27.851168	975.0	901.0	687.0	437.03708	996.0	0.0	1000.0	1000.0	1203999	114.3081	19.332533	1203.494	58.229668	-114.52402	0.35672212	23898.207718849182
302	904.5	112.60217	992.0	711.0	851.9	291.4939	992.0	4.0	1000.0	1000.0	1207999	114.30688	16.773157	1053.9734	44.387814	-114.513466	0.33740675	23980.165677070618
303	985.5	14.924811	998.0	960.0	979.3	10.20833	995.0	964.0	1000.0	1000.0	1211999	114.06332	14.634026	872.7992	36.914665	-114.253685	0.3070156	24062.274755716324
304	867.25	106.26	973.0	690.0	877.8	292.85315	1000.0	0.0	1000.0	1000.0	1215999	113.65599	12.239524	738.5286	35.035477	-113.84536	0.25097027	24144.383781909943
305	978.25	10.985786	990.0	961.0	875.8	292.30423	997.0	0.0	1000.0	1000.0	1219999	113.32886	10.581792	695.6123	41.155655	-113.518974	0.274712	24226.27462887764
306	765.0	133.08456	961.0	610.0	956.6	39.42385	1000.0	857.0	1000.0	1000.0	1223999	113.13472	9.089902	517.36816	54.116444	-113.321655	0.25419387	24308.25077176094
307	645.75	389.44406	979.0	9.0	784.3	391.21658	995.0	0.0	1000.0	1000.0	1227999	112.82629	7.998533	439.37683	53.660656	-113.01136	0.22831312	24390.2483856678
308	978.75	10.638962	989.0	961.0	902.2	226.988	1000.0	223.0	1000.0	1000.0	1231999	112.56524	7.1418586	355.8995	65.91031	-112.75191	0.23940597	24472.647222280502
309	905.5	91.89804	989.0	759.0	985.6	13.200001	1000.0	961.0	1000.0	1000.0	1235999	112.53161	6.376509	287.52676	51.815754	-112.735	0.24516411	24554.695008277893
310	969.5	20.155643	996.0	943.0	869.6	293.1891	998.0	0.0	1000.0	1000.0	1239999	112.64071	5.928723	247.81564	44.89805	-112.825294	0.18912703	24636.709109544754
311	765.5	380.87433	1000.0	106.0	956.1	53.528404	995.0	801.0	1000.0	1000.0	1243999	112.35692	5.599032	205.11295	32.593468	-112.5408	0.19216727	24718.934435367584
312	923.5	97.20211	991.0	756.0	782.8	362.59088	990.0	0.0	1000.0	1000.0	1247999	112.17168	5.498786	184.7676	27.145031	-112.353775	0.2015707	24800.957686662674
313	866.0	195.70003	997.0	528.0	980.7	14.670037	1000.0	946.0	1000.0	1000.0	1251999	111.9753	5.6834173	170.04732	21.43084	-112.15442	0.23379654	24883.130608320236
314	734.5	402.79865	977.0	37.0	976.4	11.253445	991.0	957.0	1000.0	1000.0	1255999	111.73208	5.7436457	141.95993	18.449343	-111.90828	0.19208407	24965.143060207367
315	976.5	6.344289	987.0	970.0	914.1	179.05777	991.0	384.0	1000.0	1000.0	1259999	111.74178	5.770211	126.46307	16.913734	-111.94952	0.20244119	25047.276264429092
316	966.75	20.668514	991.0	937.0	972.5	31.17451	989.0	880.0	1000.0	1000.0	1263999	112.36178	5.962096	126.51348	13.601075	-112.57932	0.20221542	25129.413862228394
317	934.0	93.709656	997.0	772.0	881.3	294.08472	998.0	0.0	1000.0	1000.0	1267999	112.35795	5.788066	125.19591	16.657732	-112.535515	0.1922355	25211.64803171158
318	969.5	13.829317	989.0	955.0	867.1	289.02023	988.0	3.0	1000.0	1000.0	1271999	112.10591	5.6688137	131.51122	19.53188	-112.29431	0.17749448	25293.77121067047
319	973.0	15.921683	998.0	955.0	792.3	355.66504	987.0	0.0	1000.0	1000.0	1275999	112.28006	5.8449554	133.4785	21.416014	-112.49054	0.18167254	25375.782182455063
320	923.25	89.97881	987.0	768.0	786.1	391.2596	1000.0	0.0	1000.0	1000.0	1279999	112.62227	5.9725266	131.64655	20.370289	-112.8307	0.18350464	25457.780206918716
321	507.0	350.92947	980.0	0.0	799.8	380.84924	999.0	0.0	1000.0	1000.0	1283999	112.54912	5.896562	129.91278	17.821909	-112.735	0.18808566	25539.802947998047
322	723.0	417.84506	987.0	0.0	872.9	291.51172	995.0	0.0	1000.0	1000.0	1287999	112.06683	5.983136	127.079414	17.634401	-112.23789	0.17280613	25622.021463871002
323	918.75	62.407433	974.0	816.0	967.5	23.787601	997.0	913.0	1000.0	1000.0	1291999	111.66628	6.2593017	124.73144	16.489622	-111.845085	0.17707132	25704.00867009163
324	981.25	9.73075	998.0	974.0	969.3	17.14672	991.0	935.0	1000.0	1000.0	1295999	111.66526	6.598004	124.40529	11.951405	-111.86541	0.18328913	25786.292238235474
325	971.5	18.927494	994.0	942.0	909.2	211.26514	997.0	278.0	1000.0	1000.0	1299999	112.013	6.6969337	127.20309	9.544079	-112.21062	0.18065587	25868.535996198654
326	982.0	6.204837	989.0	974.0	970.9	25.824213	1000.0	902.0	1000.0	1000.0	1303999	112.04085	7.156982	128.24216	8.654887	-112.234985	0.18590738	25950.617626428604
327	886.5	161.50774	987.0	607.0	876.1	284.47757	995.0	27.0	1000.0	1000.0	1307999	112.22851	7.5574164	129.03996	8.399666	-112.42884	0.18698461	26032.681134939194
328	921.25	85.07754	986.0	775.0	924.4	151.78484	993.0	470.0	1000.0	1000.0	1311999	112.32782	7.864709	129.92444	8.150791	-112.52072	0.18659167	26114.808792829514
329	982.5	8.046739	994.0	974.0	977.4	10.965401	998.0	959.0	1000.0	1000.0	1315999	112.37755	7.5689754	130.25931	9.18081	-112.56888	0.1854169	26197.14704656601
330	964.25	19.122957	990.0	943.0	978.7	13.483694	998.0	954.0	1000.0	1000.0	1319999	112.30261	7.4174848	129.64113	10.653055	-112.487885	0.17734812	26279.397291898727
331	983.75	14.515079	996.0	959.0	975.9	16.226213	1000.0	951.0	1000.0	1000.0	1323999	112.2068	7.257534	129.07425	11.548193	-112.39629	0.18148944	26361.623230934143
332	975.75	9.601432	986.0	963.0	880.1	288.93958	987.0	14.0	1000.0	1000.0	1327999	112.18663	7.1645937	128.32637	10.813329	-112.368034	0.1668425	26443.785724401474
333	742.25	428.5851	1000.0	0.0	951.8	53.35691	1000.0	812.0	1000.0	1000.0	1331999	111.827	7.190179	128.54945	11.584646	-111.99317	0.15813012	26526.08017373085
334	990.5	8.9861	1000.0	978.0	971.2	13.673331	990.0	948.0	1000.0	1000.0	1335999	111.39874	6.868045	127.8779	11.083553	-111.55962	0.15490271	26608.289417266846
335	981.75	3.269174	986.0	977.0	967.3	20.371794	1000.0	921.0	1000.0	1000.0	1339999	111.05121	6.946105	127.76813	10.166142	-111.215576	0.15398829	26690.753366708755
336	939.25	53.077183	995.0	869.0	875.5	292.06207	986.0	0.0	1000.0	1000.0	1343999	110.71081	6.957706	126.87479	8.899639	-110.874985	0.16139401	26772.964133501053
337	753.75	408.08234	998.0	47.0	977.8	14.084034	996.0	953.0	1000.0	1000.0	1347999	110.58145	7.142413	125.65892	9.043497	-110.74921	0.17119943	26855.33673477173
338	972.5	12.175796	984.0	952.0	976.7	7.655717	992.0	962.0	1000.0	1000.0	1351999	110.33357	6.87243	124.13823	8.238577	-110.492645	0.1515354	26937.855793952942
339	976.25	8.496323	989.0	966.0	898.5	253.01987	999.0	140.0	1000.0	1000.0	1355999	110.13389	6.7055373	121.96461	7.3250437	-110.29434	0.14313775	27019.778294801712
340	963.5	11.968709	978.0	945.0	899.0	219.6233	988.0	241.0	1000.0	1000.0	1359999	109.94013	6.850982	121.7196	6.581447	-110.10397	0.14486633	27102.097149848938
341	980.75	4.6029882	985.0	974.0	882.4	290.43973	998.0	12.0	1000.0	1000.0	1363999	109.87298	6.920269	123.06086	5.989673	-110.034836	0.14757949	27184.40377306938
342	970.0	25.258661	1000.0	934.0	982.9	13.277425	1000.0	957.0	1000.0	1000.0	1367999	109.70543	6.9527965	122.84487	5.1223707	-109.85636	0.14268607	27266.685057640076
343	971.5	14.534442	988.0	951.0	973.0	14.380543	998.0	956.0	1000.0	1000.0	1371999	109.49007	6.830099	122.41854	4.9279146	-109.64656	0.14267896	27348.861274003983
344	794.0	319.30392	985.0	241.0	877.0	165.8849	997.0	509.0	1000.0	1000.0	1375999	109.47516	6.771661	120.10617	3.190381	-109.64518	0.15019184	27431.09620165825
345	971.75	17.151896	1000.0	955.0	981.0	12.8140545	1000.0	962.0	1000.0	1000.0	1379999	109.74492	6.6274304	120.448586	3.192836	-109.92864	0.15997729	27513.37732410431
346	988.25	4.205651	993.0	982.0	983.0	13.038404	1000.0	962.0	1000.0	1000.0	1383999	110.04794	6.7397976	120.81534	3.19616	-110.226295	0.16095282	27595.470757246017
347	798.5	312.78867	995.0	257.0	874.4	230.93037	995.0	223.0	1000.0	1000.0	1387999	110.03287	6.5771995	120.16055	3.198011	-110.188034	0.15286821	27677.608834028244
348	982.75	18.779976	1000.0	955.0	959.8	50.489204	1000.0	811.0	1000.0	1000.0	1391999	109.63567	6.5196404	120.89711	3.200207	-109.78353	0.15616818	27759.73026061058
349	897.5	152.39668	1000.0	634.0	963.0	42.771484	1000.0	843.0	1000.0	1000.0	1395999	109.32804	6.5056667	121.12285	3.2029164	-109.481865	0.16420957	27842.077346086502
350	969.25	27.426037	989.0	922.0	968.8	32.841434	1000.0	884.0	1000.0	1000.0	1399999	109.16038	6.4490533	120.840034	3.2078369	-109.31408	0.16327216	27924.40265607834
351	947.75	25.013746	973.0	913.0	914.9	150.6854	1000.0	565.0	1000.0	1000.0	1403999	109.00367	6.6283836	122.229836	3.2141235	-109.15377	0.16546893	28006.62565612793
352	966.0	26.410225	988.0	922.0	978.9	30.634783	1000.0	893.0	1000.0	1000.0	1407999	108.9123	6.540306	122.22347	3.2179272	-109.06612	0.16096905	28089.221787691116
353	766.75	364.96054	997.0	135.0	900.7	248.73363	1000.0	155.0	1000.0	1000.0	1411999	108.73329	6.5053625	121.99573	3.222196	-108.88165	0.15880558	28171.376438856125
354	942.0	51.48786	993.0	857.0	789.6	391.62894	999.0	0.0	1000.0	1000.0	1415999	108.66917	6.4284496	126.57391	3.227806	-108.827896	0.1548844	28253.53602027893
355	837.5	251.83476	998.0	402.0	976.0	12.124355	999.0	956.0	1000.0	1000.0	1419999	108.92574	6.583372	126.90444	3.234163	-109.10057	0.16222371	28335.970933914185
356	983.25	11.6054945	1000.0	968.0	975.0	30.248966	1000.0	890.0	1000.0	1000.0	1423999	109.07685	6.521303	121.70505	3.2431908	-109.240486	0.16724686	28418.525155305862
357	967.25	20.21602	992.0	936.0	867.7	289.79892	988.0	0.0	1000.0	1000.0	1427999	109.19497	6.295641	120.50513	3.2484193	-109.35962	0.17047864	28500.819637537003
358	982.25	13.718145	996.0	964.0	980.9	14.355836	1000.0	953.0	1000.0	1000.0	1431999	109.25957	6.0494943	119.32072	3.2547216	-109.4155	0.17221826	28583.18829512596
359	938.0	50.36864	971.0	851.0	981.8	9.11921	994.0	964.0	1000.0	1000.0	1435999	109.11711	5.7912974	117.55764	3.2643778	-109.27356	0.16520764	28665.500339269638
360	958.25	37.445793	988.0	894.0	921.4	125.574036	998.0	646.0	1000.0	1000.0	1439999	109.31993	5.712575	119.91622	3.2717502	-109.49777	0.16776828	28747.82829260826
361	985.25	8.466847	994.0	972.0	970.8	13.998571	992.0	954.0	1000.0	1000.0	1443999	109.61316	5.6850195	119.383965	3.2825248	-109.78535	0.17378278	28830.255850553513
362	744.25	400.35696	987.0	51.0	974.4	11.235658	988.0	950.0	1000.0	1000.0	1447999	109.61571	6.2770586	121.665016	3.2913291	-109.77423	0.16713953	28912.275107622147
363	977.75	13.479151	992.0	957.0	976.2	16.696108	998.0	944.0	1000.0	1000.0	1451999	109.49741	6.232442	122.888054	3.3003898	-109.66189	0.16042681	28994.410046577454
364	648.0	395.1911	972.0	4.0	804.8	316.34436	1000.0	4.0	1000.0	1000.0	1455999	109.59241	6.4587617	119.85746	3.3058064	-109.76248	0.16875033	29076.792720794678
365	973.75	10.133484	986.0	961.0	933.4	145.94122	1000.0	498.0	1000.0	1000.0	1459999	109.58659	6.5395503	120.93029	3.309869	-109.74791	0.16691768	29158.945724248886
366	971.0	23.547823	999.0	934.0	887.9	167.66063	1000.0	465.0	1000.0	1000.0	1463999	109.70998	6.8071513	121.60015	3.3161123	-109.888916	0.16331464	29241.002888679504
367	889.25	121.81825	976.0	680.0	967.5	33.568584	1000.0	874.0	1000.0	1000.0	1467999	109.92377	6.8512015	124.21936	3.319859	-110.099075	0.1699805	29322.98448252678
368	984.0	6.2849026	994.0	977.0	974.6	15.988746	998.0	942.0	1000.0	1000.0	1471999	109.99162	7.09798	126.86286	3.3268616	-110.1599	0.17149669	29405.35619544983
369	988.0	6.0	994.0	982.0	921.0	148.82607	995.0	488.0	1000.0	1000.0	1475999	109.93384	7.479302	127.1539	3.3333282	-110.094864	0.16079403	29487.484971046448
370	982.0	6.708204	989.0	971.0	883.0	294.55356	997.0	0.0	1000.0	1000.0	1479999	109.78961	7.6158514	126.4002	3.3373318	-109.956985	0.16213755	29569.705007076263
371	926.0	51.414978	982.0	863.0	876.5	292.9069	1000.0	0.0	1000.0	1000.0	1483999	109.733	7.7615857	125.32891	3.3406453	-109.89092	0.15469334	29651.933730840683
372	914.25	87.75926	975.0	763.0	734.5	370.98578	988.0	29.0	1000.0	1000.0	1487999	109.6957	7.871279	123.47881	3.343197	-109.863594	0.15872882	29734.245339870453
373	933.0	100.5286	995.0	759.0	881.8	294.21924	991.0	0.0	1000.0	1000.0	1491999	109.66854	7.631005	122.76782	3.3478453	-109.82419	0.15765952	29816.108662843704
374	974.5	7.9214897	985.0	963.0	887.1	295.80145	1000.0	0.0	1000.0	1000.0	1495999	109.30655	7.544187	121.974396	3.357727	-109.44261	0.1540102	29898.23542904854
375	905.75	117.91814	999.0	706.0	983.3	11.983739	999.0	960.0	1000.0	1000.0	1499999	108.88869	7.477316	121.83761	3.3666866	-109.02712	0.15348373	29980.437176704407
376	952.0	61.51829	1000.0	848.0	880.9	158.70694	994.0	497.0	1000.0	1000.0	1503999	108.69209	7.4156146	120.5104	3.3753054	-108.849884	0.15525958	30062.60730957985
377	952.25	21.004463	975.0	918.0	877.5	292.75186	994.0	0.0	1000.0	1000.0	1507999	108.90191	7.434176	119.22738	3.379377	-109.06226	0.16702195	30145.01073217392
378	986.75	5.9319053	993.0	977.0	776.2	350.29068	991.0	14.0	1000.0	1000.0	1511999	108.8978	7.343797	119.73346	3.381923	-109.04839	0.16152374	30227.32147717476
379	979.5	5.6789083	989.0	974.0	604.5	460.3056	993.0	0.0	1000.0	1000.0	1515999	108.78146	7.1540494	120.6217	3.7180774	-108.932045	0.15250881	30309.420353412628
380	961.0	38.910152	995.0	895.0	952.8	82.47521	999.0	708.0	1000.0	1000.0	1519999	108.77219	7.172557	121.08284	5.8542013	-108.92743	0.15308529	30391.699239253998
381	714.0	312.70114	1000.0	232.0	969.6	61.08879	1000.0	788.0	1000.0	1000.0	1523999	109.01984	7.135625	121.3925	8.040012	-109.19075	0.15920125	30473.887297153473
382	976.25	11.627016	995.0	964.0	977.6	8.151073	991.0	964.0	1000.0	1000.0	1527999	109.19532	7.5599866	121.429115	7.331433	-109.360275	0.16103232	30556.1356716156
383	977.5	11.715375	992.0	965.0	967.4	42.18341	995.0	844.0	1000.0	1000.0	1531999	109.44331	7.705632	124.97215	9.03621	-109.61837	0.16846107	30638.523748874664
384	979.75	18.779976	1000.0	949.0	985.3	10.402404	1000.0	969.0	1000.0	1000.0	1535999	109.89724	7.9843507	126.622505	7.632052	-110.08218	0.16942671	30720.732448101044
385	985.5	4.1533117	992.0	981.0	977.0	9.327379	993.0	964.0	1000.0	1000.0	1539999	110.27984	8.11445	126.782524	6.2969046	-110.46055	0.1734136	30803.004375219345
386	985.75	4.49305	992.0	981.0	983.9	8.514106	995.0	967.0	1000.0	1000.0	1543999	110.20928	8.344427	125.29929	3.4436517	-110.36148	0.1629129	30885.28791952133
387	678.75	398.7558	997.0	7.0	981.4	9.112629	997.0	965.0	1000.0	1000.0	1547999	109.82513	8.93358	125.602066	3.4465883	-109.981445	0.16360092	30967.513252973557
388	826.0	217.1693	993.0	455.0	985.0	15.152557	1000.0	950.0	1000.0	1000.0	1551999	109.85947	9.133155	127.29628	3.4509385	-110.029	0.17794144	31050.013637304306
389	977.0	15.508062	996.0	955.0	753.2	383.1534	1000.0	0.0	1000.0	1000.0	1555999	109.63034	9.267613	126.03581	3.4573216	-109.773125	0.18595392	31132.636422395706
390	844.5	265.87073	999.0	384.0	835.9	310.18106	1000.0	0.0	1000.0	1000.0	1559999	109.52582	9.301719	128.70927	3.4607735	-109.704216	0.19463983	31214.85234928131
391	553.0	434.148	985.0	0.0	827.3	313.33212	1000.0	0.0	1000.0	1000.0	1563999	109.71415	9.44938	128.28976	3.4637604	-109.87768	0.19688267	31297.22776031494
392	985.0	8.514693	997.0	976.0	874.2	291.14456	991.0	2.0	1000.0	1000.0	1567999	109.64936	9.473733	125.686554	3.465973	-109.80775	0.19574602	31379.63729596138
393	731.0	336.95847	984.0	156.0	925.4	144.11469	988.0	495.0	1000.0	1000.0	1571999	109.5753	9.233051	125.23036	3.467404	-109.73415	0.17167279	31462.187389612198
394	674.5	386.55432	993.0	14.0	979.7	11.908401	1000.0	963.0	1000.0	1000.0	1575999	109.47261	9.219945	124.361305	3.4708054	-109.624985	0.1836698	31544.432284832
395	613.0	385.69095	977.0	60.0	789.0	390.1128	995.0	0.0	1000.0	1000.0	1579999	109.0169	9.637473	124.52472	3.4730856	-109.15465	0.19306463	31626.98052430153
396	930.5	81.31882	982.0	790.0	972.2	16.821415	996.0	943.0	1000.0	1000.0	1583999	108.59497	9.894417	123.95979	3.4756565	-108.73937	0.19469604	31709.54086971283
397	787.25	346.08334	1000.0	188.0	895.3	243.63376	992.0	166.0	1000.0	1000.0	1587999	108.56378	10.061407	122.43485	3.4763458	-108.730064	0.19819207	31791.912528276443
398	815.25	246.08675	979.0	390.0	766.6	378.86996	1000.0	14.0	1000.0	1000.0	1591999	108.94287	9.882489	121.51764	3.477248	-109.11886	0.1861792	31874.273862361908
399	986.75	8.785642	1000.0	977.0	876.1	282.51282	997.0	31.0	1000.0	1000.0	1595999	109.22815	9.99567	120.91928	3.478802	-109.40913	0.18639322	31956.72688150406
400	796.75	322.66498	993.0	238.0	871.3	287.01535	982.0	14.0	1000.0	1000.0	1599999	109.66331	9.943688	120.91562	3.4793942	-109.842766	0.18251048	32039.11541748047
401	965.5	19.66596	982.0	932.0	962.9	41.478786	992.0	841.0	1000.0	1000.0	1603999	109.7168	9.980359	122.6469	3.4793365	-109.88298	0.18612808	32121.710498809814
402	962.0	31.693848	1000.0	912.0	981.2	11.294247	993.0	961.0	1000.0	1000.0	1607999	109.77296	10.11844	121.863434	3.4793818	-109.945564	0.20416982	32204.092782258987
403	963.25	8.613216	972.0	949.0	973.5	21.289669	990.0	924.0	1000.0	1000.0	1611999	109.85562	10.188381	122.55589	3.486034	-110.027275	0.21191609	32286.71953845024
404	941.25	34.737408	972.0	885.0	687.3	444.49274	992.0	0.0	1000.0	1000.0	1615999	109.71878	10.366502	122.37464	3.4938152	-109.86915	0.20276837	32369.15193414688
405	967.75	28.65637	1000.0	934.0	886.2	295.50626	995.0	0.0	1000.0	1000.0	1619999	109.35635	10.63257	121.688515	3.4969237	-109.508575	0.20837802	32451.60181427002
406	971.25	18.389875	987.0	941.0	965.6	23.46572	993.0	928.0	1000.0	1000.0	1623999	109.28571	10.249923	122.40969	3.5019689	-109.43564	0.18122339	32534.03691649437
407	981.0	19.455076	1000.0	954.0	786.1	385.58746	996.0	13.0	1000.0	1000.0	1627999	109.0323	10.449302	123.49568	3.5043027	-109.189316	0.17889716	32616.50033378601
408	979.0	14.089003	994.0	960.0	876.5	289.78552	999.0	8.0	1000.0	1000.0	1631999	108.93522	10.5695095	123.88308	3.5072258	-109.0925	0.17802213	32698.951721191406
409	887.0	175.15993	998.0	584.0	880.2	293.53595	993.0	0.0	1000.0	1000.0	1635999	109.08645	10.589479	125.87631	3.5052621	-109.26406	0.17787015	32781.45554232597
410	440.25	440.88568	989.0	4.0	778.0	389.35382	995.0	0.0	1000.0	1000.0	1639999	109.63665	10.603689	127.84947	3.5050144	-109.830765	0.17632946	32863.876874923706
411	771.25	361.57184	983.0	145.0	973.4	6.959885	986.0	964.0	1000.0	1000.0	1643999	109.92537	10.478651	128.16805	3.503037	-110.095566	0.18608746	32946.23933982849
412	828.0	273.78186	994.0	354.0	879.0	282.76315	987.0	31.0	1000.0	1000.0	1647999	109.77548	10.207482	126.1526	3.502574	-109.939606	0.19135983	33028.652973890305
413	972.75	18.046814	1000.0	951.0	647.0	429.2908	1000.0	5.0	1000.0	1000.0	1651999	109.73914	10.001343	126.257744	3.5046768	-109.917404	0.20189786	33111.01436686516
414	901.75	129.37614	986.0	678.0	918.1	181.58163	1000.0	374.0	1000.0	1000.0	1655999	109.83759	9.85664	127.250206	3.5091023	-110.00506	0.19460577	33193.56308197975
415	950.5	51.640583	1000.0	864.0	918.4	145.47934	993.0	497.0	1000.0	1000.0	1659999	109.92124	9.762177	127.883484	3.5110185	-110.102905	0.22570398	33276.0779902935
416	925.25	35.723766	973.0	879.0	711.4	369.86978	997.0	0.0	1000.0	1000.0	1663999	110.01415	9.928867	129.53325	3.5116637	-110.193016	0.19693445	33358.64567542076
417	981.5	2.291288	984.0	978.0	888.2	292.21628	1000.0	12.0	1000.0	1000.0	1667999	110.12564	9.941795	129.93713	3.5172677	-110.31011	0.19551992	33441.00671887398
418	823.5	272.01978	993.0	353.0	974.9	15.365221	988.0	933.0	1000.0	1000.0	1671999	110.39884	9.958863	129.33041	3.5204015	-110.593575	0.2072536	33523.57679104805
419	963.5	18.418741	982.0	933.0	941.9	89.67658	993.0	684.0	1000.0	1000.0	1675999	110.66564	10.151352	129.56876	3.5217192	-110.85649	0.20839752	33606.1684319973
420	952.75	56.113167	993.0	856.0	865.2	287.98395	991.0	15.0	1000.0	1000.0	1679999	110.63811	10.125154	128.75587	3.523734	-110.80666	0.18776602	33688.559495687485
421	983.5	13.238202	997.0	962.0	896.7	249.76991	998.0	148.0	1000.0	1000.0	1683999	110.35376	10.037727	128.09068	3.5237212	-110.5153	0.17855068	33770.88815665245
422	975.25	14.855555	992.0	959.0	976.7	16.081356	1000.0	946.0	1000.0	1000.0	1687999	110.01569	9.858994	127.155594	3.5264194	-110.17676	0.16563652	33853.36900281906
423	896.5	85.3361	988.0	779.0	976.1	16.99088	1000.0	940.0	1000.0	1000.0	1691999	109.74089	9.933147	126.81015	3.5255663	-109.9007	0.17340097	33936.06928920746
424	990.75	4.81534	996.0	985.0	983.8	7.5736384	999.0	974.0	1000.0	1000.0	1695999	109.61159	10.002577	127.8136	3.5239303	-109.78426	0.18278082	34018.58654332161
425	977.5	9.124144	993.0	970.0	983.1	9.544108	999.0	963.0	1000.0	1000.0	1699999	109.96156	9.932441	126.9403	3.5210094	-110.173386	0.20492047	34101.203373909
426	977.5	10.111875	989.0	966.0	980.1	15.565667	1000.0	950.0	1000.0	1000.0	1703999	110.45611	10.146483	126.404175	3.5210555	-110.63911	0.1900547	34183.695729255676
427	981.25	16.887495	1000.0	955.0	980.1	15.965275	998.0	944.0	1000.0	1000.0	1707999	110.32178	9.976335	126.15468	3.5222793	-110.48742	0.1858132	34266.04031872749
428	985.75	5.673403	990.0	976.0	983.1	11.431973	1000.0	968.0	1000.0	1000.0	1711999	109.91429	9.895201	124.205315	3.52547	-110.062195	0.17054671	34348.52794146538
429	991.75	5.673403	1000.0	984.0	989.4	6.2000003	1000.0	977.0	1000.0	1000.0	1715999	109.50185	9.75151	123.11649	3.5253022	-109.6612	0.16754824	34431.0649869442
430	973.0	7.5828753	985.0	966.0	693.5	444.93445	997.0	12.0	1000.0	1000.0	1719999	109.34364	9.766585	121.94999	3.5248578	-109.50782	0.1642865	34513.56136870384
431	967.0	18.398369	996.0	945.0	778.3	384.35635	998.0	8.0	1000.0	1000.0	1723999	109.09303	9.6895075	122.17595	3.523355	-109.24602	0.16931263	34595.94139075279
432	718.5	415.41153	976.0	0.0	981.9	15.286923	1000.0	946.0	1000.0	1000.0	1727999	108.70609	9.658137	122.01635	3.523336	-108.834465	0.1767376	34678.31784915924
433	970.0	18.261982	986.0	939.0	889.3	290.51752	995.0	18.0	1000.0	1000.0	1731999	107.96718	9.543683	121.455734	3.520063	-108.09204	0.16722944	34760.93260860443
434	976.25	17.354753	999.0	952.0	983.2	7.8204856	991.0	967.0	1000.0	1000.0	1735999	107.60065	9.677506	121.64077	3.5149906	-107.74814	0.15674923	34843.36936426163
435	978.75	6.941722	990.0	971.0	975.8	16.442627	1000.0	945.0	1000.0	1000.0	1739999	107.76808	9.686688	121.01117	3.5139089	-107.94008	0.16113363	34926.22424316406
436	984.0	10.024969	994.0	970.0	913.9	226.61089	1000.0	235.0	1000.0	1000.0	1743999	108.08542	9.882883	122.28038	3.5107763	-108.24561	0.16617377	35008.980789899826
437	974.0	6.204837	981.0	964.0	887.3	255.59541	998.0	122.0	1000.0	1000.0	1747999	108.0358	9.809307	121.46352	3.5059922	-108.18178	0.18389703	35091.61352992058
438	939.75	88.9561	1000.0	786.0	777.6	322.19037	989.0	7.0	1000.0	1000.0	1751999	107.98878	9.917755	121.31387	3.5049005	-108.1493	0.18356836	35174.13391137123
439	787.75	320.37976	984.0	233.0	879.7	293.77	1000.0	0.0	1000.0	1000.0	1755999	108.11413	10.085754	122.00169	3.504829	-108.27133	0.17345569	35256.8399477005
440	721.5	416.90076	983.0	0.0	978.6	7.472617	989.0	963.0	1000.0	1000.0	1759999	108.19093	9.996072	121.78981	3.501309	-108.346565	0.17512995	35339.392526865005
441	719.0	414.45447	976.0	2.0	649.4	418.47058	996.0	0.0	1000.0	1000.0	1763999	108.2423	10.036421	121.3735	3.5007145	-108.4041	0.17236564	35421.713064193726
442	976.75	10.940178	987.0	960.0	977.7	13.084723	993.0	949.0	1000.0	1000.0	1767999	108.21935	10.186592	119.34886	3.499784	-108.36772	0.18740766	35503.94053864479
443	966.5	33.52984	1000.0	913.0	978.5	10.956734	991.0	962.0	1000.0	1000.0	1771999	108.04246	10.282265	119.90432	3.4995546	-108.19789	0.19782497	35586.2424595356
444	737.0	418.62753	988.0	12.0	878.3	293.10648	1000.0	0.0	1000.0	1000.0	1775999	108.12569	10.314825	121.44442	3.5046027	-108.29016	0.21124087	35668.5856256485
445	737.0	425.5132	985.0	0.0	882.4	294.7688	997.0	0.0	1000.0	1000.0	1779999	108.26878	10.236718	121.254715	3.5202284	-108.433945	0.21190299	35750.84531235695
446	734.0	423.93866	992.0	0.0	985.1	11.700001	998.0	964.0	1000.0	1000.0	1783999	108.39153	10.454751	119.90205	3.5241303	-108.55925	0.20652992	35833.14108967781
447	969.75	20.873129	989.0	936.0	717.0	405.3744	997.0	0.0	1000.0	1000.0	1787999	108.53367	10.51635	120.95116	3.5194457	-108.69681	0.19880356	35915.38221216202
448	990.25	7.8859053	1000.0	982.0	973.3	18.984467	997.0	925.0	1000.0	1000.0	1791999	108.39766	10.581182	121.04043	3.5148761	-108.55109	0.20214564	35997.75243520737
449	849.5	189.71228	997.0	527.0	682.2	441.54813	993.0	0.0	1000.0	1000.0	1795999	108.32667	10.590374	122.409386	3.5139794	-108.49101	0.20229556	36080.16795015335
450	857.25	229.51839	1000.0	460.0	782.1	383.4218	1000.0	16.0	1000.0	1000.0	1799999	108.68649	10.448093	123.07095	3.516926	-108.88134	0.21254714	36162.31220126152
451	693.25	396.60773	972.0	12.0	868.6	198.93425	987.0	318.0	1000.0	1000.0	1803999	109.24094	10.470656	122.51923	3.5227501	-109.43036	0.22258748	36244.544310331345
452	638.5	398.82986	985.0	0.0	863.0	293.26474	1000.0	0.0	1000.0	1000.0	1807999	109.63379	10.792545	124.91412	3.52093	-109.83573	0.23035797	36326.9937620163
453	864.5	156.45047	984.0	598.0	839.8	299.5429	986.0	0.0	1000.0	1000.0	1811999	110.02813	10.864225	125.72973	3.5164676	-110.21564	0.23980965	36409.2702934742
454	914.75	107.46482	998.0	731.0	582.0	409.82608	992.0	0.0	1000.0	1000.0	1815999	110.28185	10.927196	131.45667	3.514796	-110.4744	0.24154037	36491.69147133827
455	741.25	380.52487	992.0	83.0	956.8	50.82873	995.0	855.0	1000.0	1000.0	1819999	110.4882	10.959528	131.5897	3.5110118	-110.684845	0.2434055	36573.99817490578
456	983.0	9.669539	995.0	970.0	975.0	13.630848	996.0	946.0	1000.0	1000.0	1823999	110.64397	11.010434	133.46066	3.5085099	-110.81981	0.2493073	36656.39752864838
457	745.0	421.5252	996.0	15.0	970.1	13.419762	988.0	941.0	1000.0	1000.0	1827999	110.47424	11.267887	133.7094	3.5047917	-110.65228	0.2414341	36738.68841266632
458	989.5	9.394147	1000.0	977.0	806.6	265.8756	997.0	185.0	1000.0	1000.0	1831999	110.53655	11.498411	135.54518	3.5052493	-110.74127	0.26442984	36820.99103474617
459	976.0	14.177447	997.0	957.0	687.0	432.41763	988.0	0.0	1000.0	1000.0	1835999	111.18243	11.730672	136.55081	3.502108	-111.41495	0.27726063	36903.6619451046
460	933.0	57.47608	1000.0	873.0	976.9	11.03132	990.0	960.0	1000.0	1000.0	1839999	112.3055	11.755769	137.82094	3.5005426	-112.566734	0.28477734	36986.06762886047
461	771.25	289.9141	981.0	275.0	785.4	392.84988	997.0	0.0	1000.0	1000.0	1843999	112.95423	11.484167	138.79135	3.5006871	-113.15943	0.295642	37068.441732406616
462	589.0	409.46857	981.0	16.0	833.0	320.4403	995.0	0.0	1000.0	1000.0	1847999	112.66443	11.186208	141.95872	3.5014935	-112.84937	0.2651475	37150.98575782776
463	760.0	350.7948	975.0	153.0	960.9	44.50719	1000.0	856.0	1000.0	1000.0	1851999	112.37359	11.393346	145.0835	3.5023322	-112.57161	0.2698756	37233.43853521347
464	881.25	175.75746	992.0	577.0	981.5	9.708244	996.0	967.0	1000.0	1000.0	1855999	112.13934	11.526195	145.07236	3.502398	-112.325195	0.26605678	37315.871453523636
465	765.25	271.13962	981.0	306.0	778.0	385.86914	984.0	0.0	1000.0	1000.0	1859999	111.7597	11.445258	143.16792	3.5091314	-111.93945	0.25172332	37398.3388979435
466	266.0	422.34286	997.0	0.0	890.7	296.67087	1000.0	1.0	1000.0	1000.0	1863999	111.10153	11.188438	140.43489	3.5148838	-111.26356	0.26350728	37480.75132250786
467	982.75	13.21694	1000.0	968.0	656.7	300.85178	989.0	0.0	1000.0	1000.0	1867999	110.73868	11.191967	136.90775	3.5141683	-110.93674	0.26246095	37563.06609416008
468	841.25	156.51418	972.0	578.0	888.7	275.4455	1000.0	63.0	1000.0	1000.0	1871999	111.17676	10.838392	136.48703	3.5128064	-111.39135	0.2685557	37645.44850873947
469	799.0	307.83682	989.0	266.0	931.8	147.91943	1000.0	489.0	1000.0	1000.0	1875999	111.42237	10.653253	134.82416	3.515138	-111.62039	0.26970845	37728.046013593674
470	791.0	302.60782	976.0	267.0	880.2	293.92035	1000.0	0.0	1000.0	1000.0	1879999	111.07177	10.712798	132.64613	3.5160606	-111.25053	0.25690416	37810.3996155262
471	951.5	23.135471	983.0	918.0	848.1	284.72702	985.0	9.0	1000.0	1000.0	1883999	110.90192	10.640197	132.14041	3.512784	-111.10599	0.26497918	37892.70505571365
472	789.25	195.17604	971.0	486.0	969.2	22.11696	1000.0	929.0	1000.0	1000.0	1887999	111.54233	10.935961	131.59377	3.5142522	-111.79432	0.27924103	37975.14194726944
473	912.25	115.811	989.0	712.0	915.8	147.04951	1000.0	482.0	1000.0	1000.0	1891999	112.38346	11.176504	133.44418	3.5176337	-112.61015	0.28572866	38057.65538573265
474	954.75	54.915276	998.0	861.0	885.6	290.68408	997.0	14.0	1000.0	1000.0	1895999	112.21809	10.958517	131.37315	3.5221362	-112.40058	0.2518124	38140.001977682114
475	978.5	11.58663	992.0	961.0	787.1	386.85617	991.0	11.0	1000.0	1000.0	1899999	111.94948	11.187628	132.50624	3.5218468	-112.167076	0.25462568	38222.446561813354
476	969.5	23.81701	996.0	931.0	956.7	72.59208	993.0	740.0	1000.0	1000.0	1903999	112.17536	10.923107	132.82474	3.5245314	-112.38469	0.269575	38304.77149438858
477	925.5	65.243774	997.0	849.0	831.4	192.54932	995.0	500.0	1000.0	1000.0	1907999	112.10061	10.873716	128.77774	3.5257273	-112.304794	0.28792983	38387.101220846176
478	905.25	104.205025	974.0	725.0	953.2	59.146935	998.0	826.0	1000.0	1000.0	1911999	112.17726	10.8418455	125.46357	3.5351439	-112.38786	0.28918323	38469.47706127167
479	865.5	159.02908	1000.0	611.0	784.9	384.6462	1000.0	6.0	1000.0	1000.0	1915999	112.01002	11.069771	125.788635	3.5378718	-112.19075	0.27535754	38551.7439661026
480	976.75	9.229708	987.0	963.0	964.2	69.33369	998.0	757.0	1000.0	1000.0	1919999	111.64966	11.186713	127.02244	3.53595	-111.833565	0.26905313	38634.113849163055
481	970.5	11.146749	984.0	959.0	888.7	292.7668	1000.0	11.0	1000.0	1000.0	1923999	111.40899	11.037019	127.129906	3.5347052	-111.596214	0.23824416	38716.532314538956
482	791.0	340.22125	1000.0	202.0	961.6	71.56843	1000.0	750.0	1000.0	1000.0	1927999	111.09819	10.872383	125.897	3.5310056	-111.26809	0.2327145	38798.937150239944
483	980.5	10.234745	989.0	963.0	881.3	239.26599	994.0	184.0	1000.0	1000.0	1931999	110.59526	11.034087	127.87318	3.5299726	-110.76489	0.23274869	38881.37195944786
484	695.25	361.61053	1000.0	103.0	624.4	450.3723	997.0	0.0	1000.0	1000.0	1935999	110.21892	11.049773	124.130936	3.5317464	-110.39491	0.22307523	38963.85511088371
485	857.25	221.58449	1000.0	474.0	878.7	289.32166	1000.0	12.0	1000.0	1000.0	1939999	110.13947	10.953568	123.87552	3.2088292	-110.32697	0.21533227	39046.240010499954
486	981.5	9.447222	995.0	970.0	980.0	17.01176	997.0	932.0	1000.0	1000.0	1943999	109.84893	10.773143	123.83738	1.7229867	-110.01013	0.20708176	39128.56766963005
487	982.5	17.670597	1000.0	953.0	974.7	10.392786	995.0	954.0	1000.0	1000.0	1947999	109.44091	10.555434	123.99151	3.5331893	-109.60965	0.21133712	39210.83931040764
488	979.5	8.558621	991.0	969.0	977.3	6.8563843	991.0	966.0	1000.0	1000.0	1951999	109.22051	10.40189	126.71543	3.5335271	-109.39403	0.22086361	39293.23362159729
489	988.75	10.280442	1000.0	972.0	974.6	20.958052	1000.0	926.0	1000.0	1000.0	1955999	109.06316	10.475905	127.928795	3.5340102	-109.23167	0.22300746	39375.63827466965
490	979.0	18.466185	1000.0	950.0	978.9	13.953136	1000.0	957.0	1000.0	1000.0	1959999	108.91274	10.591673	129.97139	3.522445	-109.09194	0.23024161	39458.10155534744
491	882.75	177.77286	991.0	575.0	783.0	389.78378	1000.0	1.0	1000.0	1000.0	1963999	109.06246	10.714835	131.38522	3.5197842	-109.254425	0.23235494	39540.34370470047
492	694.75	300.36758	984.0	291.0	912.6	160.96098	996.0	466.0	1000.0	1000.0	1967999	109.30978	10.743821	136.18048	3.5193086	-109.50611	0.24961041	39622.86128759384
493	738.25	271.17374	997.0	318.0	975.1	17.201454	1000.0	947.0	1000.0	1000.0	1971999	109.46278	10.924962	135.94092	3.5223522	-109.6415	0.2561825	39705.21067786217
494	977.5	17.741196	1000.0	954.0	988.8	11.106754	1000.0	965.0	1000.0	1000.0	1975999	109.39088	11.008517	141.43918	3.5165036	-109.58649	0.2591101	39787.47648143768
495	970.25	15.785674	984.0	944.0	978.7	17.418669	996.0	940.0	1000.0	1000.0	1979999	109.81849	11.28066	142.5546	3.5128605	-110.03841	0.27294075	39869.87610125542
496	945.0	76.586555	999.0	814.0	978.4	11.791523	994.0	958.0	1000.0	1000.0	1983999	110.30617	11.249512	160.87074	3.509869	-110.51421	0.28467852	39952.21011590958
497	860.5	128.23123	968.0	653.0	845.3	303.3246	997.0	6.0	1000.0	1000.0	1987999	110.48473	11.421363	162.75551	3.5085773	-110.68531	0.3039634	40034.485348939896
498	972.25	38.284298	997.0	906.0	979.5	8.357631	992.0	964.0	1000.0	1000.0	1991999	110.91106	11.803797	164.02843	3.5096524	-111.1471	0.32922333	40117.07854104042
499	697.0	379.78613	984.0	55.0	716.3	403.68158	993.0	0.0	1000.0	1000.0	1995999	111.73604	11.8628235	157.36885	3.5050998	-111.98689	0.34386942	40199.38584804535
500	942.25	62.04585	983.0	835.0	839.2	306.59412	997.0	10.0	1000.0	1000.0	1999999	112.36578	11.980307	145.43315	3.5049076	-112.595276	0.3131353	40281.9384868145
