Epoch	AverageEpRet	StdEpRet	MaxEpRet	MinEpRet	AverageTestEpRet	StdTestEpRet	MaxTestEpRet	MinTestEpRet	EpLen	TestEpLen	TotalEnvInteracts	AverageQVals	StdQVals	MaxQVals	MinQVals	LossPi	LossQ	Time
1	32.797516	2.3695037	35.670982	30.160088	38.912888	12.287836	51.02801	9.411839	1000.0	1000.0	3999	0.514096	0.42142808	4.1063046	-2.4283633	-0.60628396	0.006105689	56.60474896430969
2	29.713457	1.1716001	31.072886	27.956268	36.368385	13.817324	54.1618	11.417096	1000.0	1000.0	7999	5.568602	3.2782547	19.40856	0.50869787	-6.1839333	0.048268992	123.33446526527405
3	41.205627	22.238323	78.96264	21.449394	12.997858	16.767923	60.542717	3.8503683	1000.0	1000.0	11999	22.818493	6.7305436	46.050808	1.717895	-24.11434	0.2754989	193.56414103507996
4	41.48235	10.333599	55.85995	27.926477	47.516068	18.021091	83.300545	30.315845	1000.0	1000.0	15999	31.874197	4.381036	50.580906	19.699844	-32.236683	0.3453122	262.5711200237274
5	64.280975	26.732454	103.50897	28.437664	35.340603	2.0676763	39.840935	31.461992	1000.0	1000.0	19999	34.60274	3.9059348	52.04481	22.425005	-35.00853	0.22721323	331.705100774765
6	35.77356	5.065549	43.537388	30.51468	25.133757	20.34272	46.23025	4.6043377	1000.0	1000.0	23999	34.297554	3.4999235	49.318436	25.198296	-34.548183	0.15026535	401.09105372428894
7	34.31348	7.2551537	44.90961	24.421057	66.73079	34.23879	135.76566	39.323414	1000.0	1000.0	27999	34.373646	3.2370975	56.175465	25.439772	-34.723892	0.19255108	469.0105490684509
8	48.29769	19.157389	75.98417	24.053432	62.68186	9.205177	81.53836	48.60412	1000.0	1000.0	31999	34.87013	2.4135993	58.11888	26.700191	-35.161728	0.19829556	539.0086724758148
9	68.10662	23.048826	101.43147	37.41782	49.888744	31.89728	104.20222	22.684776	1000.0	1000.0	35999	32.92356	2.3294017	49.252884	26.015108	-33.101467	0.15722989	609.8355505466461
10	100.159065	36.499065	154.0166	65.47727	188.12766	68.95554	252.46948	69.17306	1000.0	1000.0	39999	31.158733	2.9854457	44.786446	24.293713	-31.35993	0.13108286	679.666389465332
11	151.00774	55.309715	235.0563	81.5641	92.18202	29.945839	152.11127	44.26188	1000.0	1000.0	43999	29.555256	2.6189363	44.841274	23.052076	-29.76395	0.15546954	754.648885011673
12	98.47751	30.053377	130.24872	51.714504	86.74916	50.200485	171.00433	32.26876	1000.0	1000.0	47999	29.641222	1.8444408	46.89132	22.53527	-29.899357	0.2002078	824.6499705314636
13	139.96817	16.553528	156.03981	112.22914	159.45525	26.150934	200.35806	113.66019	1000.0	1000.0	51999	29.712067	1.9939123	53.306034	22.914825	-29.939583	0.18248203	894.0332942008972
14	192.58682	47.01013	225.87541	111.57184	231.63596	18.411043	261.79498	197.44618	1000.0	1000.0	55999	29.63627	2.4430249	57.73082	22.586948	-29.889946	0.26525807	962.7407312393188
15	207.82414	99.31135	322.583	105.97641	210.68477	86.74054	305.54294	13.046168	1000.0	1000.0	59999	31.101952	3.1626418	57.340157	22.472046	-31.441427	0.36125714	1035.929272890091
16	167.90495	39.21391	213.4129	109.41153	75.025444	62.69679	217.35843	22.644884	1000.0	1000.0	63999	33.112408	3.7822998	64.81845	23.809814	-33.428658	0.37196556	1106.5944647789001
17	288.0539	61.027702	340.6435	188.42766	298.5191	160.92229	523.9666	13.894323	1000.0	1000.0	67999	33.660385	3.3439083	61.01597	25.185455	-33.904663	0.3815696	1178.407858133316
18	348.40228	65.217896	429.13885	247.65369	310.61203	105.80034	442.37057	131.48334	1000.0	1000.0	71999	34.904026	3.8476834	61.957455	24.70562	-35.26552	0.55373394	1251.0779621601105
19	311.45966	118.005066	425.4478	120.88141	340.51215	70.029396	429.41452	237.30534	1000.0	1000.0	75999	37.83789	4.39607	63.019035	25.769966	-38.23131	0.6567085	1324.4363777637482
20	378.44574	55.242683	434.31918	286.70987	442.96198	96.97286	541.7638	181.23912	1000.0	1000.0	79999	40.443577	4.5676126	65.416214	26.882177	-40.859768	0.8240316	1397.5304567813873
21	443.7754	101.2318	541.64655	280.33832	275.78732	59.748066	348.98285	153.21312	1000.0	1000.0	83999	43.86836	4.9715595	69.802	28.262268	-44.319622	0.9720657	1470.7992579936981
22	495.8625	105.61046	586.1102	317.6939	493.35513	105.54922	591.46185	209.16275	1000.0	1000.0	87999	47.57779	5.498009	74.88366	31.283926	-48.083164	1.0920111	1545.1731419563293
23	587.7161	38.646687	646.1267	537.53326	512.8289	207.09695	706.27606	15.271865	1000.0	1000.0	91999	51.771435	5.9884305	78.326775	32.486202	-52.309032	1.2432736	1622.3284389972687
24	677.07263	48.25073	740.3348	613.8301	795.0443	54.213364	861.88934	672.483	1000.0	1000.0	95999	56.147434	6.8720694	85.79532	36.874725	-56.721428	1.3949285	1697.9001049995422
25	665.04224	75.57253	750.289	551.40533	793.5173	49.889027	876.10876	698.9891	1000.0	1000.0	99999	61.02559	7.479605	90.13455	40.357765	-61.637005	1.618285	1773.2361826896667
26	690.8822	125.1157	787.8209	476.6153	833.73663	58.432163	934.69403	731.26776	1000.0	1000.0	103999	65.71419	7.8409157	95.15466	40.18548	-66.32386	1.7556206	1849.141708612442
27	768.3174	26.655865	802.6536	739.1519	721.1051	30.412045	781.1431	672.42065	1000.0	1000.0	107999	69.60668	8.153019	97.5498	43.596252	-70.19825	1.761608	1925.1964993476868
28	729.92786	65.0093	802.4772	631.4974	751.85004	58.10922	893.11053	698.5318	1000.0	1000.0	111999	73.11717	8.9534445	101.70163	50.15962	-73.72733	1.8096039	2002.9593846797943
29	798.94586	38.067112	855.60956	753.5609	826.4881	39.472622	888.711	764.10596	1000.0	1000.0	115999	77.206245	9.188929	104.105675	51.22507	-77.85159	1.9373987	2086.671634912491
30	834.6484	49.239464	897.09674	778.3762	874.32794	46.82797	942.6205	788.4438	1000.0	1000.0	119999	80.68722	9.285775	106.101776	55.474777	-81.31697	1.9666504	2161.6726558208466
31	831.7854	37.60209	872.47736	773.6914	876.376	67.06233	975.35156	754.01807	1000.0	1000.0	123999	83.55082	9.503816	107.76843	58.29459	-84.14876	1.9233077	2242.3031845092773
32	837.3509	26.960815	869.87744	803.1391	846.18964	25.63445	880.9893	806.37524	1000.0	1000.0	127999	86.14462	9.731632	110.49369	59.85676	-86.75678	1.9287505	2317.153057575226
33	808.48895	51.6564	892.3981	751.6943	784.8776	37.81261	865.52277	740.15515	1000.0	1000.0	131999	88.51854	9.603088	116.392784	61.042393	-89.13352	1.9056021	2394.0926237106323
34	829.078	36.015198	868.46094	790.3849	843.616	45.74245	916.0179	749.33813	1000.0	1000.0	135999	90.66847	9.408172	112.43133	63.229145	-91.251236	1.8121691	2472.0091636180878
35	863.3586	27.50197	904.9591	831.6033	734.1483	209.35797	848.51404	112.41556	1000.0	1000.0	139999	91.91037	9.521006	112.49479	65.662094	-92.47168	1.767529	2549.9400498867035
36	725.966	180.83134	943.9089	442.6077	845.16296	54.36005	923.67865	755.6527	1000.0	1000.0	143999	92.91469	9.549841	114.53935	65.17051	-93.45751	1.7151936	2629.3360419273376
37	839.7803	22.003668	874.6793	814.927	914.8224	31.310812	962.1178	872.9856	1000.0	1000.0	147999	93.61509	9.5906315	113.08566	67.78019	-94.147865	1.6995753	2704.710084438324
38	873.4227	35.59277	927.3033	827.43835	878.9873	68.9496	971.9293	759.6912	1000.0	1000.0	151999	94.06227	9.95813	115.00895	65.404236	-94.56481	1.6823618	2783.248862028122
39	945.4043	32.91073	982.2491	893.9828	893.9252	42.093437	946.7524	811.6543	1000.0	1000.0	155999	94.6235	10.06662	114.71492	64.10724	-95.14729	1.6931845	2860.9761016368866
40	774.531	200.22945	909.7705	428.36685	867.51874	31.171703	915.86487	823.0275	1000.0	1000.0	159999	95.23362	9.968557	114.83284	66.31114	-95.724236	1.5905561	2938.2366502285004
41	875.6259	23.426504	896.6687	835.9554	884.15234	85.09027	944.4046	646.81744	1000.0	1000.0	163999	95.30486	10.310569	115.29027	66.97647	-95.78217	1.5702103	3013.7995507717133
42	678.255	347.63916	897.87634	76.47707	880.31165	37.51476	929.10345	813.4602	1000.0	1000.0	167999	96.0014	9.984447	114.40464	68.45209	-96.50665	1.5548921	3089.155723810196
43	891.87634	15.95087	911.8324	874.6412	847.203	41.51267	926.2771	778.9592	1000.0	1000.0	171999	96.21516	10.036933	114.36642	67.63208	-96.68333	1.5028923	3164.6914825439453
44	891.49585	23.436321	927.9663	863.0232	886.6107	40.13941	945.3499	812.4548	1000.0	1000.0	175999	96.25687	10.253492	114.03175	68.08793	-96.704575	1.4027027	3238.929623365402
45	916.71515	25.011398	957.17523	891.4657	907.8553	45.97046	965.86346	808.7915	1000.0	1000.0	179999	96.29488	10.3773985	114.89373	67.15863	-96.75606	1.4322499	3313.7180392742157
46	959.10254	7.125104	967.56244	948.17303	915.14825	52.66939	966.8237	802.1289	1000.0	1000.0	183999	96.61331	10.15394	113.0963	66.97123	-97.06981	1.4027681	3389.526703119278
47	940.3902	13.42697	962.2761	928.5848	895.9409	37.07314	948.0312	827.2152	1000.0	1000.0	187999	96.84887	10.073859	112.924	64.98471	-97.297424	1.2947358	3464.9348459243774
48	943.7505	13.812358	964.28705	928.9544	935.3491	28.637743	987.14746	879.5082	1000.0	1000.0	191999	97.14835	9.703447	112.579025	65.39849	-97.588486	1.2722889	3540.0971298217773
49	914.4154	49.346237	951.2853	830.37695	906.5863	36.66188	966.1078	843.3103	1000.0	1000.0	195999	97.23919	9.647727	113.411224	67.47421	-97.65136	1.1889851	3615.3982219696045
50	906.27844	30.125633	956.6868	876.79926	916.06885	23.75073	957.8762	878.2908	1000.0	1000.0	199999	96.96051	9.823251	113.05494	67.950516	-97.366325	1.1762984	3690.550136089325
51	913.28784	24.883392	939.5026	872.5016	920.4076	33.31002	963.808	866.4014	1000.0	1000.0	203999	96.90764	9.947202	112.486534	67.19131	-97.3135	1.1735703	3765.723038673401
52	902.1162	27.318125	948.72174	879.0688	936.8817	32.453976	971.17535	882.32733	1000.0	1000.0	207999	96.80102	9.933883	111.79046	67.54878	-97.19069	1.1608357	3841.228940486908
53	935.05676	18.96777	957.3921	907.7546	934.5404	43.056427	980.9799	812.7534	1000.0	1000.0	211999	96.72937	9.945275	112.59169	65.62657	-97.116425	1.1507053	3921.9638118743896
54	945.98114	33.848705	980.76495	906.72186	890.4266	28.097626	929.2365	847.6523	1000.0	1000.0	215999	96.69882	9.882764	112.67785	67.525925	-97.08049	1.1497363	3997.5168108940125
55	906.345	25.859838	931.0221	869.1123	936.7344	30.042547	968.9999	883.9339	1000.0	1000.0	219999	96.62327	9.896004	111.58347	65.01794	-96.99078	1.1145446	4073.727858066559
56	917.21606	26.232521	946.43024	883.2451	953.57306	17.3959	979.6614	923.75604	1000.0	1000.0	223999	96.51505	10.039625	110.91988	65.89905	-96.88922	1.117546	4148.790095329285
57	933.35956	14.417369	954.7691	919.4258	905.9867	36.889652	945.5719	813.793	1000.0	1000.0	227999	96.71003	9.776971	110.94686	64.95752	-97.07828	1.1295012	4228.105868816376
58	933.04144	17.13403	947.8226	903.8604	913.4508	27.516384	969.70306	880.07556	1000.0	1000.0	231999	96.75437	9.586629	111.149826	64.3321	-97.10456	1.0617002	4306.061347723007
59	929.26733	31.869862	963.5083	887.32056	922.74817	22.872114	967.3255	895.9171	1000.0	1000.0	235999	96.64979	9.641365	111.669106	64.15726	-96.99542	1.038183	4382.333651781082
60	948.20404	18.071096	977.4919	931.163	925.3781	36.546635	987.59564	884.93384	1000.0	1000.0	239999	96.4792	9.755748	111.01897	64.387794	-96.81404	1.0184574	4459.513206243515
61	932.8326	21.916859	960.7126	899.6386	954.16736	26.202122	980.2377	899.8485	1000.0	1000.0	243999	96.4533	9.708516	110.60652	65.19987	-96.79142	1.0130631	4537.48131608963
62	886.2035	70.21023	939.8321	766.06635	937.98535	27.763048	976.5309	868.2787	1000.0	1000.0	247999	96.31831	9.704525	109.21327	63.310608	-96.64127	0.96831053	4613.900508403778
63	901.3645	49.86228	968.12244	829.0142	956.4586	19.278711	984.2812	923.0034	1000.0	1000.0	251999	96.20699	9.72825	111.2459	65.47364	-96.526344	0.98911476	4690.264753818512
64	942.0838	30.511267	978.7078	901.00653	946.20917	20.624332	982.0567	908.0357	1000.0	1000.0	255999	96.22392	9.614492	109.44823	67.0356	-96.54333	0.9530792	4769.29829621315
65	931.8629	10.552841	946.80426	919.4838	900.34924	33.48573	930.35767	814.90076	1000.0	1000.0	259999	96.22976	9.549056	109.215256	66.67175	-96.554535	0.94828737	4844.427841663361
66	933.5095	31.665249	961.9081	881.5244	941.92334	17.591711	964.16144	902.5348	1000.0	1000.0	263999	96.36661	9.395122	108.22247	66.14705	-96.68216	0.9067739	4921.211991548538
67	939.43854	32.646065	980.90857	902.5144	969.8446	13.497786	986.6378	945.80145	1000.0	1000.0	267999	96.23031	9.558821	109.41293	65.825966	-96.52488	0.9016038	4995.504724740982
68	933.55835	10.6162615	948.6431	921.89874	947.12823	17.357468	977.2393	918.29065	1000.0	1000.0	271999	95.97531	9.851034	108.406555	66.09035	-96.26566	0.9141468	5073.174983024597
69	921.1943	18.616207	941.11646	897.46173	939.67126	25.739836	975.01526	889.37946	1000.0	1000.0	275999	96.12108	9.784049	108.54683	65.95841	-96.43544	0.94157124	5150.321315526962
70	959.00696	9.583996	974.5483	950.9651	924.3052	21.55367	960.9114	880.61035	1000.0	1000.0	279999	96.41987	9.460538	108.19546	65.42452	-96.72337	0.8890395	5226.203945159912
71	954.8968	14.517625	979.5622	942.9347	954.8063	12.091537	972.5988	935.8878	1000.0	1000.0	283999	96.30834	9.527239	107.97854	62.695644	-96.5856	0.8582673	5304.0326192379
72	953.19226	10.060041	963.17163	939.87683	890.97687	66.69972	986.98114	785.87726	1000.0	1000.0	287999	96.05508	9.785402	107.90449	62.20933	-96.32778	0.892956	5381.489719390869
73	937.09436	30.358131	967.3429	888.5571	955.7921	15.061903	982.5688	933.17786	1000.0	1000.0	291999	95.98188	9.744901	108.10934	62.069077	-96.26031	0.90183306	5456.816697835922
74	952.391	9.795644	965.4941	937.90533	962.3201	20.489384	988.065	918.3242	1000.0	1000.0	295999	96.05024	9.676895	108.13849	63.560406	-96.32689	0.8639979	5532.214369773865
75	942.9651	26.252945	981.02856	916.78674	950.35565	17.682714	981.3803	919.2856	1000.0	1000.0	299999	96.21362	9.515599	108.13421	64.67178	-96.49405	0.8473041	5608.115621328354
76	950.0779	20.560991	968.3226	916.1364	959.8175	29.002438	987.93506	911.9047	1000.0	1000.0	303999	96.22292	9.440646	108.00562	64.12501	-96.48612	0.8359686	5685.909189939499
77	949.04803	28.143768	975.801	901.741	941.88464	16.454332	961.9752	907.1902	1000.0	1000.0	307999	96.15915	9.516305	109.154915	65.15183	-96.427	0.81318873	5760.483418941498
78	950.9552	25.881733	985.8791	913.2138	944.70526	24.31958	978.50696	905.26263	1000.0	1000.0	311999	96.32638	9.380471	107.92392	62.187256	-96.59975	0.83697116	5834.559770584106
79	920.62476	40.228592	950.87225	852.2443	937.70264	24.509394	972.3087	888.9504	1000.0	1000.0	315999	96.3784	9.201163	108.75144	64.12899	-96.64039	0.7986061	5912.678769826889
80	948.9847	10.872355	959.3059	932.937	938.8251	29.31917	984.97455	882.928	1000.0	1000.0	319999	96.19108	9.248729	107.77273	64.9616	-96.43925	0.7640181	5989.969695568085
81	929.0889	27.503437	961.44324	901.30505	949.6626	30.522217	976.0232	877.11896	1000.0	1000.0	323999	96.0124	9.328188	107.15136	64.640915	-96.25915	0.7891842	6065.491694927216
82	947.45276	16.992811	970.04645	923.00867	947.3328	10.843667	966.2512	926.78314	1000.0	1000.0	327999	95.9522	9.303765	107.332245	64.538605	-96.20311	0.80393815	6141.492447853088
83	970.49414	9.675496	982.90845	958.65765	941.78674	28.780489	977.7033	887.6994	1000.0	1000.0	331999	96.01706	9.172105	107.46024	62.691803	-96.25708	0.78438854	6216.896476507187
84	951.7268	9.69464	961.96405	939.0373	957.022	16.172161	985.3715	931.40497	1000.0	1000.0	335999	95.87148	9.289571	107.114685	62.384953	-96.10881	0.7570951	6292.831067085266
85	935.4302	31.510422	985.2251	899.21606	934.2357	19.925434	970.6222	901.28253	1000.0	1000.0	339999	95.87128	9.244927	106.612274	62.249687	-96.10735	0.7646021	6368.529671192169
86	951.54376	14.108854	964.4245	928.6085	945.71277	22.554987	987.3096	889.3417	1000.0	1000.0	343999	95.74013	9.45401	106.61193	62.23786	-95.96584	0.79932857	6444.996324777603
87	930.25024	30.162983	967.91125	892.2402	960.2008	25.46292	987.29535	903.95953	1000.0	1000.0	347999	95.77472	9.364309	105.69375	59.917072	-96.00767	0.83744997	6520.907791852951
88	913.63354	38.82709	964.1814	873.3827	947.49774	20.099247	981.30096	905.8356	1000.0	1000.0	351999	95.72017	9.264157	106.303154	59.57932	-95.950676	0.79313385	6596.589453220367
89	939.9391	31.9626	978.93634	893.8969	954.44275	12.898063	979.2991	935.2799	1000.0	1000.0	355999	95.82752	9.243396	105.89937	59.013897	-96.054375	0.7605735	6674.055556297302
90	948.36694	22.070765	971.616	914.5612	965.6289	14.829539	986.14624	934.85095	1000.0	1000.0	359999	95.78956	9.360958	106.546776	60.598385	-96.01791	0.752597	6750.359360933304
91	969.2142	6.976002	980.73975	962.2357	943.5116	30.155397	984.35095	885.5501	1000.0	1000.0	363999	95.96972	9.215634	107.10565	61.53092	-96.1989	0.77080405	6826.25811624527
92	933.4955	32.54156	980.04944	891.0745	909.26013	33.596558	968.2472	850.4444	1000.0	1000.0	367999	95.93685	9.288941	106.83383	60.99177	-96.15097	0.7239805	6904.384879827499
93	939.9614	28.562506	972.8045	900.72473	947.4468	32.402374	988.9012	900.7562	1000.0	1000.0	371999	95.92613	9.393238	105.64399	60.572315	-96.15828	0.7600531	6980.050556898117
94	964.8555	11.108871	977.1541	952.8378	957.0228	17.627647	981.6329	928.6415	1000.0	1000.0	375999	96.17613	9.028157	106.81062	60.10313	-96.400024	0.71925837	7058.387038707733
95	916.45825	38.13157	954.8378	854.7347	947.95544	31.199377	989.0172	876.9089	1000.0	1000.0	379999	96.2591	8.875706	105.69934	60.93449	-96.47614	0.6923077	7133.439546585083
96	953.99963	7.153136	961.3364	945.88446	946.36414	21.285444	983.8994	905.25275	1000.0	1000.0	383999	96.15968	9.101359	107.701355	62.326782	-96.36619	0.6815978	7208.858043193817
97	944.2047	17.333237	965.93774	920.655	940.8115	31.247416	966.95667	866.7482	1000.0	1000.0	387999	96.20628	9.11225	106.32106	62.590282	-96.422455	0.72264844	7284.198457241058
98	934.78436	28.134686	977.14496	904.6662	945.3179	18.058348	981.71405	916.2771	1000.0	1000.0	391999	96.23323	9.081699	106.19115	63.573357	-96.441605	0.7073927	7359.086762666702
99	935.76636	19.77809	959.969	904.8426	967.55994	18.040146	988.13184	926.46295	1000.0	1000.0	395999	96.36016	9.052801	106.80934	61.752495	-96.57389	0.7149438	7435.384078741074
100	930.35724	26.181358	961.0577	888.78436	955.9539	19.943684	981.68756	911.5145	1000.0	1000.0	399999	96.43988	8.960794	105.78004	61.26194	-96.65061	0.6796461	7513.854734420776
101	939.8385	25.608839	973.25085	904.8022	947.07294	31.140747	979.2261	862.1242	1000.0	1000.0	403999	96.4494	8.941038	106.22368	62.990562	-96.657776	0.6749092	7590.665375471115
102	975.99225	12.258296	990.7527	956.90576	951.6444	22.097986	984.1596	911.1604	1000.0	1000.0	407999	96.47294	8.933859	109.7214	63.780922	-96.67832	0.68573266	7668.032757520676
103	921.95593	23.615314	962.6224	904.28613	885.54913	60.002827	943.6125	754.451	1000.0	1000.0	411999	96.53221	8.879362	105.414314	62.68164	-96.73764	0.67986184	7744.702291965485
104	960.7775	27.489939	984.35626	915.1141	958.00555	16.718407	979.474	920.94135	1000.0	1000.0	415999	96.31954	9.098012	106.53979	62.667866	-96.4976	0.65847754	7822.2420129776
105	941.9177	30.257273	983.2058	900.1017	960.43036	24.838968	989.5405	917.2592	1000.0	1000.0	419999	96.11468	9.455494	106.87191	62.75151	-96.30895	0.70872486	7900.86377286911
106	959.192	11.869588	976.3697	947.636	942.3262	24.820215	983.4516	904.5714	1000.0	1000.0	423999	96.24465	9.245382	106.59634	60.742176	-96.4489	0.80035096	7976.904886007309
107	963.9568	9.213408	973.8299	949.16534	920.999	35.0152	961.4512	842.02094	1000.0	1000.0	427999	96.51459	8.858887	105.7272	58.798016	-96.71688	0.73271227	8053.824772119522
108	934.8926	31.997719	980.222	900.2979	951.921	17.97057	986.89703	923.9875	1000.0	1000.0	431999	96.56378	8.792956	107.75192	62.69328	-96.76254	0.6916643	8133.221623659134
109	935.9787	57.975716	983.2083	840.32544	949.3258	15.489917	980.7211	920.73883	1000.0	1000.0	435999	96.53963	8.901663	105.12845	61.17915	-96.73036	0.671576	8208.155297756195
110	962.46454	15.58186	978.93536	938.8877	872.0099	45.935497	916.4972	753.96204	1000.0	1000.0	439999	96.45963	9.015604	105.50632	61.05166	-96.645676	0.6443591	8285.08767414093
111	950.80566	11.808363	966.3203	934.12885	962.25653	18.825861	982.9566	927.3635	1000.0	1000.0	443999	96.48958	8.967241	105.622795	60.47699	-96.68244	0.66049474	8359.9920296669
112	950.4597	26.497211	985.2333	916.0331	961.3337	13.677043	986.7127	941.59033	1000.0	1000.0	447999	96.64148	8.685892	106.85171	61.172745	-96.83722	0.63388395	8436.01067185402
113	942.22595	21.27094	962.01917	906.76526	953.8659	12.984451	976.551	925.9988	1000.0	1000.0	451999	96.64671	8.624117	105.42696	59.013424	-96.82544	0.6374979	8511.910952091217
114	956.1671	22.858173	978.8661	926.70306	941.6793	21.111921	979.3113	912.11115	1000.0	1000.0	455999	96.51957	8.884172	107.28116	61.408	-96.7085	0.6622706	8588.565264701843
115	933.84326	27.536644	963.5946	892.3281	951.8511	21.43525	982.7599	899.9043	1000.0	1000.0	459999	96.68797	8.684609	106.60457	60.098484	-96.866905	0.6368705	8664.292016983032
116	947.745	32.559254	984.631	903.61774	972.5609	10.628609	986.1071	953.445	1000.0	1000.0	463999	96.54352	8.8976555	105.923996	58.149746	-96.724396	0.6402966	8743.775507450104
117	908.52856	28.092314	956.51587	885.2343	963.23926	15.829895	983.01965	934.3082	1000.0	1000.0	467999	96.47957	8.886075	106.713585	57.497272	-96.653984	0.65361977	8820.64761018753
118	945.6545	11.178993	963.3958	934.5503	955.1169	17.454247	979.8137	919.795	1000.0	1000.0	471999	96.49996	9.000859	105.7914	56.79391	-96.68117	0.67336243	8896.663814783096
119	941.2389	29.873192	975.62244	896.0783	951.077	34.57596	985.33026	863.8607	1000.0	1000.0	475999	96.63402	8.831829	105.71894	58.422913	-96.81952	0.667305	8974.81856060028
120	952.11633	18.019989	979.23914	929.5924	935.0553	44.77325	984.97687	815.00653	1000.0	1000.0	479999	96.77076	8.694103	113.29428	59.145428	-96.94285	0.6543543	9053.804831266403
121	913.2412	29.092876	943.83014	873.59375	941.38495	21.556484	962.43414	899.92377	1000.0	1000.0	483999	96.70145	8.757927	107.79644	59.214798	-96.87821	0.66118294	9130.565045118332
122	941.46643	25.273159	980.6887	910.2789	964.1505	16.104572	985.50574	925.6677	1000.0	1000.0	487999	96.57632	8.874571	105.95773	58.448963	-96.73529	0.6231583	9206.838029146194
123	937.9695	24.370447	978.70074	914.29	950.1917	21.57507	983.8212	911.952	1000.0	1000.0	491999	96.39488	9.199341	106.11869	58.30662	-96.55909	0.70159155	9284.05755496025
124	952.036	14.15432	971.8206	931.98694	929.2264	53.262016	985.97723	830.9961	1000.0	1000.0	495999	96.41872	9.27567	105.96426	59.240913	-96.59888	0.7208877	9360.511415243149
125	942.9254	5.4244223	948.859	934.16864	960.3322	12.962116	979.97095	940.3979	1000.0	1000.0	499999	96.7176	8.691735	105.55031	59.24981	-96.89581	0.70100117	9436.235745429993
126	933.3082	37.483723	974.66266	886.2069	960.15857	24.396183	984.9377	917.43036	1000.0	1000.0	503999	96.7809	8.602353	104.977646	58.222115	-96.94754	0.6234625	9511.982211828232
127	966.60706	12.254928	985.28674	952.01605	948.0093	21.369219	985.09	909.13043	1000.0	1000.0	507999	96.77029	8.680805	105.460434	60.414474	-96.94037	0.6110567	9589.778557062149
128	956.0465	16.875011	981.71454	934.34174	903.86084	31.603119	969.082	854.85016	1000.0	1000.0	511999	96.82858	8.6006155	105.564674	58.668648	-96.99258	0.63451993	9665.772518634796
129	961.6994	11.957783	981.4628	950.50726	968.83954	16.655043	989.207	939.25964	1000.0	1000.0	515999	96.79759	8.555612	105.25057	57.288033	-96.96037	0.62616223	9742.830726146698
130	935.72534	30.177557	958.9137	883.92834	898.8209	31.415833	939.0163	835.4027	1000.0	1000.0	519999	96.7344	8.643828	104.971054	58.90849	-96.89588	0.6042971	9818.401575565338
131	919.2037	28.780571	955.7275	876.2586	935.15216	26.901314	976.88666	899.76825	1000.0	1000.0	523999	96.76487	8.704042	105.363	60.03856	-96.9295	0.5960899	9894.480892658234
132	959.41516	18.46661	983.8254	931.92786	931.0843	24.572882	960.9787	886.12726	1000.0	1000.0	527999	96.89803	8.678989	105.894005	60.530563	-97.06507	0.6073521	9970.234622716904
133	907.2227	46.580925	956.6881	842.60364	962.32605	21.170273	989.3589	931.1135	1000.0	1000.0	531999	96.96025	8.649801	105.86571	56.093987	-97.12194	0.6046888	10045.9203748703
134	952.0308	6.794945	961.2412	943.3327	961.8871	27.825989	984.9029	887.2579	1000.0	1000.0	535999	96.875	8.760609	106.08446	59.06235	-97.037476	0.6453636	10123.929851770401
135	950.8159	24.34861	984.9777	919.1747	916.3541	25.863796	973.6476	867.77795	1000.0	1000.0	539999	96.87994	8.659842	106.91694	57.613598	-97.03732	0.65464354	10199.928087234497
136	932.9637	36.536083	985.8035	882.7035	954.5765	35.637215	982.7381	875.90894	1000.0	1000.0	543999	96.76834	8.787001	105.22029	58.913723	-96.92027	0.62256676	10275.505182504654
137	943.6622	11.145515	958.0898	929.908	943.8514	19.529913	978.4226	917.56256	1000.0	1000.0	547999	96.69193	8.7928	105.167274	56.08382	-96.84061	0.6483513	10351.140167951584
138	969.096	9.3831	980.9572	955.92126	939.5467	28.748028	983.4355	898.9877	1000.0	1000.0	551999	96.61347	8.921592	104.95965	59.362682	-96.76791	0.62574357	10431.730554580688
139	962.1299	26.15119	983.44366	918.24146	966.2637	14.796156	990.5597	936.1005	1000.0	1000.0	555999	96.76025	8.678006	104.94781	57.59602	-96.91839	0.6504127	10507.302082061768
140	950.33167	13.151604	970.4025	934.5962	958.30286	14.576361	987.0361	932.3632	1000.0	1000.0	559999	96.87753	8.4345665	105.576004	56.97866	-97.03444	0.61048716	10587.168716192245
141	956.5897	17.573576	980.9137	932.10443	959.19104	24.609562	989.98126	905.41144	1000.0	1000.0	563999	96.91267	8.471528	105.40815	60.566406	-97.06805	0.6079686	10666.76764011383
142	952.1544	16.905499	969.4511	933.40796	938.47986	29.778772	977.96106	875.57605	1000.0	1000.0	567999	97.02447	8.299534	105.3637	59.540432	-97.17528	0.59436697	10741.47396183014
143	952.89014	12.4362955	970.90875	936.3296	944.65173	34.39436	987.4157	888.866	1000.0	1000.0	571999	96.95503	8.454428	104.66363	57.80574	-97.10581	0.60099673	10816.845703125
144	936.2039	18.406069	967.05334	918.6735	948.7748	18.005522	978.3387	920.9911	1000.0	1000.0	575999	97.02017	8.401644	105.37312	59.2947	-97.17534	0.60102856	10894.573297023773
145	973.5378	8.436598	983.55615	964.3046	954.70667	17.958416	991.0778	916.41547	1000.0	1000.0	579999	97.06889	8.335216	105.179665	60.670822	-97.221634	0.5635906	10971.22722864151
146	947.3721	26.94572	982.6395	906.90405	956.4015	18.027727	983.6257	924.47797	1000.0	1000.0	583999	97.07786	8.371066	104.48473	60.158928	-97.22658	0.56963	11048.190626621246
147	943.2638	31.767626	983.95917	894.8736	959.9709	22.897778	987.0	912.4277	1000.0	1000.0	587999	97.11067	8.246448	105.50521	60.48787	-97.26208	0.56394446	11123.977921962738
148	923.54663	35.22246	966.7838	869.2092	938.0615	29.310762	983.4582	894.72205	1000.0	1000.0	591999	97.11207	8.116176	105.49148	58.72914	-97.254845	0.5714074	11200.18566250801
149	968.55945	15.528159	983.87946	945.452	967.0255	12.327137	984.4027	940.39655	1000.0	1000.0	595999	97.05713	8.261036	105.32164	59.234383	-97.203705	0.5653351	11276.731081485748
150	912.87805	44.516678	986.8656	869.3392	933.25604	21.499956	961.7471	901.70526	1000.0	1000.0	599999	97.10358	8.286257	104.83699	57.39315	-97.25153	0.57712895	11353.248517036438
151	961.3872	13.146597	982.78455	948.4491	959.7388	21.64464	982.77673	919.638	1000.0	1000.0	603999	97.10146	8.326105	105.65275	52.04942	-97.24928	0.5794201	11429.923644542694
152	956.50354	22.349873	980.66504	920.14844	958.80334	23.501102	988.3447	921.5675	1000.0	1000.0	607999	97.17164	8.25892	106.1933	59.790863	-97.3084	0.54611224	11505.806779384613
153	948.9636	12.580914	965.02344	929.73627	859.58466	219.6999	986.6308	206.5905	1000.0	1000.0	611999	96.97499	8.620642	105.396484	59.735344	-97.11169	0.5459489	11581.83134651184
154	890.7054	107.01416	963.40344	705.7382	922.88947	25.072714	955.6154	874.2207	1000.0	1000.0	615999	96.82943	8.804524	106.627396	58.768333	-96.95404	0.6177925	11663.44407916069
155	904.6243	55.25612	961.1342	838.64325	951.42365	30.556313	978.24915	873.0285	1000.0	1000.0	619999	96.70957	8.842524	107.347015	54.10525	-96.84815	0.69083005	11739.616776704788
156	934.6338	23.261211	961.3737	905.4952	968.6004	16.955215	984.1189	936.4771	1000.0	1000.0	623999	96.86479	8.530311	105.389534	56.266483	-97.00929	0.63961816	11815.98506808281
157	948.6614	29.641434	982.58105	907.8171	939.25	33.853275	984.60406	857.75134	1000.0	1000.0	627999	96.95897	8.405687	104.531456	57.460762	-97.0995	0.6160633	11896.392409324646
158	947.71936	20.831087	968.44476	913.71454	896.32684	33.90317	949.8459	815.9733	1000.0	1000.0	631999	96.95014	8.61037	105.24609	56.94745	-97.08412	0.5748373	11973.704251289368
159	939.9246	24.644493	966.1432	901.2008	961.3673	15.857543	985.59357	926.4539	1000.0	1000.0	635999	97.03019	8.442974	105.80818	56.04397	-97.17048	0.5811064	12049.6923558712
160	950.6295	17.646986	980.91895	937.6949	947.9335	39.922886	979.3057	836.6027	1000.0	1000.0	639999	97.10977	8.26555	105.988495	54.882812	-97.248215	0.56582654	12125.830252408981
161	937.38043	33.81347	972.5307	881.51715	961.9769	20.521534	984.14545	920.06335	1000.0	1000.0	643999	97.09872	8.419853	104.61434	54.628716	-97.231544	0.5509358	12205.964256763458
162	938.75635	19.951237	957.07184	907.13354	954.2075	27.058542	985.8374	893.87354	1000.0	1000.0	647999	97.12566	8.338663	107.51894	57.358055	-97.26754	0.56729627	12281.561854600906
163	941.1183	22.824823	979.4218	919.3812	939.3711	28.137579	986.9464	895.8247	1000.0	1000.0	651999	97.21501	8.117741	104.88946	57.71001	-97.35544	0.55247915	12359.741373062134
164	938.4665	15.817286	954.0199	913.2257	956.78644	17.99989	983.7475	922.8983	1000.0	1000.0	655999	97.30611	8.063404	105.22639	60.405212	-97.44345	0.54554284	12434.240189313889
165	921.99536	23.851377	948.76373	893.48785	942.1797	24.66344	987.2918	908.28015	1000.0	1000.0	659999	97.23594	8.250945	104.361946	56.22188	-97.366646	0.5331693	12509.505008459091
166	927.70544	38.816708	972.67065	873.1703	924.1395	28.857285	970.4391	871.0347	1000.0	1000.0	663999	97.15742	8.355775	105.20472	55.78022	-97.28566	0.5650976	12585.823644399643
167	958.1327	25.423542	983.8746	925.6987	921.68555	29.53889	961.44214	874.257	1000.0	1000.0	667999	97.22391	8.206515	109.48917	58.750683	-97.36219	0.5560957	12662.128567695618
168	946.96594	14.124449	958.693	922.82465	930.86865	25.064362	966.30005	886.20734	1000.0	1000.0	671999	97.37096	7.8503785	104.9028	58.508682	-97.50698	0.5325847	12738.137687444687
169	942.2838	17.89303	959.34094	915.5171	950.40967	21.740479	977.99225	904.3441	1000.0	1000.0	675999	97.36246	7.8766212	104.77898	58.840317	-97.49695	0.5241331	12813.870612859726
170	927.2861	30.492323	971.7415	888.81476	942.5425	38.463257	987.9977	844.8908	1000.0	1000.0	679999	97.44084	7.80304	105.11341	57.71493	-97.57319	0.5290669	12889.756117105484
171	940.7636	20.78427	956.2744	904.97296	954.89465	26.16433	982.72394	886.1406	1000.0	1000.0	683999	97.43871	7.828068	104.33696	57.157303	-97.57013	0.5356333	12965.515967845917
172	925.0646	37.239956	958.6861	867.5627	961.8954	15.398685	986.35364	936.13104	1000.0	1000.0	687999	97.38328	8.006457	107.58468	55.756454	-97.51121	0.54576266	13041.350275754929
173	965.58325	20.637003	988.07184	933.69867	961.67664	10.6742	982.55835	941.76575	1000.0	1000.0	691999	97.40034	8.03461	106.05461	57.058773	-97.533066	0.55870026	13116.948011636734
174	948.47754	19.317184	967.7434	916.2687	955.58026	12.953802	979.40173	928.7131	1000.0	1000.0	695999	97.51045	7.9334226	105.17023	58.763794	-97.64522	0.53805906	13191.509288787842
175	939.89087	22.689898	965.26917	907.9344	942.0133	23.348938	974.52045	901.4733	1000.0	1000.0	699999	97.53473	7.902592	106.15462	54.892204	-97.66658	0.5109137	13266.214302778244
176	958.7569	21.39101	978.52014	922.95825	959.6165	18.661098	984.6695	917.1043	1000.0	1000.0	703999	97.52247	7.804188	105.25458	54.888405	-97.64745	0.50227606	13342.427850961685
177	961.108	12.876393	979.8686	947.27515	955.3063	19.941664	984.9974	912.1642	1000.0	1000.0	707999	97.55807	7.6983857	107.99005	58.28398	-97.6889	0.51612484	13420.611960887909
178	963.1763	20.540037	985.17554	933.4481	955.6712	16.019915	983.6072	928.2312	1000.0	1000.0	711999	97.58585	7.6531725	106.14969	54.596794	-97.71276	0.5185493	13497.614325284958
179	957.1477	13.369772	973.31433	936.13983	948.19855	18.953787	975.8914	920.5325	1000.0	1000.0	715999	97.49183	7.8154235	105.88756	58.224636	-97.612	0.5042321	13573.023563623428
180	929.6085	18.457598	951.012	908.5543	943.3382	27.74012	971.2955	889.46375	1000.0	1000.0	719999	97.44481	7.9690714	106.217674	57.089333	-97.56751	0.52556455	13648.433495759964
181	962.33185	15.552875	983.75946	939.83936	957.28125	22.226805	985.0581	914.88525	1000.0	1000.0	723999	97.41376	8.139805	105.45835	56.51893	-97.5387	0.5281217	13724.072566747665
182	947.5206	30.221746	986.2968	903.1524	950.8458	15.006337	978.68744	932.6726	1000.0	1000.0	727999	97.412	8.231189	106.58622	55.889896	-97.53741	0.55178	13803.298993825912
183	965.05664	10.322202	978.5392	952.7809	934.3949	35.16311	971.48895	855.41254	1000.0	1000.0	731999	97.40104	8.2234	106.28365	57.92188	-97.52059	0.5535477	13878.967420816422
184	953.6464	30.8353	983.8435	902.2933	972.5915	15.918949	988.47186	939.23303	1000.0	1000.0	735999	97.44249	8.065896	106.01649	56.86362	-97.56828	0.5479967	13954.88998413086
185	940.2339	29.625782	969.1076	891.8192	957.1071	19.618189	981.2258	908.80505	1000.0	1000.0	739999	97.48685	8.090361	106.305756	58.14295	-97.61075	0.54826844	14030.164309501648
186	949.3281	21.450981	970.46265	913.54425	937.58154	26.40433	979.6975	868.75006	1000.0	1000.0	743999	97.53816	7.9676485	106.99694	56.397133	-97.66849	0.55429864	14105.69412446022
187	942.78424	7.3494015	950.7252	930.7671	941.5916	33.3219	980.7445	871.049	1000.0	1000.0	747999	97.67379	7.660135	104.419235	56.71844	-97.798065	0.51363045	14185.013031482697
188	960.1537	17.063625	983.3067	939.26025	911.0177	30.672102	953.0619	856.93524	1000.0	1000.0	751999	97.59009	7.7843122	105.225395	53.39636	-97.71319	0.5049803	14260.768285751343
189	935.0772	29.487562	958.9979	884.62134	956.6502	18.445038	980.82153	914.9579	1000.0	1000.0	755999	97.62097	7.7499576	105.37444	59.626183	-97.743454	0.52080667	14336.468452692032
190	962.45337	29.977774	988.75836	913.52234	767.06134	374.794	983.4011	18.190414	1000.0	1000.0	759999	97.60764	7.6955113	105.330055	47.968746	-97.73	0.53766227	14416.039769172668
191	907.19965	18.877327	928.24615	876.8081	934.59875	33.040092	979.86847	868.86456	1000.0	1000.0	763999	97.62164	7.812571	104.49268	53.90253	-97.74193	0.5105328	14494.986914634705
192	949.0676	16.433598	973.0045	932.07733	941.9831	44.97974	984.52563	823.0822	1000.0	1000.0	767999	97.67773	7.8659124	106.56568	51.83866	-97.79966	0.52430433	14572.552721977234
193	957.5794	20.220015	980.24677	925.8525	964.56573	11.659326	985.3088	949.4841	1000.0	1000.0	771999	97.69767	7.8515096	105.51635	53.73952	-97.815956	0.510038	14656.802882194519
194	967.7172	7.535567	977.70557	956.5154	959.1405	26.105146	986.21246	898.26605	1000.0	1000.0	775999	97.725	7.6920586	104.72631	53.87815	-97.842155	0.5051168	14732.781364440918
195	957.0226	31.23881	982.2881	904.0106	956.70105	21.675806	984.58203	912.07434	1000.0	1000.0	779999	97.58282	7.848647	104.57233	56.839836	-97.69333	0.48674658	14808.735385417938
196	962.80194	9.6502	978.7635	952.93744	958.20667	12.717856	982.4546	939.2844	1000.0	1000.0	783999	97.59254	7.7786846	105.664085	57.059635	-97.71158	0.5002269	14884.341250181198
197	950.99634	19.79682	969.11755	918.3623	954.75195	19.045397	985.49133	926.5956	1000.0	1000.0	787999	97.6027	7.638882	104.17528	56.4594	-97.716484	0.50561196	14963.723229646683
198	933.99493	8.20169	947.6903	926.30927	940.77277	20.980385	983.55615	906.82434	1000.0	1000.0	791999	97.49788	7.812821	104.381714	57.15424	-97.604515	0.48777968	15041.596858739853
199	936.41376	37.576797	980.6132	878.06165	910.76575	34.68121	960.2879	834.19867	1000.0	1000.0	795999	97.3408	8.244713	105.574745	58.420403	-97.449356	0.49476746	15118.219727754593
200	933.69916	25.001932	965.6618	897.07733	946.8273	30.740866	984.30347	896.6266	1000.0	1000.0	799999	97.33065	8.296936	107.33923	57.799305	-97.44694	0.49917	15196.059275627136
201	926.7028	34.084087	964.8748	889.64685	887.18115	25.462868	920.3942	836.2873	1000.0	1000.0	803999	97.49615	7.993644	106.96759	58.1626	-97.61866	0.5393647	15272.34617972374
202	954.12885	37.47936	982.7001	890.0505	954.7083	19.165543	985.82166	925.4771	1000.0	1000.0	807999	97.6112	7.8053784	105.90268	53.435127	-97.7232	0.52118623	15350.066408872604
203	943.63153	14.5456505	958.89246	927.41583	960.08984	7.9102454	973.3492	946.1895	1000.0	1000.0	811999	97.58961	7.767432	105.9331	54.858353	-97.70681	0.5226241	15427.333421707153
204	953.37897	21.994364	972.48004	917.2085	936.55304	26.164244	976.5616	895.64465	1000.0	1000.0	815999	97.67405	7.571522	106.70268	52.78736	-97.78869	0.5129285	15504.35376405716
205	949.9739	25.576761	973.4348	906.9913	929.3058	37.939926	979.5204	856.06287	1000.0	1000.0	819999	97.58821	7.81779	106.26203	55.84151	-97.695465	0.5230702	15581.236784219742
206	947.18494	19.57583	977.10394	922.2828	955.3716	19.565351	984.98376	920.0263	1000.0	1000.0	823999	97.51648	8.04602	104.97876	56.143654	-97.63192	0.5143289	15657.86167216301
207	948.6824	11.545519	963.1043	930.83594	955.3045	12.582537	977.4108	937.71533	1000.0	1000.0	827999	97.62202	7.714394	110.0902	57.545506	-97.74039	0.52865225	15734.316076040268
208	955.1852	13.102783	967.86664	933.5392	952.51904	15.854077	969.6268	920.9698	1000.0	1000.0	831999	97.67574	7.6404767	110.64103	54.55506	-97.79008	0.49101472	15813.76576590538
209	954.2256	14.826427	978.3649	939.02344	941.5121	17.051718	959.7839	906.46204	1000.0	1000.0	835999	97.69575	7.6539793	106.81801	55.30834	-97.80519	0.503265	15889.750932216644
210	960.4902	13.72584	981.43787	944.2247	955.3908	24.078888	984.00116	910.48517	1000.0	1000.0	839999	97.73679	7.5474734	105.87091	53.872192	-97.84798	0.498189	15970.241203546524
211	925.56586	22.386755	959.41364	899.15204	948.18085	22.658607	981.206	906.32526	1000.0	1000.0	843999	97.68004	7.622871	105.100174	54.455273	-97.78358	0.479973	16046.15446805954
212	948.80206	22.400562	981.3585	921.50494	944.3963	25.540987	970.9269	892.06085	1000.0	1000.0	847999	97.65352	7.616219	106.25612	53.381256	-97.76116	0.4976816	16121.854377269745
213	954.9109	13.733936	975.4097	939.90686	931.046	44.59437	970.7455	827.1218	1000.0	1000.0	851999	97.58679	7.6827445	105.89675	52.46754	-97.69315	0.50595504	16202.493899822235
214	951.4467	35.12182	977.3546	891.1771	857.18585	45.085117	910.27997	739.0111	1000.0	1000.0	855999	97.6003	7.618262	106.81452	55.26504	-97.71217	0.50927246	16282.526284694672
215	940.1649	20.771854	962.6301	914.0184	938.6797	34.243607	983.67236	869.07806	1000.0	1000.0	859999	97.58782	7.619838	105.81019	55.520573	-97.690506	0.49787995	16358.303111314774
216	948.9786	25.605453	987.63116	918.70667	777.5174	380.0627	986.80066	17.966194	1000.0	1000.0	863999	97.46855	7.771652	109.71266	56.964806	-97.56724	0.493967	16432.94066119194
217	943.07776	26.62704	977.61505	907.8703	965.53174	16.353868	984.64417	929.26556	1000.0	1000.0	867999	97.39447	7.9508567	110.258	55.867348	-97.49335	0.52962595	16507.962448358536
218	961.0471	25.603643	990.4342	929.3789	901.8752	37.2446	947.72034	815.8953	1000.0	1000.0	871999	97.30314	7.960179	108.31636	57.2837	-97.40547	0.53650534	16593.41570329666
219	940.6273	12.486782	959.7887	928.14594	936.3548	22.566538	969.9302	890.4472	1000.0	1000.0	875999	97.32966	7.7273073	106.14166	59.351135	-97.43394	0.55740595	16670.839624404907
220	958.92444	6.487601	967.4478	950.69965	942.3166	23.330664	986.1621	903.22955	1000.0	1000.0	879999	97.32714	7.7573686	106.84606	57.607365	-97.43055	0.5430901	16748.107975006104
221	947.97736	25.336573	982.3253	913.18005	948.5443	18.68873	983.2117	925.561	1000.0	1000.0	883999	97.37772	7.7919745	110.08347	57.371403	-97.4863	0.5388462	16826.218615293503
222	958.0209	30.230402	986.36395	910.53754	974.79346	13.708683	985.3636	945.1224	1000.0	1000.0	887999	97.47277	7.5996737	104.68182	59.704185	-97.58206	0.52242607	16902.28734755516
223	963.40857	16.980242	983.1532	943.5665	954.971	15.445157	982.3565	934.564	1000.0	1000.0	891999	97.58658	7.4676614	104.92848	57.253098	-97.692924	0.4892422	16982.45301270485
224	961.34094	13.458599	975.0455	944.90137	952.95667	16.7374	968.1794	918.49854	1000.0	1000.0	895999	97.6162	7.431977	105.02173	57.66334	-97.72316	0.4727571	17059.889610767365
225	947.54333	13.838951	963.6655	927.8331	911.6473	44.260365	973.8194	830.44464	1000.0	1000.0	899999	97.65412	7.4027367	104.361404	57.048275	-97.76032	0.46750364	17135.95704317093
226	953.53296	14.895898	973.93787	931.8837	964.1652	13.565298	982.0744	939.55536	1000.0	1000.0	903999	97.61898	7.415502	113.56633	53.07141	-97.71736	0.47912553	17211.026700019836
227	907.7634	53.542503	967.34875	845.2958	937.641	46.559677	984.8719	829.5126	1000.0	1000.0	907999	97.56968	7.47069	110.668175	54.71971	-97.67386	0.46896797	17285.764330863953
228	924.85876	22.127289	955.55865	903.069	953.1372	20.656994	987.8245	921.60175	1000.0	1000.0	911999	97.62508	7.3135653	106.08201	53.1855	-97.730675	0.4735891	17362.337491750717
229	938.8179	44.53045	983.51855	887.3495	880.8825	64.131294	962.92096	736.12195	1000.0	1000.0	915999	97.6515	7.2848725	110.85751	58.709213	-97.75755	0.45926154	17441.174788236618
230	928.7271	13.27432	947.93146	911.02515	929.0082	43.07403	988.72864	835.5992	1000.0	1000.0	919999	97.67871	7.301528	105.56662	59.725613	-97.78023	0.47475347	17518.47634124756
231	952.8007	27.707592	982.94055	909.1217	961.64294	17.242922	985.548	939.1104	1000.0	1000.0	923999	97.59688	7.3589864	104.03985	59.934082	-97.69573	0.48510915	17594.257299661636
232	913.6607	32.23351	945.32996	859.7809	950.9536	21.78386	984.2846	908.0424	1000.0	1000.0	927999	97.63987	7.237626	104.21765	58.44558	-97.7368	0.46924573	17670.597054958344
233	929.2932	57.307686	982.25476	840.49115	940.25195	20.052773	980.2811	916.62177	1000.0	1000.0	931999	97.50887	7.5682282	104.00128	57.44093	-97.60155	0.5010608	17746.60158276558
234	932.7875	46.45993	972.16504	855.2351	946.395	28.27466	982.53546	878.10187	1000.0	1000.0	935999	97.49797	7.6488867	105.447495	59.66849	-97.602776	0.5405966	17822.680189847946
235	936.3377	25.932528	978.8611	908.89197	949.84784	28.139782	990.38605	893.67114	1000.0	1000.0	939999	97.57017	7.444671	104.49729	55.093582	-97.67068	0.4906521	17900.08144211769
236	936.6196	30.038689	975.46277	904.86115	950.4215	16.81299	968.19495	907.8123	1000.0	1000.0	943999	97.63398	7.3480034	105.54411	56.378998	-97.73403	0.487831	17975.581530570984
237	955.80426	10.353974	970.44324	941.3659	937.4662	19.91059	957.91705	894.7116	1000.0	1000.0	947999	97.62568	7.4150467	104.94144	57.446667	-97.72622	0.49770388	18050.827613592148
238	934.17163	43.487724	986.0486	865.40295	942.1242	28.98956	986.02356	891.2589	1000.0	1000.0	951999	97.6339	7.329955	104.19334	54.91405	-97.72819	0.48200098	18125.744525432587
239	930.08826	8.925109	941.57196	916.58496	958.99316	19.304985	986.9563	926.70575	1000.0	1000.0	955999	97.52734	7.481456	107.908325	58.74627	-97.62583	0.5383485	18204.126086950302
240	952.43005	14.135786	968.59674	932.5624	953.38074	22.900322	984.5111	910.11475	1000.0	1000.0	959999	97.61204	7.2151895	105.45957	54.996788	-97.71492	0.49537864	18281.04382133484
241	959.3445	11.881862	979.0209	948.42706	956.6655	19.471087	985.18634	916.73474	1000.0	1000.0	963999	97.66817	7.1337056	105.17473	38.816307	-97.76333	0.46994495	18357.427983045578
242	931.5923	46.62657	977.6149	855.11334	935.6803	24.467655	974.2923	900.81067	1000.0	1000.0	967999	97.56781	7.3584557	104.47455	58.461857	-97.664474	0.46826112	18434.82596540451
243	938.19025	22.705181	962.3148	907.4293	954.22235	19.397614	973.18896	902.0917	1000.0	1000.0	971999	97.64845	7.1533685	104.51792	59.186886	-97.751625	0.4725346	18512.109333992004
244	942.135	13.765835	957.652	919.8969	966.5454	12.075826	986.4296	951.0244	1000.0	1000.0	975999	97.60796	7.0620584	104.02213	57.081497	-97.69621	0.4536852	18591.789652824402
245	951.90216	17.31929	963.3216	921.9626	935.6295	21.714254	975.70844	897.1651	1000.0	1000.0	979999	97.50339	7.347925	104.02605	49.648098	-97.603836	0.48765612	18667.71992444992
246	931.498	24.80707	971.68005	905.6357	905.39954	42.82086	946.8487	787.47	1000.0	1000.0	983999	97.62362	7.25804	105.06433	56.642902	-97.7196	0.48130596	18745.094215154648
247	960.57745	20.995886	982.2884	937.86096	944.723	14.028468	966.9908	929.3514	1000.0	1000.0	987999	97.53188	7.4286323	107.01215	58.46169	-97.62391	0.4881246	18824.25538444519
248	940.6829	24.138926	965.59174	901.44525	957.7046	15.242939	975.2399	917.3968	1000.0	1000.0	991999	97.55098	7.3323374	104.22998	58.838676	-97.650215	0.48829097	18899.551153182983
249	934.8782	44.29361	974.5048	859.88226	946.1322	17.703451	975.2593	911.27655	1000.0	1000.0	995999	97.61009	7.113532	103.99689	51.526386	-97.7048	0.46851018	18976.075199842453
250	928.7854	13.159951	942.9675	908.6204	937.2645	37.588478	979.2578	874.1323	1000.0	1000.0	999999	97.52233	7.298564	105.41616	58.08971	-97.6122	0.4799923	19053.031391382217
251	932.1643	40.46183	968.6473	868.93335	911.8126	35.472473	962.1759	850.29224	1000.0	1000.0	1003999	97.56021	7.2135425	105.88577	59.699005	-97.6547	0.46377563	19132.839010715485
252	941.123	33.735413	983.88477	907.5606	953.1361	24.06174	967.5886	885.08905	1000.0	1000.0	1007999	97.726	7.078459	105.7292	57.26049	-97.8215	0.50265026	19212.744891166687
253	949.76025	5.383722	955.6028	941.89197	962.4792	16.323713	989.14307	927.39417	1000.0	1000.0	1011999	97.75741	6.9967976	105.24375	55.97487	-97.840965	0.5003298	19290.842725992203
254	957.2979	10.943691	975.388	947.08014	945.909	24.846642	978.6201	887.7464	1000.0	1000.0	1015999	97.75262	7.0012755	105.87921	60.297813	-97.83346	0.4970948	19368.403477191925
255	936.3332	23.724339	963.4409	907.5491	929.48126	36.458706	966.7846	833.9319	1000.0	1000.0	1019999	97.79355	6.8879747	104.148544	60.03299	-97.87236	0.48116407	19444.447170734406
256	936.0297	30.326778	966.87524	888.76447	925.10675	38.600307	966.72626	841.43475	1000.0	1000.0	1023999	97.87752	6.76242	104.42081	58.450043	-97.95078	0.48212916	19520.29893541336
257	945.5149	8.156463	959.61115	940.332	938.7467	22.952463	984.22314	912.63245	1000.0	1000.0	1027999	97.91473	6.724387	103.57302	55.720993	-97.99208	0.51808375	19596.45997238159
258	928.2923	31.896406	959.73804	875.4844	943.2755	24.719973	972.7788	902.38934	1000.0	1000.0	1031999	98.04674	6.607546	106.136765	56.560318	-98.12302	0.5134081	19672.031730890274
259	947.0197	13.921929	971.004	936.8489	965.8468	17.102486	983.3102	929.4426	1000.0	1000.0	1035999	98.18375	6.282075	104.51332	54.886696	-98.25339	0.48964238	19746.779601097107
260	964.6781	13.528656	985.85956	949.05414	938.8084	27.908575	984.3476	873.5417	1000.0	1000.0	1039999	98.24764	6.1388474	104.61953	57.72188	-98.3107	0.45327958	19825.121763944626
261	926.8418	70.64634	986.505	812.3515	958.7079	19.846132	980.714	917.76	1000.0	1000.0	1043999	98.22274	6.1796546	104.72318	57.81137	-98.276566	0.47314867	19904.303324699402
262	957.6289	9.377034	969.85956	944.88544	939.1754	23.300465	987.2144	894.03345	1000.0	1000.0	1047999	98.24434	6.3041244	103.6075	56.510548	-98.304955	0.4795833	19981.845593452454
263	937.71985	19.688951	964.1178	910.4155	961.03796	16.286701	982.8157	923.0759	1000.0	1000.0	1051999	98.28624	6.1381283	103.63277	51.133316	-98.341225	0.49311498	20059.29504299164
264	950.68835	22.631084	982.7357	925.9957	958.72034	20.253386	978.629	907.34607	1000.0	1000.0	1055999	98.39722	5.886312	104.256256	54.73387	-98.455795	0.47669113	20136.3234231472
265	955.7999	18.90131	981.2072	929.68146	952.1712	20.450932	982.8789	909.6138	1000.0	1000.0	1059999	98.48359	5.7267365	105.94278	55.17922	-98.53545	0.4633824	20213.228199720383
266	889.4161	130.7403	971.7278	663.11487	941.8605	27.414177	980.67535	891.14874	1000.0	1000.0	1063999	98.58245	5.526124	103.94048	55.854744	-98.632126	0.43862855	20292.316890716553
267	941.75305	40.077732	969.3809	872.51263	964.86707	17.433277	987.81116	938.2076	1000.0	1000.0	1067999	98.64894	5.4019613	104.44075	58.504124	-98.692184	0.44455504	20369.461371183395
268	956.4298	21.437542	984.15375	924.14575	935.99805	20.147024	972.59247	907.60034	1000.0	1000.0	1071999	98.67193	5.4508185	103.44576	58.18261	-98.715385	0.4431837	20452.932178258896
269	941.9796	28.070055	968.4996	895.41394	958.2428	15.685011	988.41864	937.3992	1000.0	1000.0	1075999	98.78315	5.241194	104.27568	58.235336	-98.827065	0.43637574	20528.86015868187
270	944.84796	19.543056	960.8791	912.1506	955.8439	23.63355	987.71954	908.10583	1000.0	1000.0	1079999	98.87119	5.039837	103.63782	57.95301	-98.91299	0.3911308	20604.676725625992
271	949.4089	37.268723	989.1894	890.0738	939.75305	37.580597	987.7917	870.672	1000.0	1000.0	1083999	98.89381	5.025973	103.18625	57.39221	-98.93156	0.35934877	20680.458684682846
272	935.41846	33.618263	969.13245	886.1003	963.2941	18.319164	986.6147	936.89905	1000.0	1000.0	1087999	98.85226	5.178857	104.26197	56.44465	-98.888756	0.3612442	20757.55788230896
273	954.0137	28.25991	976.1535	905.4765	967.07196	21.551178	988.7208	919.8603	1000.0	1000.0	1091999	98.94543	4.9889545	104.64551	55.629883	-98.98576	0.37028277	20834.461760520935
274	973.80176	7.0968385	984.01587	965.1132	949.01843	15.666098	973.8097	913.9534	1000.0	1000.0	1095999	98.98405	4.8779593	103.10029	57.409042	-99.01747	0.35894018	20911.150720119476
275	934.93024	36.50351	977.9349	888.73627	939.84845	26.25931	976.4722	884.1546	1000.0	1000.0	1099999	99.01636	4.720405	103.294525	57.89325	-99.0543	0.34651154	20987.723953723907
276	952.96387	23.313732	980.7838	924.7454	953.95654	46.17933	990.2357	830.75085	1000.0	1000.0	1103999	99.06113	4.670042	103.77776	49.23642	-99.09548	0.33460948	21064.128492355347
277	940.4834	40.68673	983.1699	876.9096	958.763	12.102292	984.0773	941.6473	1000.0	1000.0	1107999	99.1178	4.660901	103.400185	55.85799	-99.1537	0.3152292	21140.697642087936
278	948.0844	9.160776	962.3289	939.4973	906.71716	36.719257	952.4321	833.3769	1000.0	1000.0	1111999	99.19416	4.602818	103.17749	57.355755	-99.22942	0.30357617	21217.181890964508
279	942.6395	28.94836	987.1678	912.4615	952.6416	36.919353	987.0091	862.9651	1000.0	1000.0	1115999	99.23971	4.4228406	103.60912	58.664337	-99.27289	0.29540336	21293.790855884552
280	966.98663	7.171234	979.0345	961.21216	969.2121	10.399766	983.0891	949.0913	1000.0	1000.0	1119999	99.26287	4.4527903	104.320694	55.653618	-99.29876	0.30782202	21371.58692264557
281	947.92004	11.801124	959.3708	928.2938	948.5957	32.212307	988.17865	890.1044	1000.0	1000.0	1123999	99.32224	4.4596686	103.5449	52.28986	-99.35963	0.30644628	21447.16721224785
282	958.5561	16.016926	984.7021	941.6321	933.1244	25.031775	965.19226	879.2351	1000.0	1000.0	1127999	99.38072	4.3679724	103.48082	57.994476	-99.417595	0.30035806	21522.749121189117
283	953.0311	3.4484856	955.40283	947.1173	831.49414	240.70866	961.4951	115.25477	1000.0	1000.0	1131999	99.40417	4.3262453	103.677284	52.050476	-99.43862	0.28852037	21599.601040124893
284	923.37244	37.527256	962.94275	866.09705	951.80334	14.175736	978.1002	927.2676	1000.0	1000.0	1135999	99.3909	4.372926	102.95949	54.704998	-99.4227	0.26611948	21677.304189920425
285	966.4826	15.527562	977.4817	939.88025	943.126	20.593458	968.8014	897.50385	1000.0	1000.0	1139999	99.37332	4.4025054	103.379555	57.06104	-99.406235	0.28221115	21754.299447774887
286	961.3682	5.345197	967.16425	955.7813	943.13885	21.462036	973.4078	903.6037	1000.0	1000.0	1143999	99.33797	4.3546762	103.37849	53.887676	-99.367874	0.28672498	21831.197083473206
287	951.74304	9.816394	964.6531	937.063	953.4004	24.29132	982.8031	904.2197	1000.0	1000.0	1147999	99.35452	4.1987853	103.889084	58.06621	-99.386345	0.28730273	21910.601011753082
288	950.3822	7.060406	957.8246	940.894	914.8991	46.13191	980.4618	840.2702	1000.0	1000.0	1151999	99.33019	4.28618	105.39698	59.27976	-99.36091	0.26956415	21987.78231525421
289	966.07025	15.745116	985.6867	944.6881	948.779	21.365803	988.3909	916.463	1000.0	1000.0	1155999	99.2903	4.3554964	104.03444	59.95863	-99.31979	0.28945708	22066.408648729324
290	942.3558	10.790737	955.2741	930.36566	921.4424	38.45202	977.07623	851.1968	1000.0	1000.0	1159999	99.26582	4.309256	103.52908	56.863297	-99.29462	0.28506586	22146.107018232346
291	938.21875	24.107973	979.07886	916.49866	962.567	18.553759	988.1638	931.7412	1000.0	1000.0	1163999	99.26518	4.137036	103.26366	58.430637	-99.29274	0.25981173	22223.513137102127
292	953.5839	27.56784	984.17914	921.6992	946.4552	14.142381	964.18854	913.61255	1000.0	1000.0	1167999	99.28775	4.1203485	104.35705	59.0624	-99.31697	0.24825284	22303.910343170166
293	931.84314	35.027878	967.3453	875.2521	951.48047	21.955992	986.5503	913.2919	1000.0	1000.0	1171999	99.31966	4.044279	104.05293	59.638523	-99.34679	0.23706369	22379.944883584976
294	935.3075	26.000166	975.48846	903.4836	948.6006	39.65786	985.60675	852.6517	1000.0	1000.0	1175999	99.32588	4.048462	103.37758	60.20705	-99.35626	0.23930918	22456.07674074173
295	918.61017	38.225525	959.23395	857.4792	947.0365	40.757725	981.1231	864.1851	1000.0	1000.0	1179999	99.30212	4.146354	103.20278	60.457886	-99.32911	0.2496402	22533.740881204605
296	957.8122	31.644688	984.65985	903.9631	958.0864	12.333064	979.83344	928.0742	1000.0	1000.0	1183999	99.309	4.057051	103.78878	61.143837	-99.339676	0.24784066	22611.431914806366
297	953.6761	6.137258	960.46484	943.7512	958.6799	18.600313	988.84955	933.0402	1000.0	1000.0	1187999	99.31571	3.9993618	102.965454	63.413857	-99.34235	0.23888421	22689.85585975647
298	977.5259	12.00913	987.9866	957.90967	946.8773	19.09251	980.2174	918.2331	1000.0	1000.0	1191999	99.31918	3.9966857	104.41436	61.688255	-99.34736	0.22671148	22768.350745677948
299	957.64606	37.074425	986.6961	894.88293	955.06604	19.886364	986.4948	928.5098	1000.0	1000.0	1195999	99.32889	4.0323367	105.68035	60.514236	-99.355316	0.23676562	22845.747428655624
300	963.06714	23.512253	987.3129	929.0223	965.6828	17.342506	986.9056	939.9064	1000.0	1000.0	1199999	99.32869	4.109058	103.46542	58.466927	-99.35526	0.23651846	22923.254853248596
301	958.1966	11.816022	974.4146	941.9123	949.2706	26.776064	975.25055	880.45984	1000.0	1000.0	1203999	99.31467	4.191743	103.21353	60.696495	-99.34286	0.25511864	23000.3948097229
302	956.9929	10.91625	967.23	938.6645	957.63654	33.542892	988.3586	867.9902	1000.0	1000.0	1207999	99.3381	4.165867	103.73986	62.402264	-99.36702	0.263648	23077.593887090683
303	927.097	37.889603	968.0283	887.2244	914.6296	38.018414	960.8414	859.9655	1000.0	1000.0	1211999	99.38587	4.04258	103.1621	61.669235	-99.41668	0.24899307	23154.90143418312
304	950.86	35.65412	979.82526	891.0059	972.78613	10.305491	987.92725	948.92285	1000.0	1000.0	1215999	99.3944	4.0152464	103.59969	61.267956	-99.42308	0.25109017	23233.259499549866
305	961.1541	12.1443815	972.75305	943.27893	965.0493	16.740967	984.08734	933.29694	1000.0	1000.0	1219999	99.37173	4.0234327	108.26878	61.830414	-99.39705	0.24638702	23309.78317952156
306	956.00354	20.490746	983.8083	933.6737	968.0197	27.03034	989.74866	909.08484	1000.0	1000.0	1223999	99.29103	4.1481934	106.52517	57.177505	-99.31495	0.24541736	23386.584686279297
307	967.55115	7.9093847	975.9984	958.55054	965.51746	18.444122	983.21967	915.82495	1000.0	1000.0	1227999	99.2887	4.1161494	103.1858	57.527905	-99.31442	0.24617338	23464.39760518074
308	959.65875	20.033407	985.6635	929.9654	955.1875	26.450981	989.5955	886.4754	1000.0	1000.0	1231999	99.25814	4.091219	116.20819	58.891235	-99.281685	0.25851148	23546.95569038391
309	947.1218	8.459487	957.6632	934.1613	962.9689	17.582047	985.7809	933.9396	1000.0	1000.0	1235999	99.19485	4.158394	104.75739	59.14241	-99.21611	0.25500748	23633.30514907837
310	949.3913	19.14536	964.4167	917.2268	927.9303	34.77884	978.7907	874.8637	1000.0	1000.0	1239999	99.15303	4.1955075	103.478836	58.53868	-99.17507	0.2539148	23713.793056488037
311	856.8778	32.28001	892.75244	804.71265	959.76135	18.761126	987.12805	917.87036	1000.0	1000.0	1243999	99.11211	4.229617	103.02327	57.497395	-99.13387	0.26597178	23791.793716192245
312	977.0305	5.998059	986.4966	971.31683	944.69403	27.191877	986.89044	900.0132	1000.0	1000.0	1247999	99.1267	4.147724	104.28091	58.98324	-99.153564	0.2686074	23869.458006620407
313	953.7156	14.180758	973.575	939.1962	960.46747	22.625347	986.743	911.31726	1000.0	1000.0	1251999	99.11663	4.1682763	104.04047	56.322422	-99.14264	0.27358234	23948.073751688004
314	981.1966	5.3782	989.49896	974.4866	970.0321	11.91892	988.4537	942.0339	1000.0	1000.0	1255999	99.13168	4.137623	103.73553	57.143406	-99.15734	0.26586142	24025.931354999542
315	962.1953	6.088542	970.47034	953.8296	968.4496	16.95609	988.09015	939.4176	1000.0	1000.0	1259999	99.20046	4.110658	105.03409	59.287228	-99.23267	0.2640275	24103.837161779404
316	930.7422	29.66246	964.4437	883.1706	960.88513	12.39874	985.68445	940.15717	1000.0	1000.0	1263999	99.30819	3.9959176	103.64028	60.095634	-99.335075	0.23644248	24180.833081245422
317	912.4563	16.704323	933.7065	888.68384	857.1918	54.915615	962.7571	746.5674	1000.0	1000.0	1267999	99.2865	3.9938896	103.74597	61.382313	-99.31258	0.22990517	24258.55773997307
318	899.21906	109.86427	984.0911	711.00165	962.2697	20.680511	992.2014	917.6349	1000.0	1000.0	1271999	99.22668	4.10329	102.865036	59.566113	-99.25068	0.23812342	24335.990389347076
319	911.702	53.815636	970.74664	832.8911	970.3649	17.446188	992.18976	934.7567	1000.0	1000.0	1275999	99.20933	4.2433133	103.41188	58.588665	-99.236275	0.24797495	24413.781417369843
320	902.8912	60.17878	968.98834	806.0624	945.32715	40.69818	986.6155	872.23505	1000.0	1000.0	1279999	99.18198	4.313111	105.14128	56.741226	-99.20598	0.2794223	24493.42271924019
321	931.18286	17.93668	957.1103	911.1568	935.5765	45.5865	987.28754	831.01807	1000.0	1000.0	1283999	99.16964	4.283384	105.648994	55.707703	-99.19431	0.28188658	24570.97873735428
322	917.2688	30.62005	948.0259	876.96295	963.6166	12.565413	983.8057	940.756	1000.0	1000.0	1287999	99.14894	4.2364516	103.20353	52.32778	-99.17271	0.27627173	24649.86998152733
323	924.4597	30.623344	973.2846	894.4647	953.7501	39.172283	988.7069	848.6772	1000.0	1000.0	1291999	99.05449	4.211838	102.88815	56.17377	-99.072624	0.2676029	24727.190089464188
324	966.93005	12.935866	986.747	951.8944	961.6354	21.925734	990.297	913.1556	1000.0	1000.0	1295999	99.04268	4.2427683	103.114944	57.91001	-99.06915	0.2622702	24804.52125954628
325	957.9011	11.881277	969.19885	938.20703	967.0433	16.742363	986.77325	922.6499	1000.0	1000.0	1299999	99.05822	4.3632636	103.00331	58.264973	-99.08201	0.28442302	24882.308161735535
326	897.07697	59.281353	956.86743	828.4542	960.2523	26.423346	990.0485	899.31085	1000.0	1000.0	1303999	99.04922	4.4691987	103.414505	53.290306	-99.07267	0.29453763	24959.569442033768
327	930.2435	33.69347	968.96045	893.4412	962.06836	20.271492	988.8638	919.8178	1000.0	1000.0	1307999	99.07101	4.5117416	103.57145	48.421394	-99.098434	0.3117661	25041.83037519455
328	909.12616	44.25071	981.6602	864.7303	891.9414	75.97438	977.4713	692.23804	1000.0	1000.0	1311999	99.12716	4.414245	105.46403	52.508446	-99.15427	0.28217772	25120.583042383194
329	960.9187	37.696133	989.9667	897.03296	970.21027	10.423031	986.3165	953.7734	1000.0	1000.0	1315999	99.14548	4.3925247	103.52109	54.726654	-99.170975	0.27484953	25198.413945436478
330	962.8014	17.136751	988.8225	941.17035	952.46375	25.977842	979.7201	899.7871	1000.0	1000.0	1319999	99.14706	4.396428	105.23483	49.167202	-99.172356	0.28130183	25274.56468462944
331	938.1601	37.14321	985.4322	882.2874	954.19763	22.34328	977.1936	910.3018	1000.0	1000.0	1323999	99.14841	4.414549	103.930695	52.76671	-99.17356	0.28762898	25353.104949474335
332	933.949	41.741947	976.8031	879.956	956.0498	25.964993	988.6899	901.315	1000.0	1000.0	1327999	99.19359	4.4570336	106.043236	55.08437	-99.219345	0.28620887	25431.898977041245
333	970.6798	15.74219	992.3991	949.2441	957.0695	13.471084	972.0316	928.95123	1000.0	1000.0	1331999	99.22451	4.3390436	103.099686	53.75712	-99.25322	0.27937078	25510.453046798706
334	894.38464	62.59118	958.7874	791.5895	953.7205	31.27834	988.83215	884.3544	1000.0	1000.0	1335999	99.26067	4.3309216	103.1248	53.854763	-99.28873	0.2849768	25587.94590163231
335	915.19604	47.292744	969.2752	847.79297	926.0251	34.993233	970.4737	845.77454	1000.0	1000.0	1339999	99.25625	4.4310155	103.97287	45.266808	-99.28053	0.29570642	25665.542870998383
336	959.78705	18.937447	985.4225	934.2515	947.1063	20.76478	974.56116	910.0399	1000.0	1000.0	1343999	99.21277	4.451638	103.63639	51.88858	-99.23761	0.29859108	25743.42886018753
337	969.64307	13.03716	991.8455	959.279	939.2875	40.587574	984.43274	857.3615	1000.0	1000.0	1347999	99.21981	4.4679027	103.83018	58.18957	-99.24234	0.3160036	25822.034038305283
338	920.68835	78.96564	968.1428	783.955	952.0169	25.585232	989.75366	918.99634	1000.0	1000.0	1351999	99.095	4.6061063	104.19282	42.25107	-99.11778	0.3311804	25899.86306285858
339	951.8519	22.203568	977.4014	923.8841	969.839	21.119314	987.38306	911.439	1000.0	1000.0	1355999	99.09548	4.7464547	104.13275	49.83283	-99.119804	0.34722385	25978.38061761856
340	968.89746	21.123043	987.30133	934.7234	960.61786	28.568083	988.3648	890.6392	1000.0	1000.0	1359999	99.10364	4.7010536	103.331314	51.38166	-99.12939	0.32509464	26056.32301568985
341	942.4907	26.14442	986.6566	919.60144	973.0752	10.858169	989.77966	950.8062	1000.0	1000.0	1363999	99.15465	4.7201033	104.250496	48.616608	-99.18219	0.33009458	26135.44685101509
342	927.32086	33.32889	951.79535	870.19855	950.8439	17.16942	981.6476	926.5296	1000.0	1000.0	1367999	99.16896	4.702817	104.289276	51.35495	-99.19156	0.32579735	26212.676425457
343	953.8895	17.485828	980.0898	933.2802	966.48645	13.580097	984.2078	948.04926	1000.0	1000.0	1371999	99.16257	4.6277943	106.83905	54.73967	-99.19044	0.3216223	26292.906623125076
344	956.24536	23.72301	984.4259	922.67694	949.93945	30.662119	981.49835	889.0214	1000.0	1000.0	1375999	99.21903	4.4942603	104.42858	54.36956	-99.24683	0.32461274	26372.372892141342
345	953.56714	10.252799	965.63153	939.16327	907.65106	60.396908	973.49786	800.05597	1000.0	1000.0	1379999	99.25465	4.413207	103.445915	53.668064	-99.2813	0.28668952	26450.595395088196
346	925.98645	22.373152	958.3855	903.77405	923.6294	37.81302	966.96924	854.93225	1000.0	1000.0	1383999	99.2696	4.588535	103.51421	55.742397	-99.29767	0.3087948	26529.33517575264
347	963.29443	12.9713125	982.6304	948.0257	927.50714	44.3493	983.96063	848.329	1000.0	1000.0	1387999	99.28459	4.6399345	104.86752	51.228817	-99.308914	0.31258258	26607.24487566948
348	940.28284	46.403343	980.4688	864.1874	948.81415	38.065475	988.101	845.5957	1000.0	1000.0	1391999	99.28647	4.649359	103.297874	48.20049	-99.31323	0.3171869	26687.655408143997
349	941.10803	15.001298	956.3816	916.2008	967.3419	13.773402	989.1102	948.45325	1000.0	1000.0	1395999	99.31185	4.6818867	104.332726	53.4285	-99.33917	0.32716644	26765.43404698372
350	954.1025	29.91998	986.2985	906.21716	932.82294	40.751404	993.4744	872.4229	1000.0	1000.0	1399999	99.39522	4.66586	103.84115	49.13732	-99.425095	0.31314656	26843.200973272324
351	911.63983	38.854202	954.6274	852.4638	913.5846	28.531462	950.3451	857.4036	1000.0	1000.0	1403999	99.40867	4.7943163	104.88918	53.87114	-99.43455	0.32090253	26920.90629839897
352	920.96106	39.54099	984.8382	887.29395	949.47766	27.803331	982.01196	905.66064	1000.0	1000.0	1407999	99.44664	4.8089633	104.997406	45.138027	-99.47514	0.34136882	27005.904288053513
353	974.7115	8.220775	987.5192	966.867	944.89636	41.03131	985.6332	830.9836	1000.0	1000.0	1411999	99.47088	4.7137227	104.847534	54.18901	-99.498024	0.3172114	27084.310510635376
354	964.7403	17.691807	990.2425	944.04224	964.59686	26.487473	990.2589	894.491	1000.0	1000.0	1415999	99.43768	4.728481	104.57864	55.752636	-99.463036	0.3281172	27161.14227581024
355	937.74744	38.976746	985.44324	887.05615	942.8052	19.971813	979.44525	909.1262	1000.0	1000.0	1419999	99.42018	4.7544284	103.20962	54.724255	-99.44553	0.3110215	27238.466930627823
356	956.8413	15.815704	979.27423	936.4764	958.0832	26.578003	987.0726	904.57404	1000.0	1000.0	1423999	99.42528	4.6986537	105.56714	53.32174	-99.44877	0.31427613	27315.667319774628
357	943.5973	43.920353	986.54315	870.2525	908.15546	59.589497	970.8669	756.0507	1000.0	1000.0	1427999	99.42234	4.5666394	104.36963	53.178055	-99.44967	0.29780832	27393.891870498657
358	898.1646	8.902117	909.2477	886.8863	953.4603	24.84334	989.45966	905.44073	1000.0	1000.0	1431999	99.35545	4.5193768	106.184235	54.818203	-99.37509	0.3277376	27471.95759320259
359	900.2475	49.40265	967.5896	830.57294	890.95667	52.095898	964.7826	807.8681	1000.0	1000.0	1435999	99.25887	4.67642	103.26321	49.50289	-99.27823	0.32497767	27554.320395231247
360	950.5611	19.914959	984.872	936.8726	956.83057	21.280851	984.297	906.4543	1000.0	1000.0	1439999	99.16837	4.7908554	105.34018	52.384075	-99.19198	0.34998402	27632.198692560196
361	956.93097	20.416605	982.5985	926.3366	958.3577	24.861013	988.6075	904.9326	1000.0	1000.0	1443999	99.20878	4.5267086	106.335976	54.612396	-99.23533	0.3114334	27709.856625318527
362	954.6221	11.3172655	971.1097	939.705	950.5791	25.661022	989.5338	904.13904	1000.0	1000.0	1447999	99.19952	4.4778914	105.04569	53.59769	-99.22304	0.29176027	27788.638293266296
363	913.88745	41.5921	962.205	856.15326	951.65564	35.25053	983.0078	859.65924	1000.0	1000.0	1451999	99.17864	4.5267143	104.482895	52.945126	-99.20715	0.2838605	27867.158084392548
364	930.8451	21.862808	956.77905	903.9641	929.77136	37.373375	988.3159	852.4976	1000.0	1000.0	1455999	99.24174	4.65429	103.29134	57.90781	-99.26813	0.29399619	27945.055400133133
365	891.64124	66.51053	955.5758	788.8718	960.78644	17.852568	982.4628	930.5984	1000.0	1000.0	1459999	99.29258	4.689208	103.98046	53.04336	-99.32292	0.29816326	28023.829292297363
366	909.98486	57.000267	975.55316	825.47845	896.23645	33.285076	946.5385	843.92426	1000.0	1000.0	1463999	99.37071	4.70971	103.562904	55.23755	-99.39726	0.2981067	28104.331977128983
367	912.12164	48.810604	989.7911	862.7734	947.7923	23.576258	989.58484	906.2491	1000.0	1000.0	1467999	99.36822	4.6808395	104.49147	52.8434	-99.397125	0.29800898	28180.11683702469
368	958.62415	15.467435	983.55255	941.45135	943.3214	27.609137	969.3798	889.64026	1000.0	1000.0	1471999	99.42225	4.5263224	103.13602	54.35846	-99.45078	0.29678693	28257.3311419487
369	940.8504	33.69671	979.20123	891.739	962.55896	20.421616	992.0311	920.8584	1000.0	1000.0	1475999	99.39578	4.5590773	103.66277	54.727573	-99.422455	0.30339307	28335.54762029648
370	950.566	24.159637	984.27893	916.2031	950.8011	15.37562	971.2238	928.078	1000.0	1000.0	1479999	99.35839	4.612759	104.26035	55.990105	-99.38578	0.3062133	28415.81677532196
371	939.27563	30.370703	960.01654	886.91815	962.388	13.735247	985.66235	933.5017	1000.0	1000.0	1483999	99.35426	4.51576	104.197914	50.10741	-99.37982	0.29012462	28493.439261436462
372	956.3826	25.419315	984.0801	914.8948	962.02765	14.557325	980.8599	927.34235	1000.0	1000.0	1487999	99.29163	4.5373235	103.13044	58.587944	-99.31664	0.27371418	28571.21600842476
373	950.03345	22.102621	968.9878	912.7915	956.96063	23.396769	987.9367	922.6636	1000.0	1000.0	1491999	99.26897	4.578857	103.871376	53.59361	-99.29436	0.27018836	28648.962265968323
374	890.61957	52.012978	955.04193	813.7383	898.277	42.29286	956.0644	830.98944	1000.0	1000.0	1495999	99.30184	4.602223	104.34672	53.888477	-99.331436	0.3104081	28726.30788564682
375	939.0834	19.98433	969.2937	913.4494	958.7025	22.145006	984.42566	904.7328	1000.0	1000.0	1499999	99.3124	4.550861	105.653114	48.774002	-99.34216	0.306879	28803.780885219574
376	976.40906	8.953706	985.87683	964.4491	959.24725	21.313345	989.6349	930.5978	1000.0	1000.0	1503999	99.32113	4.5247235	106.16535	42.415176	-99.34881	0.3110326	28880.9710149765
377	969.9586	13.778421	979.8757	946.45953	954.4338	22.380945	989.2241	918.9208	1000.0	1000.0	1507999	99.33998	4.400232	104.58504	54.939785	-99.36939	0.28736004	28963.552959918976
378	960.5826	41.45237	992.2706	889.5507	965.92834	26.718098	985.81573	902.64026	1000.0	1000.0	1511999	99.36453	4.3714056	104.37149	56.975456	-99.39565	0.2745105	29040.392051935196
379	952.84045	12.837697	970.12396	939.7399	899.1418	63.87365	963.1617	768.2412	1000.0	1000.0	1515999	99.38887	4.3017	105.39192	56.202045	-99.41685	0.2805541	29117.08885383606
380	939.43866	22.583054	970.015	906.2831	927.7988	35.857605	970.50824	855.99963	1000.0	1000.0	1519999	99.3328	4.305386	103.449715	46.619553	-99.35799	0.28136975	29194.85529232025
381	933.34344	36.56766	970.87225	872.7313	953.0453	20.692764	983.5522	909.64075	1000.0	1000.0	1523999	99.26377	4.366301	103.64994	47.179443	-99.28902	0.27215746	29273.04913020134
382	939.4594	33.566303	982.7701	892.7876	953.26843	30.75334	991.4231	878.36395	1000.0	1000.0	1527999	99.21445	4.4708023	103.720764	52.06328	-99.24002	0.274969	29352.444637060165
383	961.7385	10.744122	973.7804	946.316	955.4584	25.79791	981.5708	887.0289	1000.0	1000.0	1531999	99.19815	4.4235153	104.94829	55.864258	-99.221375	0.28342795	29429.688372612
384	969.0221	4.492747	972.2889	961.3884	955.9631	32.45913	987.7611	868.7371	1000.0	1000.0	1535999	99.18778	4.3876257	107.135864	52.76058	-99.218796	0.2788658	29507.014962673187
385	960.6532	23.588293	985.64716	926.38727	963.6473	13.71116	984.4787	939.29376	1000.0	1000.0	1539999	99.245	4.369505	104.688	59.208794	-99.27386	0.27258715	29584.428080558777
386	958.4221	11.291864	973.18945	944.7435	967.1553	13.8242235	986.2909	943.08105	1000.0	1000.0	1543999	99.29357	4.3236475	104.00285	58.684334	-99.322205	0.25949556	29667.76525425911
387	964.8457	19.12683	984.427	935.46313	953.27264	20.439106	968.9039	894.2456	1000.0	1000.0	1547999	99.33023	4.252814	102.965485	61.700287	-99.358345	0.26039326	29749.816217660904
388	938.2429	25.150093	967.3989	903.1299	886.4077	50.263206	950.05005	821.7665	1000.0	1000.0	1551999	99.30969	4.1742296	103.593445	60.5159	-99.335045	0.25186428	29827.345142126083
389	935.6809	50.463768	986.22064	875.61395	942.65497	35.53576	986.52136	876.33923	1000.0	1000.0	1555999	99.25922	4.2422404	104.39917	56.578922	-99.28329	0.24988462	29904.71619796753
390	937.353	7.9718237	950.9546	930.9738	942.05505	24.499748	972.84814	879.7414	1000.0	1000.0	1559999	99.22163	4.3941073	103.201454	61.361008	-99.24542	0.24793963	29981.482315540314
391	909.21313	45.219204	957.5345	835.1472	941.1291	38.387974	975.41144	834.1849	1000.0	1000.0	1563999	99.16496	4.5372148	103.893776	60.485	-99.18944	0.25614294	30058.71350312233
392	950.7831	24.23171	971.79645	909.5324	959.6961	49.311417	988.58044	814.9675	1000.0	1000.0	1567999	99.03365	4.911548	103.45126	58.238834	-99.05476	0.28295532	30138.62923169136
393	977.1636	10.0409	984.1145	959.89624	964.21716	14.686207	990.8662	945.5697	1000.0	1000.0	1571999	99.0007	5.0216384	105.52536	56.804665	-99.02459	0.32192758	30217.663689374924
394	962.29504	7.6130147	975.3501	956.2052	962.6287	15.312135	984.15094	931.6788	1000.0	1000.0	1575999	98.98205	5.0400457	104.08371	56.780632	-99.007484	0.33373237	30297.612861394882
395	947.67725	17.347763	966.51495	926.1896	944.9512	16.114567	971.9136	925.21875	1000.0	1000.0	1579999	99.05348	4.7884445	108.36627	56.50213	-99.08248	0.38022187	30377.482813596725
396	955.0104	10.691177	965.77277	939.75256	965.4471	24.979433	993.0812	914.7121	1000.0	1000.0	1583999	99.10272	4.7463074	109.936584	58.76841	-99.128105	0.32554597	30455.82836318016
397	941.3327	21.582777	970.3425	913.83545	964.1896	14.164215	991.64545	948.62006	1000.0	1000.0	1587999	99.10519	4.751099	107.96843	58.302536	-99.131836	0.34183636	30534.5871386528
398	964.5193	16.04756	985.5262	941.24304	966.83484	15.995994	992.59436	935.2924	1000.0	1000.0	1591999	99.17895	4.69194	107.49423	59.48697	-99.20993	0.33855346	30612.396458625793
399	945.78107	28.334185	981.2009	904.6743	966.9584	27.072742	989.1909	895.1454	1000.0	1000.0	1595999	99.22122	4.653319	107.09273	51.0897	-99.245766	0.32075068	30689.81757426262
400	964.5141	11.603836	980.0794	948.91437	967.22034	12.300549	990.65094	951.4554	1000.0	1000.0	1599999	99.2304	4.606965	104.800705	54.161587	-99.25964	0.2951123	30767.58087015152
401	955.34546	16.805414	968.76605	927.3007	961.76483	18.196943	989.8853	933.8253	1000.0	1000.0	1603999	99.25743	4.663818	105.01419	59.269493	-99.28643	0.29143378	30844.93349123001
402	957.2136	32.60953	983.3822	902.70056	970.78357	12.382961	988.053	949.8225	1000.0	1000.0	1607999	99.24468	4.751385	104.55213	55.870518	-99.27118	0.29573157	30927.63156580925
403	971.21686	8.199142	984.19855	964.00006	929.65027	34.903107	983.1512	870.34955	1000.0	1000.0	1611999	99.21704	4.787778	103.73079	57.02858	-99.23856	0.30956995	31004.710569381714
404	951.26294	33.926853	985.98694	911.5197	956.4437	23.81325	990.4493	913.4101	1000.0	1000.0	1615999	99.12375	4.914059	104.51374	52.29718	-99.14622	0.33734137	31083.95091342926
405	950.0502	33.750504	988.32086	897.11993	965.04425	22.268412	990.49335	922.279	1000.0	1000.0	1619999	99.11433	4.7345514	103.994415	56.259163	-99.13749	0.31570846	31162.19211935997
406	939.03406	12.302575	954.45496	920.0742	965.6354	12.811189	983.59045	948.9922	1000.0	1000.0	1623999	99.08587	4.6756687	103.25949	56.568695	-99.11151	0.29708844	31240.66708087921
407	959.4337	17.012218	984.9837	940.973	939.4797	33.018642	979.40576	878.3668	1000.0	1000.0	1627999	99.08849	4.6644588	102.773346	55.471657	-99.112404	0.2948042	31319.400134563446
408	959.55066	21.463682	984.58435	932.1318	934.4813	39.886425	987.1155	864.44946	1000.0	1000.0	1631999	99.06457	4.636778	105.08907	54.497116	-99.08868	0.30497018	31401.67014837265
409	947.8698	12.796339	957.9835	926.40936	924.0679	36.546574	970.44977	839.7319	1000.0	1000.0	1635999	99.02909	4.7971306	104.61883	54.9945	-99.05148	0.29331464	31482.239461421967
410	924.32904	45.57256	965.9035	849.5914	937.67255	31.008095	979.22076	880.9082	1000.0	1000.0	1639999	99.02799	4.8129883	104.86157	55.155617	-99.0525	0.32979444	31560.281163215637
411	902.29663	47.365974	959.1413	844.06775	932.5742	43.147305	985.3457	815.9225	1000.0	1000.0	1643999	99.07069	4.6054945	104.26251	50.05479	-99.09852	0.33615598	31639.008605003357
412	948.4389	11.366327	961.757	932.0433	938.6826	42.664417	987.9787	861.5483	1000.0	1000.0	1647999	99.12031	4.508806	104.67003	55.019432	-99.14493	0.30782935	31716.672376155853
413	962.8904	13.267092	985.234	951.398	960.96375	13.474786	981.17426	930.15955	1000.0	1000.0	1651999	99.06791	4.8429055	108.31979	54.100574	-99.08949	0.29365185	31794.222526311874
414	930.85406	38.23252	973.5553	869.0805	938.97266	32.843945	986.523	870.1163	1000.0	1000.0	1655999	98.95148	5.1293674	105.629715	52.93753	-98.967384	0.32673973	31874.65259194374
415	922.7218	13.431889	938.3075	908.60736	957.7877	18.871922	984.827	929.1863	1000.0	1000.0	1659999	98.94374	5.0525007	106.54802	50.943462	-98.96821	0.39428356	31951.26691031456
416	969.21954	10.045102	979.92883	955.5962	949.78107	25.643692	983.67737	900.8353	1000.0	1000.0	1663999	99.00654	4.628004	105.08376	53.497902	-99.03569	0.3827461	32028.09887099266
417	950.7045	15.907935	973.6822	932.1106	958.3195	13.791757	984.13635	926.65857	1000.0	1000.0	1667999	99.08344	4.4162297	104.659454	58.985863	-99.11219	0.3263443	32105.55703663826
418	957.40594	24.984343	979.65424	915.1226	950.47577	33.866714	985.2074	867.6902	1000.0	1000.0	1671999	99.1071	4.529679	107.08121	54.258255	-99.13489	0.31911272	32183.85905480385
419	905.13367	86.07053	972.7626	760.5358	964.26434	9.898085	987.00653	947.0261	1000.0	1000.0	1675999	99.11382	4.5151267	103.977715	56.71413	-99.13791	0.31541938	32262.903858184814
420	940.1345	35.50319	963.1651	878.73004	962.3504	17.769585	987.4388	927.9415	1000.0	1000.0	1679999	99.12902	4.423857	105.607185	57.173546	-99.1544	0.29451752	32340.762397050858
421	966.551	16.523888	984.65686	939.68555	963.897	12.877302	990.0958	942.90576	1000.0	1000.0	1683999	99.12777	4.383051	105.51949	54.378963	-99.15333	0.30347067	32420.750575065613
422	946.23914	33.70468	979.7146	890.37494	960.27185	18.20346	985.5718	932.2771	1000.0	1000.0	1687999	99.11434	4.509427	104.14177	55.850033	-99.139595	0.27970648	32504.917558908463
423	969.0978	11.909271	983.08466	955.7255	965.7728	17.382153	987.4603	926.28455	1000.0	1000.0	1691999	99.13785	4.4525657	106.09222	57.062252	-99.16168	0.29687995	32584.445487976074
424	958.67737	19.803843	988.5064	934.3762	953.5709	21.376987	986.127	910.38196	1000.0	1000.0	1695999	99.04633	4.4861155	104.04951	57.821945	-99.0628	0.32125786	32663.957735061646
425	944.8538	10.688095	956.24255	927.88605	957.75745	20.319838	986.0173	921.0154	1000.0	1000.0	1699999	98.9508	4.7423005	104.931694	57.822617	-98.97288	0.32986557	32741.986838817596
426	953.5793	16.723606	968.80225	927.86273	912.6654	50.469093	982.3346	821.9699	1000.0	1000.0	1703999	98.98814	4.681757	104.73146	55.91629	-99.014	0.32229945	32821.13611793518
427	930.72217	45.57054	985.49414	880.6568	892.6533	52.217068	952.6698	777.1625	1000.0	1000.0	1707999	98.97003	4.740004	103.599625	58.364166	-98.98849	0.31787184	32899.26195144653
428	905.77625	55.967213	955.30475	812.7625	955.20605	22.703928	985.1507	907.39746	1000.0	1000.0	1711999	98.91428	4.752067	105.12156	55.307034	-98.93762	0.35327992	32976.51863741875
429	932.4365	19.450209	952.1084	902.9359	948.62244	21.917784	985.1719	918.01263	1000.0	1000.0	1715999	98.94377	4.642044	104.239914	54.426872	-98.96868	0.34349743	33054.84767627716
430	961.8754	30.84457	988.53577	910.7834	960.7069	15.757208	987.71844	929.0781	1000.0	1000.0	1719999	98.94865	4.673529	104.48017	50.25844	-98.97401	0.33559796	33132.0093626976
431	950.50507	12.737983	971.8603	938.36285	951.2372	27.928673	985.10114	895.71643	1000.0	1000.0	1723999	98.9581	4.5552464	104.267395	57.270935	-98.98285	0.2997921	33214.111087560654
432	916.37244	53.705853	956.457	825.4239	945.871	21.623226	971.31573	905.3381	1000.0	1000.0	1727999	98.94639	4.611205	105.9556	57.265404	-98.97124	0.30533955	33292.26241898537
433	966.6948	13.621704	986.82855	949.8432	963.80286	23.280924	989.5885	917.46606	1000.0	1000.0	1731999	98.98148	4.5941	103.83573	59.968494	-99.00806	0.30667865	33370.17884159088
434	957.8886	21.149302	975.6833	921.90497	958.3091	13.380142	980.15906	932.28876	1000.0	1000.0	1735999	99.0627	4.554892	104.06291	54.396324	-99.091576	0.30489063	33448.112802267075
435	954.3304	36.340294	984.7269	892.6574	963.6859	13.856038	987.1151	932.7706	1000.0	1000.0	1739999	99.06003	4.497591	103.63169	52.41912	-99.08102	0.33246195	33526.18965268135
436	964.8835	5.1522512	968.39923	956.03973	958.81213	22.187607	988.74286	925.7246	1000.0	1000.0	1743999	99.02172	4.5318823	104.50688	57.490715	-99.0472	0.30758935	33604.81250309944
437	942.7418	31.207748	979.42804	894.68823	945.1738	34.084057	986.73193	860.99146	1000.0	1000.0	1747999	99.04323	4.675975	105.24653	59.32506	-99.067955	0.2954985	33684.04259848595
438	939.4413	28.042336	966.86414	897.59827	872.45667	28.737253	916.7783	827.84393	1000.0	1000.0	1751999	99.09518	4.735551	105.73614	56.52133	-99.12267	0.3066198	33761.87589383125
439	900.49554	71.12822	953.8292	778.02277	962.11536	18.181208	988.7686	922.02325	1000.0	1000.0	1755999	99.11181	4.6393657	113.998276	57.80158	-99.13655	0.3197938	33840.808670043945
440	958.22736	3.403401	962.00183	952.8321	956.5679	17.049234	979.8907	933.35284	1000.0	1000.0	1759999	99.07781	4.72723	103.49406	57.852837	-99.098404	0.29656738	33918.427052497864
441	952.416	6.998531	964.1493	945.6945	953.4938	28.27723	986.24524	901.0167	1000.0	1000.0	1763999	99.00403	5.164888	104.71759	55.200176	-99.02361	0.3162188	33995.653411626816
442	932.5038	35.108223	967.93616	875.0592	952.549	34.512585	988.4808	888.8231	1000.0	1000.0	1767999	98.93461	5.432824	103.63622	55.16999	-98.954636	0.36804682	34074.200847387314
443	968.5524	20.34084	986.69415	935.4065	968.03094	23.85646	989.75073	905.1556	1000.0	1000.0	1771999	98.99109	5.1694474	113.14254	31.581846	-99.01867	0.39673457	34151.238055467606
444	958.29376	10.387952	969.0808	941.9521	975.0834	8.842231	989.6838	964.28143	1000.0	1000.0	1775999	99.06922	4.9061785	113.33161	54.034508	-99.095795	0.36591643	34231.36393022537
445	971.07153	11.714272	986.4731	954.5004	962.6058	16.905878	986.7349	932.04816	1000.0	1000.0	1779999	99.0546	5.0234766	104.641624	50.952797	-99.08117	0.3264987	34312.029535770416
446	948.73706	41.630325	983.11847	877.6649	952.4797	33.227898	985.7585	878.21985	1000.0	1000.0	1783999	99.1433	4.893832	108.45219	49.0953	-99.1711	0.3578156	34390.05413722992
447	945.15796	24.560692	968.3481	903.8796	949.28674	30.403229	980.7987	873.54987	1000.0	1000.0	1787999	99.16624	4.908982	104.3002	58.134117	-99.190956	0.36334288	34469.01927804947
448	971.40894	11.104583	985.0719	959.2429	951.876	42.44829	989.3418	844.50934	1000.0	1000.0	1791999	99.25598	4.711651	104.68785	49.946087	-99.28539	0.3369354	34547.39185142517
449	929.11664	44.877247	958.7656	851.536	976.52795	9.459562	991.08105	958.9211	1000.0	1000.0	1795999	99.25142	4.813208	105.04419	57.439808	-99.27543	0.29862627	34627.20359611511
450	954.3375	12.7284775	974.5045	939.2202	938.86053	12.429492	962.01764	924.38257	1000.0	1000.0	1799999	99.20604	5.0010386	103.64685	59.38434	-99.22808	0.37949583	34707.378346443176
451	956.7526	24.994905	975.58795	913.8942	945.884	18.415016	976.6929	911.9101	1000.0	1000.0	1803999	99.23185	4.8138533	106.71392	55.720337	-99.261734	0.36807758	34786.268696546555
452	955.36035	26.692905	986.8008	926.4149	954.848	16.083857	985.12585	932.17865	1000.0	1000.0	1807999	99.32304	4.5940423	103.210754	60.33705	-99.35751	0.30426463	34864.70866179466
453	926.25745	35.629635	985.22906	897.86395	922.2904	32.043324	972.18176	860.7289	1000.0	1000.0	1811999	99.43815	4.4304204	103.52157	58.53203	-99.47055	0.285692	34942.36775684357
454	950.5476	30.674274	982.896	904.11694	922.73425	38.43735	967.38525	856.54236	1000.0	1000.0	1815999	99.46414	4.422164	109.47337	62.50036	-99.49189	0.2755535	35019.50424981117
455	959.25903	5.4612055	965.1779	952.83325	951.6793	17.14427	975.7226	920.4024	1000.0	1000.0	1819999	99.36579	4.5137076	105.91992	60.875053	-99.39112	0.2969361	35099.01088953018
456	958.2064	11.74856	970.9268	945.58075	935.45197	25.773018	984.9836	904.08325	1000.0	1000.0	1823999	99.33111	4.462666	106.15838	61.608204	-99.35591	0.27494892	35180.43576955795
457	908.8436	45.06071	959.8466	840.0344	944.67395	22.098593	977.5712	905.82355	1000.0	1000.0	1827999	99.25987	4.524782	103.785034	60.40563	-99.28577	0.2821057	35260.96748995781
458	952.9309	18.432713	983.39545	934.45374	967.3291	17.534605	989.57	938.07135	1000.0	1000.0	1831999	99.24363	4.5667987	103.21609	60.893806	-99.26913	0.26905456	35339.42271256447
459	971.0984	15.2068405	987.4708	950.8505	939.4025	43.692238	988.697	850.39417	1000.0	1000.0	1835999	99.22842	4.5822263	104.43201	53.284363	-99.257	0.2806559	35425.143658638
460	951.6501	30.309101	983.31134	901.70526	966.91437	14.066056	988.77637	943.6502	1000.0	1000.0	1839999	99.25997	4.6634083	104.51773	58.338593	-99.28508	0.304773	35503.30598282814
461	952.4856	35.35978	989.05194	896.5806	968.79553	12.128693	984.87006	942.9935	1000.0	1000.0	1843999	99.30555	4.6128945	107.35885	54.898575	-99.33499	0.2932052	35583.36451005936
462	962.9592	13.592703	984.6365	949.37616	968.62714	10.46611	984.9668	953.8353	1000.0	1000.0	1847999	99.28708	4.51956	103.425514	59.328503	-99.311966	0.28374103	35670.81926345825
463	947.2137	21.834513	969.8888	911.1754	965.66516	15.670967	986.5612	938.1594	1000.0	1000.0	1851999	99.27606	4.5696974	104.09119	60.12838	-99.30418	0.27754882	35753.03553843498
464	961.81323	19.375978	987.4347	932.86414	947.10645	35.44694	984.8652	861.36804	1000.0	1000.0	1855999	99.2858	4.64688	108.53327	55.04001	-99.31238	0.28789812	35832.50579452515
465	949.1899	8.665768	960.14417	940.137	953.58594	17.578821	979.9979	925.4303	1000.0	1000.0	1859999	99.29605	4.6405272	104.563065	59.071552	-99.32231	0.29902905	35910.76870846748
466	957.0786	24.16368	988.93146	933.4238	970.2806	19.777151	991.23236	921.6841	1000.0	1000.0	1863999	99.2526	4.6546	103.96585	54.63749	-99.27821	0.31256732	35989.91701626778
467	933.0219	24.484894	968.8864	908.1699	948.33435	28.71901	985.36755	883.0716	1000.0	1000.0	1867999	99.22482	4.5952926	105.15671	50.548218	-99.24944	0.2979375	36068.23212122917
468	960.3274	13.336127	982.52386	947.8906	962.0192	16.301954	989.7619	933.8448	1000.0	1000.0	1871999	99.20227	4.5989003	103.35785	60.384827	-99.22649	0.28778884	36146.575345516205
469	945.81854	37.644203	981.3998	883.5921	928.1125	37.924442	961.6928	848.825	1000.0	1000.0	1875999	99.12664	4.8268237	105.02916	58.459373	-99.14811	0.29391378	36224.790672540665
470	949.486	6.590004	958.34204	939.84735	941.7567	36.437626	980.63434	864.4167	1000.0	1000.0	1879999	99.08952	4.9920325	104.98162	58.586685	-99.11135	0.31966949	36303.407652139664
471	966.3804	12.359338	987.40546	957.35394	960.5752	16.91698	986.12415	934.916	1000.0	1000.0	1883999	99.07788	5.108655	109.71849	55.936733	-99.10341	0.35843185	36384.26726436615
472	979.4012	13.218794	988.49786	956.7233	963.9959	15.431539	989.095	933.4126	1000.0	1000.0	1887999	99.12904	5.11468	106.5961	50.67625	-99.1564	0.35962287	36463.997725725174
473	960.1395	15.112253	971.1646	934.0822	942.36804	35.92028	987.36725	850.9086	1000.0	1000.0	1891999	99.2042	4.922389	106.834915	56.272247	-99.231316	0.3263735	36542.30158638954
474	933.7742	33.538513	981.3531	898.26013	958.64294	22.38925	982.0963	901.30035	1000.0	1000.0	1895999	99.21664	4.8411064	104.932846	54.24697	-99.23979	0.31155583	36620.869982242584
475	910.90924	102.07981	972.23627	734.16315	941.6413	29.66131	982.06036	895.785	1000.0	1000.0	1899999	99.14813	5.117031	105.23202	51.184776	-99.1713	0.33044514	36701.465937137604
476	969.11804	8.016314	977.65344	960.05743	969.675	15.514276	987.5272	937.8503	1000.0	1000.0	1903999	99.13646	5.2366548	106.01836	53.00833	-99.15953	0.35209554	36781.18565440178
477	966.85144	13.172952	987.42395	950.7861	959.4042	21.75451	989.87274	912.4323	1000.0	1000.0	1907999	99.14916	5.0011206	112.47516	58.567963	-99.17302	0.36716893	36859.52838277817
478	956.62866	14.754031	971.2452	932.3409	955.7292	21.352867	987.8884	921.43365	1000.0	1000.0	1911999	99.14052	4.9346266	109.01602	49.226383	-99.16589	0.3325376	36939.2012553215
479	961.2074	17.049538	977.0291	932.5304	964.243	28.61071	991.075	899.5963	1000.0	1000.0	1915999	99.14038	4.9579782	104.564026	58.62826	-99.16619	0.3011386	37017.67735505104
480	961.76776	19.811752	984.709	930.16583	973.22314	14.087704	989.7463	940.6677	1000.0	1000.0	1919999	99.15899	5.001617	106.35835	59.022682	-99.18228	0.29885387	37095.872237205505
481	967.26855	4.9690504	974.7708	962.03217	955.2586	23.486488	987.1005	909.3087	1000.0	1000.0	1923999	99.076	4.927601	104.22527	59.66774	-99.09641	0.3344776	37175.23662805557
482	957.3883	28.941727	986.9636	927.1392	968.4274	13.198992	985.8991	942.20557	1000.0	1000.0	1927999	99.03166	4.836748	104.16963	52.950302	-99.05522	0.3224099	37252.73133063316
483	971.946	10.802819	987.405	957.61884	948.2625	38.716087	984.5299	848.3524	1000.0	1000.0	1931999	99.04714	4.8769064	106.138535	45.95425	-99.06677	0.31263244	37330.28725385666
484	966.8348	5.611093	976.4151	962.10077	945.78015	25.10272	989.04926	899.32086	1000.0	1000.0	1935999	98.94047	5.187671	106.415565	18.733017	-98.95918	0.349166	37410.53610706329
485	975.3054	9.516097	986.704	962.6387	953.5707	27.550407	990.8699	887.448	1000.0	1000.0	1939999	98.92882	5.3134356	106.149605	53.005646	-98.948814	0.33370155	37490.57138252258
486	981.81885	2.270582	985.68713	979.9029	970.24915	13.140563	985.336	943.4868	1000.0	1000.0	1943999	98.9727	5.117139	110.30713	56.280422	-98.99959	0.37568158	37568.85387086868
487	956.9217	24.587337	985.30896	919.98676	952.6654	20.15951	979.1237	917.16693	1000.0	1000.0	1947999	99.08122	4.66725	105.37871	53.916916	-99.10564	0.3435045	37647.744411468506
488	932.4153	34.636326	984.0956	888.14056	938.4912	24.437294	979.77216	887.1294	1000.0	1000.0	1951999	99.12693	4.3878813	110.02577	60.522594	-99.15109	0.29623124	37727.247753858566
489	940.0828	10.501919	951.6121	924.40265	972.86865	17.50564	986.88947	929.84515	1000.0	1000.0	1955999	99.13784	4.34975	105.04138	60.591858	-99.16208	0.28401044	37808.17198348045
490	943.4931	25.512241	985.05115	915.6195	943.9761	31.653301	979.0719	877.29956	1000.0	1000.0	1959999	99.15509	4.3654594	105.00979	59.580437	-99.18108	0.25839782	37891.09229159355
491	914.6067	47.46953	981.1136	849.5962	948.04285	31.977736	990.5409	876.8245	1000.0	1000.0	1963999	99.17856	4.477748	103.92854	61.58802	-99.20539	0.25842243	37972.69083952904
492	930.7215	12.045486	945.94867	916.40717	950.5277	22.30077	969.7015	894.2827	1000.0	1000.0	1967999	99.19377	4.5841923	103.861916	59.080242	-99.2167	0.2912062	38054.33326101303
493	930.2107	13.703031	947.0702	911.5668	965.44354	13.185766	988.9542	944.0551	1000.0	1000.0	1971999	99.16319	4.6757555	107.230995	59.27038	-99.18634	0.30606917	38133.29878616333
494	925.4481	21.246662	953.2472	899.6589	945.2355	13.313436	963.902	919.76544	1000.0	1000.0	1975999	99.15131	4.6354375	107.16636	60.30799	-99.17407	0.3054594	38212.68764781952
495	938.90955	32.607944	979.65405	904.901	957.975	28.44943	985.6556	895.3463	1000.0	1000.0	1979999	99.11735	4.480195	106.16347	61.806816	-99.13906	0.27146003	38293.8184196949
496	901.5724	36.390285	962.25665	867.353	927.71436	37.337563	966.68787	832.60443	1000.0	1000.0	1983999	99.08217	4.5729165	103.50979	59.960037	-99.10198	0.2657762	38386.69393992424
497	866.3979	64.679565	951.7789	788.5561	951.87366	24.145514	984.1794	911.3619	1000.0	1000.0	1987999	98.96635	4.735757	103.31483	60.779396	-98.98161	0.29649106	38468.07886362076
498	870.81006	57.34919	928.30176	776.8122	928.7584	27.100681	983.4415	890.2934	1000.0	1000.0	1991999	98.83682	4.798205	106.67728	59.454697	-98.85177	0.3226051	38551.528089761734
499	936.9402	35.515194	987.89636	892.7292	949.86017	22.77411	985.72925	907.6099	1000.0	1000.0	1995999	98.72586	4.843773	107.30949	61.57822	-98.744	0.32006362	38630.7715408802
500	932.5265	49.26423	983.42444	852.4882	962.60876	16.4827	984.99304	925.17	1000.0	1000.0	1999999	98.79481	4.6647887	108.996956	58.031307	-98.82164	0.30705884	38710.69172215462
