Epoch	AverageEpRet	StdEpRet	MaxEpRet	MinEpRet	AverageTestEpRet	StdTestEpRet	MaxTestEpRet	MinTestEpRet	EpLen	TestEpLen	TotalEnvInteracts	AverageQVals	StdQVals	MaxQVals	MinQVals	LossPi	LossQ	Time
1	0.25	0.4330127	1.0	0.0	0.0	0.0	0.0	0.0	1000.0	1000.0	3999	0.15896639	0.05578424	0.84940386	-0.7754457	-0.17420691	0.00031494873	45.4234254360199
2	0.0	0.0	0.0	0.0	0.0	0.0	0.0	0.0	1000.0	1000.0	7999	0.2351861	0.03381292	1.5877854	0.05181043	-0.2427775	5.9077083e-05	103.534499168396
3	0.0	0.0	0.0	0.0	0.0	0.0	0.0	0.0	1000.0	1000.0	11999	0.25191715	0.028925663	1.6426308	0.18971962	-0.25164866	2.1988293e-05	162.4681441783905
4	0.0	0.0	0.0	0.0	0.0	0.0	0.0	0.0	1000.0	1000.0	15999	0.18153842	0.020313038	1.6992638	0.15182644	-0.18077989	8.179841e-06	221.62420392036438
5	0.0	0.0	0.0	0.0	1.8	2.8913662	8.0	0.0	1000.0	1000.0	19999	0.1448805	0.011928623	1.615224	0.113646954	-0.1449326	3.3682736e-05	280.35648918151855
6	0.0	0.0	0.0	0.0	0.8	1.8330302	6.0	0.0	1000.0	1000.0	23999	0.11943036	0.011731395	1.5404898	0.107708015	-0.11948745	2.4916066e-05	340.1368086338043
7	0.0	0.0	0.0	0.0	0.3	0.90000004	3.0	0.0	1000.0	1000.0	27999	0.0990044	0.0099541815	1.6893824	0.059361476	-0.09903059	2.3413204e-05	399.85116267204285
8	0.0	0.0	0.0	0.0	1.9	3.8587565	11.0	0.0	1000.0	1000.0	31999	0.081908345	0.0065424903	1.4295335	0.057098493	-0.08194008	5.5287703e-05	460.1256363391876
9	1.25	2.1650636	5.0	0.0	3.0	5.7965508	19.0	0.0	1000.0	1000.0	35999	0.06929196	0.0041988976	1.4555795	0.06347393	-0.06929642	0.00017756497	520.8918962478638
10	3.0	3.082207	7.0	0.0	3.9	6.394529	16.0	0.0	1000.0	1000.0	39999	0.060537796	0.0022852777	0.066573754	0.055952724	-0.06053639	0.0002481799	581.9118499755859
11	6.0	4.0620193	11.0	0.0	1.4	4.2000003	14.0	0.0	1000.0	1000.0	43999	0.057770252	0.0013364657	0.06332698	0.054861665	-0.05777095	0.0006507949	643.2969164848328
12	0.0	0.0	0.0	0.0	2.5	3.981206	11.0	0.0	1000.0	1000.0	47999	0.062211383	0.0018585972	0.06735794	0.05791694	-0.062213864	0.00089799176	705.0453975200653
13	0.0	0.0	0.0	0.0	1.7	3.407345	9.0	0.0	1000.0	1000.0	51999	0.06746817	0.0018072063	0.073507145	0.06321743	-0.0674696	0.0009004139	766.4577438831329
14	2.5	2.8722813	7.0	0.0	1.4	2.416609	7.0	0.0	1000.0	1000.0	55999	0.07009724	0.0013229828	0.0753961	0.06664927	-0.070097536	0.00081561913	828.2742528915405
15	0.0	0.0	0.0	0.0	0.9	1.9209373	6.0	0.0	1000.0	1000.0	59999	0.074099526	0.0017868641	0.079692304	0.07027322	-0.07410095	0.0009528538	892.1091372966766
16	1.5	2.598076	6.0	0.0	1.4	2.8354893	8.0	0.0	1000.0	1000.0	63999	0.07733066	0.0014833432	0.08246384	0.07434251	-0.07733192	0.00092795084	959.8115537166595
17	0.75	1.299038	3.0	0.0	1.3	2.6851444	8.0	0.0	1000.0	1000.0	67999	0.08013154	0.0013475742	0.08572191	0.07609015	-0.080133	0.0009254076	1034.241619348526
18	0.0	0.0	0.0	0.0	1.5	3.3837848	11.0	0.0	1000.0	1000.0	71999	0.082261465	0.0012196293	0.08760089	0.079233326	-0.0822614	0.0008830402	1113.433653831482
19	2.75	4.7631397	11.0	0.0	2.7	5.3301034	17.0	0.0	1000.0	1000.0	75999	0.082854845	0.0012029676	0.08798303	0.07987527	-0.08285562	0.0008380151	1194.881272315979
20	2.0	3.4641016	8.0	0.0	1.6	2.154066	6.0	0.0	1000.0	1000.0	79999	0.08526913	0.0016282395	0.09011905	0.08051254	-0.08527078	0.0010628655	1277.2138531208038
21	4.5	7.7942286	18.0	0.0	0.3	0.90000004	3.0	0.0	1000.0	1000.0	83999	0.08902919	0.002027477	0.09682258	0.08461407	-0.08903004	0.0011279479	1359.9357540607452
22	1.0	1.7320508	4.0	0.0	2.6	5.4990907	17.0	0.0	1000.0	1000.0	87999	0.094498575	0.0016292682	0.09930988	0.08998581	-0.09449954	0.001165144	1442.9671912193298
23	0.0	0.0	0.0	0.0	2.1	5.6648035	19.0	0.0	1000.0	1000.0	91999	0.09795377	0.0014680076	0.10241829	0.09413995	-0.09795509	0.0011276207	1526.0315473079681
24	5.0	6.1237245	15.0	0.0	0.7	1.7916473	6.0	0.0	1000.0	1000.0	95999	0.100499205	0.0016476259	0.105344065	0.09596359	-0.10050053	0.0011526346	1609.2459309101105
25	1.5	2.598076	6.0	0.0	2.2	5.4	18.0	0.0	1000.0	1000.0	99999	0.10651814	0.0022319814	0.11441664	0.100199245	-0.10651923	0.0013972757	1692.2119553089142
26	0.0	0.0	0.0	0.0	0.0	0.0	0.0	0.0	1000.0	1000.0	103999	0.11028326	0.0015703411	0.116860494	0.10625073	-0.11028515	0.0012800469	1775.4194121360779
27	0.0	0.0	0.0	0.0	2.4	3.852272	10.0	0.0	1000.0	1000.0	107999	0.11342712	0.0015238618	0.117986746	0.110068016	-0.113427565	0.0012499538	1858.4682655334473
28	0.5	0.8660254	2.0	0.0	1.7	2.9342802	9.0	0.0	1000.0	1000.0	111999	0.11520411	0.0012469966	0.12092406	0.11212027	-0.115204595	0.0012001029	1941.889931678772
29	0.0	0.0	0.0	0.0	0.7	1.4177446	4.0	0.0	1000.0	1000.0	115999	0.11608151	0.0012808023	0.121755354	0.113028765	-0.116081946	0.0011901316	2025.1454648971558
30	1.25	2.1650636	5.0	0.0	0.6	1.8000001	6.0	0.0	1000.0	1000.0	119999	0.11530879	0.0014121099	0.12213791	0.11150682	-0.11530884	0.0011725076	2108.3855319023132
31	0.0	0.0	0.0	0.0	0.0	0.0	0.0	0.0	1000.0	1000.0	123999	0.1168075	0.0013560529	0.1215574	0.11380586	-0.11680721	0.0011526287	2191.3237657546997
32	0.0	0.0	0.0	0.0	0.0	0.0	0.0	0.0	1000.0	1000.0	127999	0.11451631	0.0014184185	0.11979459	0.111185014	-0.11451654	0.0010677763	2274.333661556244
33	0.75	1.299038	3.0	0.0	0.0	0.0	0.0	0.0	1000.0	1000.0	131999	0.113994494	0.001266012	0.11796472	0.11108585	-0.11399565	0.0011328951	2357.715443611145
34	0.0	0.0	0.0	0.0	0.0	0.0	0.0	0.0	1000.0	1000.0	135999	0.11392438	0.0013149972	0.1208971	0.11062526	-0.11392348	0.0010778708	2440.8883197307587
35	0.0	0.0	0.0	0.0	0.0	0.0	0.0	0.0	1000.0	1000.0	139999	0.111856356	0.0013740784	0.11609166	0.10847181	-0.11185561	0.0010255843	2523.9192175865173
36	0.25	0.4330127	1.0	0.0	0.0	0.0	0.0	0.0	1000.0	1000.0	143999	0.11014937	0.0014290331	0.11633091	0.10709847	-0.11014938	0.000977914	2606.842540025711
37	0.0	0.0	0.0	0.0	0.1	0.29999998	1.0	0.0	1000.0	1000.0	147999	0.10739739	0.0013610811	0.11191577	0.103803754	-0.107397124	0.0009505359	2689.916308403015
38	0.0	0.0	0.0	0.0	0.0	0.0	0.0	0.0	1000.0	1000.0	151999	0.10492519	0.0013897191	0.109656766	0.1017771	-0.10492467	0.00092807243	2773.286665916443
39	0.0	0.0	0.0	0.0	0.0	0.0	0.0	0.0	1000.0	1000.0	155999	0.103226475	0.001191638	0.107233435	0.1002661	-0.10322569	0.00094783644	2856.936097383499
40	0.0	0.0	0.0	0.0	0.0	0.0	0.0	0.0	1000.0	1000.0	159999	0.10050296	0.0015865117	0.10645484	0.09698552	-0.10050329	0.0008404057	2940.579521179199
41	0.0	0.0	0.0	0.0	0.0	0.0	0.0	0.0	1000.0	1000.0	163999	0.09720759	0.0012965476	0.1017082	0.094111115	-0.09720677	0.00088312593	3023.6099190711975
42	0.0	0.0	0.0	0.0	0.0	0.0	0.0	0.0	1000.0	1000.0	167999	0.09631058	0.0013454725	0.10073899	0.09292925	-0.096309975	0.00085552887	3106.788958787918
43	0.0	0.0	0.0	0.0	0.1	0.29999998	1.0	0.0	1000.0	1000.0	171999	0.094400264	0.0012490498	0.099336565	0.0912786	-0.09440042	0.00087295746	3189.964413881302
44	0.0	0.0	0.0	0.0	0.0	0.0	0.0	0.0	1000.0	1000.0	175999	0.09121468	0.0016998424	0.09680873	0.087192595	-0.091213696	0.00070314703	3273.084190607071
45	0.0	0.0	0.0	0.0	0.0	0.0	0.0	0.0	1000.0	1000.0	179999	0.08803329	0.0012496617	0.093149915	0.08522482	-0.088032976	0.0007756969	3356.1925189495087
46	0.0	0.0	0.0	0.0	0.0	0.0	0.0	0.0	1000.0	1000.0	183999	0.085925624	0.0012612344	0.090554856	0.08297692	-0.08592523	0.00074800936	3439.2820682525635
47	0.0	0.0	0.0	0.0	0.0	0.0	0.0	0.0	1000.0	1000.0	187999	0.08387889	0.0012067363	0.08976241	0.080931865	-0.083878405	0.0007556609	3522.6322202682495
48	0.0	0.0	0.0	0.0	0.0	0.0	0.0	0.0	1000.0	1000.0	191999	0.081993215	0.0012666894	0.087067105	0.07908614	-0.08199277	0.00070573966	3605.9307656288147
49	0.0	0.0	0.0	0.0	0.0	0.0	0.0	0.0	1000.0	1000.0	195999	0.07995366	0.0012055046	0.08581442	0.07712206	-0.07995314	0.0006933317	3689.0807027816772
50	0.0	0.0	0.0	0.0	0.0	0.0	0.0	0.0	1000.0	1000.0	199999	0.07808106	0.0010971584	0.08235761	0.07536319	-0.078080475	0.0006857554	3772.1236922740936
51	0.0	0.0	0.0	0.0	0.0	0.0	0.0	0.0	1000.0	1000.0	203999	0.07712963	0.0011645624	0.08121621	0.07403721	-0.07712944	0.0007480762	3855.268623352051
52	0.0	0.0	0.0	0.0	0.0	0.0	0.0	0.0	1000.0	1000.0	207999	0.07616046	0.001086591	0.08082732	0.073545955	-0.07616087	0.00071076833	3938.529972553253
53	0.0	0.0	0.0	0.0	0.0	0.0	0.0	0.0	1000.0	1000.0	211999	0.07459215	0.0011891023	0.07859914	0.07157002	-0.07459137	0.0006356921	4022.1012740135193
54	0.0	0.0	0.0	0.0	0.0	0.0	0.0	0.0	1000.0	1000.0	215999	0.072880015	0.0011135241	0.077836126	0.06996603	-0.07287956	0.0006582852	4105.212253570557
55	0.0	0.0	0.0	0.0	0.1	0.29999998	1.0	0.0	1000.0	1000.0	219999	0.07111654	0.0012766514	0.07568876	0.06813943	-0.07111606	0.00059564767	4188.307826519012
56	0.0	0.0	0.0	0.0	0.0	0.0	0.0	0.0	1000.0	1000.0	223999	0.06832866	0.0012524766	0.07307222	0.06464287	-0.06832808	0.00057839655	4271.568040132523
57	0.0	0.0	0.0	0.0	0.0	0.0	0.0	0.0	1000.0	1000.0	227999	0.066681914	0.0010857438	0.07024269	0.06410825	-0.06668211	0.00060309336	4354.903435230255
58	0.0	0.0	0.0	0.0	0.0	0.0	0.0	0.0	1000.0	1000.0	231999	0.06673299	0.0011658515	0.072046354	0.06374038	-0.06673326	0.00069327984	4438.493551969528
59	0.0	0.0	0.0	0.0	0.0	0.0	0.0	0.0	1000.0	1000.0	235999	0.06615906	0.001082737	0.071316816	0.06358077	-0.06615836	0.00059821684	4521.873846292496
60	0.0	0.0	0.0	0.0	0.0	0.0	0.0	0.0	1000.0	1000.0	239999	0.06502587	0.0012169195	0.070543714	0.06209327	-0.06502582	0.00060078886	4604.992060422897
61	0.0	0.0	0.0	0.0	0.0	0.0	0.0	0.0	1000.0	1000.0	243999	0.06407691	0.0010779944	0.06982873	0.061250072	-0.06407703	0.0006155721	4688.33632516861
62	1.0	1.7320508	4.0	0.0	0.0	0.0	0.0	0.0	1000.0	1000.0	247999	0.063385874	0.0011539903	0.06767302	0.060167648	-0.06338629	0.00057068764	4771.749336004257
63	0.0	0.0	0.0	0.0	0.0	0.0	0.0	0.0	1000.0	1000.0	251999	0.061721776	0.0012023952	0.068749376	0.058971364	-0.061720602	0.00051817374	4854.973708629608
64	0.0	0.0	0.0	0.0	0.0	0.0	0.0	0.0	1000.0	1000.0	255999	0.060480624	0.0010494188	0.065143384	0.057766337	-0.060481038	0.0005806781	4938.276850700378
65	0.0	0.0	0.0	0.0	0.0	0.0	0.0	0.0	1000.0	1000.0	259999	0.059410717	0.0010939135	0.06342529	0.05681569	-0.059410132	0.00051326625	5021.619846582413
66	0.0	0.0	0.0	0.0	0.0	0.0	0.0	0.0	1000.0	1000.0	263999	0.058300864	0.0010767301	0.06334048	0.055584148	-0.05830147	0.00059322553	5104.660486459732
67	0.0	0.0	0.0	0.0	0.0	0.0	0.0	0.0	1000.0	1000.0	267999	0.05892002	0.0010476877	0.06436902	0.056129154	-0.05891939	0.0005882182	5187.358988523483
68	0.75	1.299038	3.0	0.0	0.0	0.0	0.0	0.0	1000.0	1000.0	271999	0.058525093	0.0010370859	0.062419377	0.056226496	-0.058525234	0.00053057965	5270.177443265915
69	0.5	0.8660254	2.0	0.0	0.0	0.0	0.0	0.0	1000.0	1000.0	275999	0.056982882	0.0010362319	0.061621226	0.0545521	-0.056982476	0.0005357882	5352.916997909546
70	0.0	0.0	0.0	0.0	0.0	0.0	0.0	0.0	1000.0	1000.0	279999	0.055852655	0.0010567235	0.06006705	0.05334434	-0.05585196	0.0004781468	5435.79311299324
71	0.0	0.0	0.0	0.0	0.0	0.0	0.0	0.0	1000.0	1000.0	283999	0.055456046	0.0010124003	0.05927838	0.05305086	-0.055455837	0.0005608446	5518.81783914566
72	0.0	0.0	0.0	0.0	0.0	0.0	0.0	0.0	1000.0	1000.0	287999	0.054523923	0.0011283512	0.05868557	0.051269192	-0.05452414	0.0004581642	5602.1429834365845
73	0.0	0.0	0.0	0.0	0.1	0.29999998	1.0	0.0	1000.0	1000.0	291999	0.05384735	0.0010842968	0.05899151	0.05110788	-0.05384777	0.0005483495	5685.513611793518
74	0.0	0.0	0.0	0.0	0.0	0.0	0.0	0.0	1000.0	1000.0	295999	0.053963993	0.0010348347	0.05993318	0.05123787	-0.05396369	0.00053321803	5768.627230644226
75	0.0	0.0	0.0	0.0	0.0	0.0	0.0	0.0	1000.0	1000.0	299999	0.053037193	0.0010146132	0.057778146	0.050367836	-0.053036988	0.00048318986	5851.778872489929
76	0.0	0.0	0.0	0.0	0.0	0.0	0.0	0.0	1000.0	1000.0	303999	0.052671928	0.0009704749	0.056658056	0.04993246	-0.052671667	0.00052068447	5935.031231641769
77	0.0	0.0	0.0	0.0	0.0	0.0	0.0	0.0	1000.0	1000.0	307999	0.052273143	0.0010126106	0.05671799	0.05012036	-0.052272953	0.00049577147	6018.3725390434265
78	0.0	0.0	0.0	0.0	0.0	0.0	0.0	0.0	1000.0	1000.0	311999	0.052051622	0.0010147525	0.057111546	0.049134023	-0.05205158	0.0005031712	6101.7939121723175
79	0.0	0.0	0.0	0.0	0.1	0.29999998	1.0	0.0	1000.0	1000.0	315999	0.05151771	0.00095819985	0.056591656	0.049529344	-0.051517796	0.0004831146	6184.886013031006
80	0.0	0.0	0.0	0.0	0.0	0.0	0.0	0.0	1000.0	1000.0	319999	0.05046694	0.0010382248	0.05557433	0.047576316	-0.050466873	0.0004458555	6268.026885986328
81	0.0	0.0	0.0	0.0	0.0	0.0	0.0	0.0	1000.0	1000.0	323999	0.049793374	0.0009725993	0.053438485	0.047357947	-0.049792636	0.0004757533	6351.140284776688
82	0.0	0.0	0.0	0.0	0.0	0.0	0.0	0.0	1000.0	1000.0	327999	0.04899225	0.0011028427	0.05380154	0.0462325	-0.04899191	0.00041073377	6434.465758323669
83	0.0	0.0	0.0	0.0	0.0	0.0	0.0	0.0	1000.0	1000.0	331999	0.047745064	0.0010188016	0.051755097	0.045364406	-0.047745116	0.0004331234	6517.636971712112
84	0.0	0.0	0.0	0.0	0.0	0.0	0.0	0.0	1000.0	1000.0	335999	0.046728823	0.0009632566	0.05128777	0.04433715	-0.046728227	0.00044566608	6600.960872411728
85	0.0	0.0	0.0	0.0	0.0	0.0	0.0	0.0	1000.0	1000.0	339999	0.046735838	0.0009887003	0.051503308	0.04418847	-0.046736136	0.00048821323	6684.363159656525
86	0.0	0.0	0.0	0.0	0.3	0.90000004	3.0	0.0	1000.0	1000.0	343999	0.046557028	0.00092869607	0.04975347	0.044314016	-0.046556886	0.00043321456	6767.734288692474
87	0.0	0.0	0.0	0.0	0.0	0.0	0.0	0.0	1000.0	1000.0	347999	0.0462057	0.00094671076	0.05063334	0.043605585	-0.04620617	0.0004430867	6851.081725597382
88	0.0	0.0	0.0	0.0	0.0	0.0	0.0	0.0	1000.0	1000.0	351999	0.046181694	0.0009808568	0.050236717	0.043925226	-0.046181668	0.0004631328	6934.570407152176
89	0.0	0.0	0.0	0.0	0.0	0.0	0.0	0.0	1000.0	1000.0	355999	0.045277186	0.0010020096	0.049796797	0.043040708	-0.04527683	0.0004081736	7017.532312631607
90	0.0	0.0	0.0	0.0	0.2	0.59999996	2.0	0.0	1000.0	1000.0	359999	0.045232944	0.0009750118	0.04983177	0.042873327	-0.045232404	0.00045574654	7100.653616666794
91	0.25	0.4330127	1.0	0.0	0.0	0.0	0.0	0.0	1000.0	1000.0	363999	0.04529961	0.0010052981	0.050236177	0.04282876	-0.045299843	0.00047326228	7183.925174713135
92	0.0	0.0	0.0	0.0	0.0	0.0	0.0	0.0	1000.0	1000.0	367999	0.044643912	0.0009675506	0.04874119	0.04187503	-0.044643547	0.00038820476	7267.228375911713
93	0.0	0.0	0.0	0.0	0.0	0.0	0.0	0.0	1000.0	1000.0	371999	0.043847706	0.0009267203	0.049351357	0.04171793	-0.04384774	0.00041314418	7350.569988489151
94	0.0	0.0	0.0	0.0	0.0	0.0	0.0	0.0	1000.0	1000.0	375999	0.04285861	0.0010421437	0.04711372	0.040348485	-0.04285833	0.0003657056	7433.892602682114
95	0.0	0.0	0.0	0.0	0.0	0.0	0.0	0.0	1000.0	1000.0	379999	0.0424962	0.0009892363	0.046747655	0.04012324	-0.042497102	0.00043075994	7517.174328804016
96	0.0	0.0	0.0	0.0	0.0	0.0	0.0	0.0	1000.0	1000.0	383999	0.041952133	0.0010384821	0.045930117	0.039207805	-0.041950967	0.00035071824	7600.317356824875
97	0.0	0.0	0.0	0.0	0.0	0.0	0.0	0.0	1000.0	1000.0	387999	0.04152565	0.0009744057	0.04642484	0.038995516	-0.04152573	0.00043080456	7683.524340867996
98	0.0	0.0	0.0	0.0	0.0	0.0	0.0	0.0	1000.0	1000.0	391999	0.04123852	0.00094888423	0.045330506	0.03871144	-0.041238856	0.0004107249	7766.892683506012
99	0.0	0.0	0.0	0.0	0.2	0.59999996	2.0	0.0	1000.0	1000.0	395999	0.04116081	0.0009187209	0.045336448	0.038775984	-0.04116078	0.00039322852	7850.195049285889
100	0.0	0.0	0.0	0.0	0.0	0.0	0.0	0.0	1000.0	1000.0	399999	0.04073609	0.0008906987	0.044485252	0.038566217	-0.040735804	0.0003881866	7933.512924671173
101	0.0	0.0	0.0	0.0	0.0	0.0	0.0	0.0	1000.0	1000.0	403999	0.04079306	0.00092211226	0.044860315	0.038581327	-0.040792894	0.0004030675	8016.961975574493
102	0.0	0.0	0.0	0.0	0.0	0.0	0.0	0.0	1000.0	1000.0	407999	0.040709857	0.0009528755	0.04537639	0.038493145	-0.040709786	0.00039567953	8099.955630779266
103	0.0	0.0	0.0	0.0	0.0	0.0	0.0	0.0	1000.0	1000.0	411999	0.04038726	0.0009682346	0.044390127	0.037916448	-0.040387303	0.00040574546	8183.19052529335
104	0.0	0.0	0.0	0.0	0.0	0.0	0.0	0.0	1000.0	1000.0	415999	0.03928675	0.0009490298	0.04311726	0.036668103	-0.039286356	0.000305619	8266.402947425842
105	0.0	0.0	0.0	0.0	0.0	0.0	0.0	0.0	1000.0	1000.0	419999	0.037880395	0.00096418586	0.04215622	0.03505245	-0.037879877	0.00031566937	8349.636439323425
106	0.0	0.0	0.0	0.0	0.0	0.0	0.0	0.0	1000.0	1000.0	423999	0.036945373	0.00085708575	0.04049703	0.034827463	-0.03694543	0.0003480906	8433.104966640472
107	0.0	0.0	0.0	0.0	0.3	0.90000004	3.0	0.0	1000.0	1000.0	427999	0.03653301	0.0009386002	0.040940963	0.033853628	-0.03653329	0.00033565957	8516.569922447205
108	0.0	0.0	0.0	0.0	0.0	0.0	0.0	0.0	1000.0	1000.0	431999	0.035960443	0.00093155645	0.039822295	0.03365838	-0.03595994	0.00034821595	8599.745219707489
109	0.0	0.0	0.0	0.0	0.0	0.0	0.0	0.0	1000.0	1000.0	435999	0.0363785	0.0009926512	0.04111944	0.033873826	-0.03637895	0.00040820532	8683.182434797287
110	0.0	0.0	0.0	0.0	0.0	0.0	0.0	0.0	1000.0	1000.0	439999	0.03688895	0.00087067886	0.040630687	0.034796365	-0.036888625	0.0003581038	8766.448578834534
111	0.0	0.0	0.0	0.0	0.0	0.0	0.0	0.0	1000.0	1000.0	443999	0.03610485	0.00089977775	0.039663386	0.03357603	-0.036104742	0.00029803487	8850.055200099945
112	0.0	0.0	0.0	0.0	0.0	0.0	0.0	0.0	1000.0	1000.0	447999	0.035067115	0.0010002209	0.0406378	0.031840585	-0.035066787	0.0002932465	8933.37074804306
113	0.0	0.0	0.0	0.0	0.1	0.29999998	1.0	0.0	1000.0	1000.0	451999	0.034307897	0.0010005726	0.040238537	0.031696256	-0.034307733	0.00030567416	9016.626456737518
114	0.0	0.0	0.0	0.0	0.0	0.0	0.0	0.0	1000.0	1000.0	455999	0.033302397	0.0008934664	0.0373759	0.031038621	-0.033302575	0.0003506171	9099.845225811005
115	0.0	0.0	0.0	0.0	0.0	0.0	0.0	0.0	1000.0	1000.0	459999	0.03378659	0.00091325596	0.03857594	0.03134558	-0.033786546	0.00033819096	9183.155559301376
116	0.0	0.0	0.0	0.0	0.0	0.0	0.0	0.0	1000.0	1000.0	463999	0.03376952	0.0009084416	0.037270922	0.03157606	-0.03376955	0.00032561607	9266.32803273201
117	0.0	0.0	0.0	0.0	0.0	0.0	0.0	0.0	1000.0	1000.0	467999	0.03349763	0.00083268195	0.03648587	0.03147962	-0.03349746	0.00033062173	9349.450516700745
118	0.0	0.0	0.0	0.0	0.0	0.0	0.0	0.0	1000.0	1000.0	471999	0.03285746	0.0008707099	0.03689862	0.030455327	-0.032857217	0.00027062764	9432.538161277771
119	0.0	0.0	0.0	0.0	0.0	0.0	0.0	0.0	1000.0	1000.0	475999	0.03243968	0.0009001511	0.036457352	0.03014787	-0.03243965	0.00031573127	9515.749300479889
120	0.0	0.0	0.0	0.0	0.0	0.0	0.0	0.0	1000.0	1000.0	479999	0.031629063	0.00088016473	0.03668778	0.029352961	-0.031628706	0.00027055418	9598.909144639969
121	0.0	0.0	0.0	0.0	0.0	0.0	0.0	0.0	1000.0	1000.0	483999	0.03149124	0.0009377371	0.03576285	0.029056512	-0.031491533	0.00034313684	9682.326322317123
122	0.0	0.0	0.0	0.0	0.1	0.29999998	1.0	0.0	1000.0	1000.0	487999	0.031769417	0.0009511084	0.036708284	0.029320396	-0.031769484	0.0003282282	9765.848914861679
123	0.0	0.0	0.0	0.0	0.0	0.0	0.0	0.0	1000.0	1000.0	491999	0.031676676	0.0009275046	0.03650321	0.029230313	-0.031676535	0.000280752	9849.252996444702
124	0.0	0.0	0.0	0.0	0.0	0.0	0.0	0.0	1000.0	1000.0	495999	0.03104285	0.00090215745	0.035817005	0.028210627	-0.031042693	0.00029311155	9932.6772210598
125	0.0	0.0	0.0	0.0	0.0	0.0	0.0	0.0	1000.0	1000.0	499999	0.0308276	0.0008123704	0.03405489	0.028942527	-0.03082761	0.00030066038	10016.120391607285
126	0.0	0.0	0.0	0.0	0.0	0.0	0.0	0.0	1000.0	1000.0	503999	0.030859139	0.00092179235	0.03517219	0.028509451	-0.030859238	0.0003182699	10099.448276519775
127	0.0	0.0	0.0	0.0	0.2	0.59999996	2.0	0.0	1000.0	1000.0	507999	0.03067728	0.0007715543	0.03386042	0.028717862	-0.030676987	0.00026302796	10182.776507377625
128	0.0	0.0	0.0	0.0	0.0	0.0	0.0	0.0	1000.0	1000.0	511999	0.029450774	0.0008491966	0.03291163	0.027130798	-0.029450662	0.0002505476	10266.166695356369
129	0.0	0.0	0.0	0.0	0.0	0.0	0.0	0.0	1000.0	1000.0	515999	0.028844982	0.0008853509	0.03409322	0.026501961	-0.028844582	0.00026560292	10349.750702857971
130	0.0	0.0	0.0	0.0	0.0	0.0	0.0	0.0	1000.0	1000.0	519999	0.028283007	0.00088382215	0.034686387	0.024812184	-0.028283104	0.0002656665	10433.10142326355
131	0.0	0.0	0.0	0.0	0.0	0.0	0.0	0.0	1000.0	1000.0	523999	0.028890196	0.00087217725	0.033637177	0.026457619	-0.028890435	0.00032321978	10516.627814292908
132	0.0	0.0	0.0	0.0	0.0	0.0	0.0	0.0	1000.0	1000.0	527999	0.02866637	0.0008209472	0.031661663	0.026761038	-0.028666176	0.00026565706	10600.153016805649
133	0.0	0.0	0.0	0.0	0.0	0.0	0.0	0.0	1000.0	1000.0	531999	0.028490067	0.00081377296	0.031955227	0.026565501	-0.028489884	0.0002730998	10683.714236021042
134	0.0	0.0	0.0	0.0	0.0	0.0	0.0	0.0	1000.0	1000.0	535999	0.028321253	0.00083663466	0.03375099	0.02555377	-0.028321449	0.0002906437	10767.497081279755
135	0.0	0.0	0.0	0.0	0.0	0.0	0.0	0.0	1000.0	1000.0	539999	0.02834356	0.00081831176	0.03288716	0.025994275	-0.028343605	0.00027811958	10850.993517160416
136	0.0	0.0	0.0	0.0	0.0	0.0	0.0	0.0	1000.0	1000.0	543999	0.028275657	0.0008554117	0.03278709	0.02583699	-0.028275475	0.0002856083	10934.531827688217
137	0.0	0.0	0.0	0.0	0.0	0.0	0.0	0.0	1000.0	1000.0	547999	0.028558904	0.00082052243	0.031694505	0.026603013	-0.028559081	0.00029060032	11017.818948745728
138	0.0	0.0	0.0	0.0	0.0	0.0	0.0	0.0	1000.0	1000.0	551999	0.028124249	0.00083053124	0.032133024	0.025945043	-0.028124273	0.00026817992	11101.055948019028
139	0.0	0.0	0.0	0.0	0.0	0.0	0.0	0.0	1000.0	1000.0	555999	0.028318696	0.00079092575	0.031806465	0.026360217	-0.028318645	0.00028560415	11184.138138532639
140	0.0	0.0	0.0	0.0	0.0	0.0	0.0	0.0	1000.0	1000.0	559999	0.028045217	0.000829997	0.033321105	0.025453705	-0.028045112	0.0002680331	11267.396416425705
141	0.25	0.4330127	1.0	0.0	0.0	0.0	0.0	0.0	1000.0	1000.0	563999	0.0274629	0.0007803635	0.031468533	0.024958326	-0.02746257	0.00023805618	11350.735742330551
142	0.0	0.0	0.0	0.0	0.0	0.0	0.0	0.0	1000.0	1000.0	567999	0.027136695	0.00080641144	0.030901352	0.024998615	-0.027136933	0.00025808494	11434.213907957077
143	0.0	0.0	0.0	0.0	0.0	0.0	0.0	0.0	1000.0	1000.0	571999	0.026918454	0.000910295	0.031425983	0.024180269	-0.026918385	0.00027813524	11517.496925592422
144	0.0	0.0	0.0	0.0	0.0	0.0	0.0	0.0	1000.0	1000.0	575999	0.026803924	0.0008017242	0.030168256	0.024587974	-0.02680394	0.0002430856	11600.783493995667
145	0.0	0.0	0.0	0.0	0.0	0.0	0.0	0.0	1000.0	1000.0	579999	0.02649427	0.0008345419	0.031400114	0.024603248	-0.026494153	0.00026810577	11684.194024324417
146	0.0	0.0	0.0	0.0	0.0	0.0	0.0	0.0	1000.0	1000.0	583999	0.026351318	0.00079741725	0.030055627	0.024392799	-0.026351215	0.00024050375	11767.588649988174
147	0.0	0.0	0.0	0.0	0.0	0.0	0.0	0.0	1000.0	1000.0	587999	0.026470052	0.0008985657	0.031191042	0.02426484	-0.026470141	0.0002982067	11850.833374738693
148	0.0	0.0	0.0	0.0	0.0	0.0	0.0	0.0	1000.0	1000.0	591999	0.026512368	0.00082071684	0.031930853	0.023677506	-0.02651236	0.00024058715	11934.256719589233
149	0.0	0.0	0.0	0.0	0.2	0.59999996	2.0	0.0	1000.0	1000.0	595999	0.026600579	0.00088081404	0.030937392	0.024448648	-0.02660017	0.00027067174	12017.633338928223
150	0.0	0.0	0.0	0.0	0.0	0.0	0.0	0.0	1000.0	1000.0	599999	0.025991658	0.00085373037	0.030036375	0.023356823	-0.025992207	0.00022560773	12101.266477584839
151	0.0	0.0	0.0	0.0	0.0	0.0	0.0	0.0	1000.0	1000.0	603999	0.025577119	0.0008491469	0.030155098	0.023133492	-0.025577283	0.0002631895	12184.484955787659
152	0.0	0.0	0.0	0.0	0.0	0.0	0.0	0.0	1000.0	1000.0	607999	0.025415828	0.0008146232	0.030361414	0.023202594	-0.025415152	0.00021559042	12267.734010219574
153	0.0	0.0	0.0	0.0	0.0	0.0	0.0	0.0	1000.0	1000.0	611999	0.02512506	0.000817912	0.028801186	0.023122678	-0.025125178	0.00026056689	12350.956299304962
154	0.0	0.0	0.0	0.0	0.0	0.0	0.0	0.0	1000.0	1000.0	615999	0.025194453	0.0008684513	0.030152524	0.022729095	-0.025194343	0.00023813652	12434.226928710938
155	0.5	0.8660254	2.0	0.0	0.0	0.0	0.0	0.0	1000.0	1000.0	619999	0.024223689	0.0008071412	0.028199954	0.021877995	-0.024223443	0.00018805928	12517.524919748306
156	0.0	0.0	0.0	0.0	0.0	0.0	0.0	0.0	1000.0	1000.0	623999	0.023488339	0.00082771044	0.027678963	0.02081084	-0.023488231	0.0002005905	12600.894653081894
157	0.0	0.0	0.0	0.0	0.0	0.0	0.0	0.0	1000.0	1000.0	627999	0.023496045	0.00084169314	0.027981821	0.020831097	-0.023496184	0.00025568492	12684.471333026886
158	0.0	0.0	0.0	0.0	0.0	0.0	0.0	0.0	1000.0	1000.0	631999	0.023677314	0.0008855118	0.028925132	0.021359686	-0.023677345	0.00027063402	12767.90205359459
159	0.0	0.0	0.0	0.0	0.0	0.0	0.0	0.0	1000.0	1000.0	635999	0.024061946	0.0008042201	0.028106967	0.021538	-0.024061967	0.0002155481	12851.181245803833
160	0.0	0.0	0.0	0.0	0.0	0.0	0.0	0.0	1000.0	1000.0	639999	0.023964407	0.00086645497	0.028891707	0.021368789	-0.023964504	0.0002531864	12934.496083498001
161	0.0	0.0	0.0	0.0	0.0	0.0	0.0	0.0	1000.0	1000.0	643999	0.023887215	0.0008687776	0.027607191	0.02114641	-0.02388701	0.00021051524	13017.818066358566
162	0.0	0.0	0.0	0.0	0.0	0.0	0.0	0.0	1000.0	1000.0	647999	0.023627784	0.00085365266	0.028032932	0.021371776	-0.023628106	0.000248099	13101.223824977875
163	0.0	0.0	0.0	0.0	0.0	0.0	0.0	0.0	1000.0	1000.0	651999	0.023273455	0.00076043257	0.02688672	0.021251315	-0.023272969	0.00019800267	13184.53040766716
164	0.0	0.0	0.0	0.0	0.0	0.0	0.0	0.0	1000.0	1000.0	655999	0.023439322	0.0009064158	0.028289724	0.020957662	-0.02343949	0.00026065882	13268.040147542953
165	0.0	0.0	0.0	0.0	0.0	0.0	0.0	0.0	1000.0	1000.0	659999	0.023369184	0.00080263376	0.027820237	0.021271123	-0.02336914	0.00023055972	13351.933058738708
166	0.0	0.0	0.0	0.0	0.0	0.0	0.0	0.0	1000.0	1000.0	663999	0.023029612	0.0007728808	0.026682615	0.020918138	-0.023029525	0.0002180686	13435.386529922485
167	0.0	0.0	0.0	0.0	0.1	0.29999998	1.0	0.0	1000.0	1000.0	667999	0.023144946	0.0008088187	0.027375605	0.02104882	-0.02314492	0.00021553991	13519.010400772095
168	0.0	0.0	0.0	0.0	0.0	0.0	0.0	0.0	1000.0	1000.0	671999	0.023032382	0.00086899125	0.027964178	0.02040985	-0.02303241	0.0002406757	13602.65619802475
169	0.0	0.0	0.0	0.0	0.0	0.0	0.0	0.0	1000.0	1000.0	675999	0.022974322	0.00079727086	0.027457708	0.020690748	-0.022974286	0.00023557058	13686.233477830887
170	0.0	0.0	0.0	0.0	0.0	0.0	0.0	0.0	1000.0	1000.0	679999	0.022943515	0.0008130952	0.027360845	0.020623129	-0.022943992	0.00021306144	13770.072548151016
171	0.0	0.0	0.0	0.0	0.0	0.0	0.0	0.0	1000.0	1000.0	683999	0.023201028	0.00081326684	0.027258476	0.021240575	-0.023200663	0.00025057918	13853.544864177704
172	0.0	0.0	0.0	0.0	0.0	0.0	0.0	0.0	1000.0	1000.0	687999	0.023143608	0.0007848965	0.027139686	0.020892518	-0.02314369	0.00023051052	13937.07453918457
173	0.0	0.0	0.0	0.0	0.2	0.59999996	2.0	0.0	1000.0	1000.0	691999	0.023099435	0.0008009435	0.026776604	0.02109835	-0.023099316	0.00023558945	14020.529612064362
174	0.0	0.0	0.0	0.0	0.1	0.29999998	1.0	0.0	1000.0	1000.0	695999	0.022959504	0.00079409196	0.027086783	0.02026758	-0.022959458	0.00021303752	14104.093502759933
175	0.0	0.0	0.0	0.0	0.0	0.0	0.0	0.0	1000.0	1000.0	699999	0.023167556	0.0008179435	0.02708801	0.020501584	-0.023168076	0.00025066643	14187.37225651741
176	0.0	0.0	0.0	0.0	0.3	0.90000004	3.0	0.0	1000.0	1000.0	703999	0.022776011	0.0008063734	0.026740316	0.02027743	-0.022775391	0.00018554031	14270.718674182892
177	0.0	0.0	0.0	0.0	0.0	0.0	0.0	0.0	1000.0	1000.0	707999	0.023018513	0.0008719851	0.027749281	0.02015704	-0.023018772	0.00028062414	14354.059415578842
178	0.0	0.0	0.0	0.0	0.1	0.29999998	1.0	0.0	1000.0	1000.0	711999	0.02363453	0.0008907357	0.02834287	0.021227382	-0.023634579	0.00025818776	14437.644945859909
179	0.0	0.0	0.0	0.0	0.2	0.59999996	2.0	0.0	1000.0	1000.0	715999	0.024022928	0.0007836327	0.026984118	0.022023987	-0.024023067	0.0002555851	14520.868653059006
180	0.0	0.0	0.0	0.0	0.0	0.0	0.0	0.0	1000.0	1000.0	719999	0.023827653	0.0007965009	0.027867751	0.02160193	-0.023827579	0.00021555558	14604.147449731827
181	0.75	1.299038	3.0	0.0	0.0	0.0	0.0	0.0	1000.0	1000.0	723999	0.023141885	0.0007971367	0.027736291	0.020136807	-0.023142425	0.00020301789	14687.437888145447
182	0.0	0.0	0.0	0.0	0.0	0.0	0.0	0.0	1000.0	1000.0	727999	0.022518678	0.0008090949	0.026624253	0.020164503	-0.022518171	0.00017547741	14770.687170028687
183	0.0	0.0	0.0	0.0	0.0	0.0	0.0	0.0	1000.0	1000.0	731999	0.021525078	0.00084028626	0.026681302	0.018844146	-0.021524342	0.0001880854	14854.14951133728
184	0.0	0.0	0.0	0.0	0.0	0.0	0.0	0.0	1000.0	1000.0	735999	0.021484302	0.00077709375	0.026704794	0.018853357	-0.02148487	0.00020053989	14937.555116653442
185	0.0	0.0	0.0	0.0	0.0	0.0	0.0	0.0	1000.0	1000.0	739999	0.020811157	0.00073938025	0.025112836	0.018868841	-0.020810463	0.00016547876	15020.97781920433
186	0.0	0.0	0.0	0.0	0.0	0.0	0.0	0.0	1000.0	1000.0	743999	0.020428155	0.000786318	0.02520328	0.01812099	-0.020428251	0.00020303905	15104.385547161102
187	0.0	0.0	0.0	0.0	0.0	0.0	0.0	0.0	1000.0	1000.0	747999	0.020625304	0.00085324934	0.02419893	0.018016268	-0.020625364	0.00023562255	15187.721931695938
188	0.0	0.0	0.0	0.0	0.0	0.0	0.0	0.0	1000.0	1000.0	751999	0.02066564	0.00077187957	0.025323762	0.01858581	-0.020665435	0.00017049005	15271.073867321014
189	0.0	0.0	0.0	0.0	0.0	0.0	0.0	0.0	1000.0	1000.0	755999	0.02019494	0.0008721154	0.02729947	0.01657264	-0.020194989	0.00021312777	15354.484379291534
190	0.0	0.0	0.0	0.0	0.0	0.0	0.0	0.0	1000.0	1000.0	759999	0.020557065	0.0007559835	0.024100615	0.018515147	-0.020557087	0.00021052957	15438.012824773788
191	0.0	0.0	0.0	0.0	0.0	0.0	0.0	0.0	1000.0	1000.0	763999	0.019887015	0.00074883836	0.024102075	0.017512685	-0.019886894	0.00016551567	15521.259618759155
192	0.0	0.0	0.0	0.0	0.0	0.0	0.0	0.0	1000.0	1000.0	767999	0.020027177	0.00081257464	0.024834795	0.017118283	-0.020027604	0.00020808492	15604.638800382614
193	0.0	0.0	0.0	0.0	0.0	0.0	0.0	0.0	1000.0	1000.0	771999	0.019528864	0.00074533414	0.024311172	0.017089624	-0.01952826	0.00015297174	15688.23458147049
194	0.0	0.0	0.0	0.0	0.0	0.0	0.0	0.0	1000.0	1000.0	775999	0.01877718	0.00077378005	0.023026139	0.016269093	-0.018777007	0.0001530465	15771.740679740906
195	0.0	0.0	0.0	0.0	0.6	1.8000001	6.0	0.0	1000.0	1000.0	779999	0.018688556	0.0007234497	0.02210627	0.016377263	-0.01868865	0.00020550695	15854.995460033417
196	0.5	0.8660254	2.0	0.0	0.0	0.0	0.0	0.0	1000.0	1000.0	783999	0.018483097	0.0007612986	0.022503762	0.016034478	-0.018483013	0.00017806432	15938.261620759964
197	0.0	0.0	0.0	0.0	0.0	0.0	0.0	0.0	1000.0	1000.0	787999	0.018648675	0.0007225576	0.021762235	0.01672487	-0.018649511	0.00020799476	16021.731521129608
198	0.0	0.0	0.0	0.0	0.0	0.0	0.0	0.0	1000.0	1000.0	791999	0.019547185	0.0008099219	0.023371551	0.017325079	-0.019546831	0.00023803672	16104.989070177078
199	0.0	0.0	0.0	0.0	0.0	0.0	0.0	0.0	1000.0	1000.0	795999	0.020126196	0.0007343417	0.023720633	0.01813787	-0.020126129	0.0002080367	16188.48187828064
200	0.0	0.0	0.0	0.0	0.0	0.0	0.0	0.0	1000.0	1000.0	799999	0.020054927	0.0007731967	0.024224937	0.017550785	-0.020054864	0.00020059258	16271.60176730156
201	0.0	0.0	0.0	0.0	0.0	0.0	0.0	0.0	1000.0	1000.0	803999	0.019982845	0.00079937995	0.024660777	0.017461361	-0.019982906	0.00019809208	16354.849417209625
202	0.0	0.0	0.0	0.0	0.3	0.90000004	3.0	0.0	1000.0	1000.0	807999	0.019367347	0.0007708907	0.023920184	0.016748803	-0.019367456	0.0001605145	16438.137576818466
203	0.0	0.0	0.0	0.0	0.0	0.0	0.0	0.0	1000.0	1000.0	811999	0.018844634	0.00075069995	0.022854777	0.015943019	-0.018844116	0.00014294166	16521.56048321724
204	0.0	0.0	0.0	0.0	0.0	0.0	0.0	0.0	1000.0	1000.0	815999	0.018363787	0.0007570344	0.022054125	0.015979039	-0.018363621	0.0001855049	16605.022756576538
205	0.0	0.0	0.0	0.0	0.0	0.0	0.0	0.0	1000.0	1000.0	819999	0.01844305	0.0007857541	0.022931498	0.01647134	-0.018443242	0.00017557919	16688.44606947899
206	0.0	0.0	0.0	0.0	0.0	0.0	0.0	0.0	1000.0	1000.0	823999	0.017601427	0.00071983057	0.02071598	0.015802883	-0.017601285	0.00015295262	16771.94195508957
207	0.0	0.0	0.0	0.0	0.0	0.0	0.0	0.0	1000.0	1000.0	827999	0.017950373	0.0008200385	0.023460947	0.015213882	-0.017950753	0.0002156038	16855.301586151123
208	0.0	0.0	0.0	0.0	0.0	0.0	0.0	0.0	1000.0	1000.0	831999	0.018153023	0.00069460116	0.022291692	0.016030896	-0.018152712	0.00015548067	16938.61278128624
209	0.0	0.0	0.0	0.0	0.0	0.0	0.0	0.0	1000.0	1000.0	835999	0.017885083	0.0007346241	0.021609686	0.015725356	-0.017885031	0.00016802968	17021.78924703598
210	0.0	0.0	0.0	0.0	0.0	0.0	0.0	0.0	1000.0	1000.0	839999	0.01804545	0.0007736536	0.02185774	0.015941886	-0.018045567	0.00020301926	17105.416098833084
211	0.0	0.0	0.0	0.0	0.0	0.0	0.0	0.0	1000.0	1000.0	843999	0.018265108	0.0007407385	0.022362795	0.015986845	-0.018265106	0.00018550854	17189.031867027283
212	0.0	0.0	0.0	0.0	0.2	0.59999996	2.0	0.0	1000.0	1000.0	847999	0.018606577	0.0008114201	0.0223423	0.016259484	-0.018606508	0.0002005487	17272.499777555466
213	0.0	0.0	0.0	0.0	0.0	0.0	0.0	0.0	1000.0	1000.0	851999	0.018048178	0.00070814905	0.02227605	0.015914183	-0.01804805	0.00016051368	17356.342555999756
214	0.0	0.0	0.0	0.0	0.0	0.0	0.0	0.0	1000.0	1000.0	855999	0.01788399	0.0007452705	0.023167508	0.014871848	-0.01788427	0.00016548822	17439.619382619858
215	0.75	1.299038	3.0	0.0	0.0	0.0	0.0	0.0	1000.0	1000.0	859999	0.018064288	0.00079635414	0.021786388	0.015924951	-0.01806424	0.00020556863	17523.10720205307
216	0.0	0.0	0.0	0.0	0.0	0.0	0.0	0.0	1000.0	1000.0	863999	0.018717442	0.00082410267	0.024266703	0.01584398	-0.018717522	0.0002105937	17606.478312253952
217	0.0	0.0	0.0	0.0	0.0	0.0	0.0	0.0	1000.0	1000.0	867999	0.01855049	0.00072462653	0.022213511	0.016148482	-0.018550599	0.00018299188	17689.537845611572
218	0.0	0.0	0.0	0.0	0.0	0.0	0.0	0.0	1000.0	1000.0	871999	0.01867606	0.00075186027	0.022929275	0.0162669	-0.018676022	0.0001905209	17773.098877191544
219	0.0	0.0	0.0	0.0	0.0	0.0	0.0	0.0	1000.0	1000.0	875999	0.01898272	0.00078418315	0.022495896	0.016634751	-0.018982856	0.00022554427	17856.488013505936
220	0.0	0.0	0.0	0.0	0.2	0.59999996	2.0	0.0	1000.0	1000.0	879999	0.019485656	0.0007335139	0.023235112	0.017067572	-0.01948592	0.00019300642	17939.823548316956
221	0.0	0.0	0.0	0.0	0.0	0.0	0.0	0.0	1000.0	1000.0	883999	0.018952731	0.00071785995	0.022709336	0.016970212	-0.018952396	0.00016551206	18023.089356184006
222	0.0	0.0	0.0	0.0	0.0	0.0	0.0	0.0	1000.0	1000.0	887999	0.019147655	0.0008288277	0.022836184	0.016704518	-0.019147802	0.0002180621	18106.412301540375
223	0.5	0.8660254	2.0	0.0	0.0	0.0	0.0	0.0	1000.0	1000.0	891999	0.019025821	0.0007249289	0.023226097	0.016667271	-0.01902562	0.00015041426	18190.036209583282
224	0.0	0.0	0.0	0.0	0.0	0.0	0.0	0.0	1000.0	1000.0	895999	0.018997641	0.00086723897	0.02450468	0.016198121	-0.018997906	0.00022056406	18273.648103237152
225	0.0	0.0	0.0	0.0	0.0	0.0	0.0	0.0	1000.0	1000.0	899999	0.018946098	0.00077036675	0.02277605	0.016570691	-0.01894615	0.00018800255	18356.94806456566
226	0.0	0.0	0.0	0.0	0.0	0.0	0.0	0.0	1000.0	1000.0	903999	0.019624976	0.00082138134	0.023133386	0.017572984	-0.01962501	0.00023556592	18440.126343250275
227	0.0	0.0	0.0	0.0	0.0	0.0	0.0	0.0	1000.0	1000.0	907999	0.020224106	0.00077909156	0.024564818	0.018163174	-0.020224174	0.00022054336	18523.572325706482
228	0.0	0.0	0.0	0.0	0.0	0.0	0.0	0.0	1000.0	1000.0	911999	0.019929022	0.00074068585	0.023342026	0.018005548	-0.019928921	0.00016292486	18606.89863872528
229	0.0	0.0	0.0	0.0	0.0	0.0	0.0	0.0	1000.0	1000.0	915999	0.019823492	0.00080344954	0.02350506	0.017676517	-0.019823495	0.0002106314	18690.089394569397
230	0.0	0.0	0.0	0.0	0.1	0.29999998	1.0	0.0	1000.0	1000.0	919999	0.019235905	0.00071922573	0.02337211	0.016893825	-0.019235903	0.00015545235	18773.28469824791
231	0.0	0.0	0.0	0.0	0.0	0.0	0.0	0.0	1000.0	1000.0	923999	0.019054063	0.00077071734	0.022823632	0.016856376	-0.01905383	0.00018059087	18856.444317817688
232	0.0	0.0	0.0	0.0	0.0	0.0	0.0	0.0	1000.0	1000.0	927999	0.018433586	0.0007337467	0.022572385	0.016106972	-0.01843343	0.00014546466	18939.533658266068
233	0.0	0.0	0.0	0.0	0.0	0.0	0.0	0.0	1000.0	1000.0	931999	0.01818336	0.00074358727	0.022040106	0.015297739	-0.018182948	0.00016550282	19022.685378551483
234	0.0	0.0	0.0	0.0	0.0	0.0	0.0	0.0	1000.0	1000.0	935999	0.017947268	0.00077843986	0.021825561	0.015748233	-0.017947264	0.00019305745	19105.580504179
235	0.0	0.0	0.0	0.0	0.0	0.0	0.0	0.0	1000.0	1000.0	939999	0.018002847	0.00074171217	0.021784676	0.015910562	-0.018003313	0.0001679838	19188.78871154785
236	0.0	0.0	0.0	0.0	0.0	0.0	0.0	0.0	1000.0	1000.0	943999	0.018237397	0.0008553429	0.022848302	0.015662292	-0.018237388	0.00021559047	19272.177864789963
237	0.0	0.0	0.0	0.0	0.0	0.0	0.0	0.0	1000.0	1000.0	947999	0.018310942	0.00073781266	0.02246522	0.016463213	-0.018310955	0.00018549067	19355.150966644287
238	0.0	0.0	0.0	0.0	0.0	0.0	0.0	0.0	1000.0	1000.0	951999	0.018331995	0.00075322913	0.022107786	0.016100036	-0.01833196	0.00017550084	19438.183196783066
239	0.0	0.0	0.0	0.0	0.2	0.59999996	2.0	0.0	1000.0	1000.0	955999	0.018074235	0.00069340935	0.021897512	0.015833165	-0.018074129	0.00016299126	19521.537766695023
240	0.0	0.0	0.0	0.0	0.0	0.0	0.0	0.0	1000.0	1000.0	959999	0.018042035	0.0007051189	0.021706756	0.015925225	-0.018042015	0.00017297766	19604.802788972855
241	0.0	0.0	0.0	0.0	0.0	0.0	0.0	0.0	1000.0	1000.0	963999	0.01763883	0.00070559804	0.021316344	0.015431509	-0.01763869	0.00016298293	19687.898779153824
242	0.0	0.0	0.0	0.0	0.0	0.0	0.0	0.0	1000.0	1000.0	967999	0.017743932	0.00077767513	0.021372687	0.015515218	-0.01774401	0.00018306349	19771.34767794609
243	0.0	0.0	0.0	0.0	0.0	0.0	0.0	0.0	1000.0	1000.0	971999	0.017253237	0.0006849823	0.021234943	0.015604088	-0.017253144	0.00015045158	19854.48699116707
244	0.0	0.0	0.0	0.0	0.0	0.0	0.0	0.0	1000.0	1000.0	975999	0.017526634	0.0007716152	0.021231024	0.015495551	-0.017526733	0.00019554058	19937.8928463459
245	0.0	0.0	0.0	0.0	0.0	0.0	0.0	0.0	1000.0	1000.0	979999	0.01732985	0.0007138351	0.021646345	0.014789226	-0.017329738	0.0001504986	20021.081746578217
246	0.5	0.8660254	2.0	0.0	0.0	0.0	0.0	0.0	1000.0	1000.0	983999	0.017198503	0.0007558082	0.020739391	0.015200699	-0.017198706	0.00018553942	20104.211121320724
247	0.0	0.0	0.0	0.0	0.0	0.0	0.0	0.0	1000.0	1000.0	987999	0.01757019	0.0007763384	0.022087868	0.014943667	-0.017570099	0.00018553955	20187.34797525406
248	0.0	0.0	0.0	0.0	0.0	0.0	0.0	0.0	1000.0	1000.0	991999	0.017426068	0.0006862517	0.02129236	0.015452537	-0.017425904	0.00014794883	20270.426338672638
249	0.0	0.0	0.0	0.0	0.0	0.0	0.0	0.0	1000.0	1000.0	995999	0.017388172	0.0008769795	0.021680674	0.01476795	-0.017388519	0.00020320005	20353.95823574066
250	0.0	0.0	0.0	0.0	0.0	0.0	0.0	0.0	1000.0	1000.0	999999	0.017371133	0.0007225683	0.0226111	0.014452728	-0.017370889	0.00015547856	20437.290588140488
251	0.0	0.0	0.0	0.0	0.0	0.0	0.0	0.0	1000.0	1000.0	1003999	0.01706761	0.0006934711	0.020827558	0.015497435	-0.017067505	0.00015799172	20520.787023067474
252	0.0	0.0	0.0	0.0	0.0	0.0	0.0	0.0	1000.0	1000.0	1007999	0.01673032	0.000738748	0.020890014	0.014337552	-0.016729988	0.00014045938	20604.44600200653
253	0.0	0.0	0.0	0.0	0.0	0.0	0.0	0.0	1000.0	1000.0	1011999	0.016560977	0.00073431234	0.020518683	0.014279609	-0.016561508	0.00015797318	20687.696872234344
254	0.0	0.0	0.0	0.0	0.0	0.0	0.0	0.0	1000.0	1000.0	1015999	0.016122688	0.0007060726	0.020651957	0.013820468	-0.016122209	0.00013544342	20770.782261371613
255	0.0	0.0	0.0	0.0	0.2	0.4	1.0	0.0	1000.0	1000.0	1019999	0.016033202	0.00078553916	0.022216912	0.012329566	-0.016032994	0.00017059728	20854.20542860031
256	0.0	0.0	0.0	0.0	0.1	0.29999998	1.0	0.0	1000.0	1000.0	1023999	0.016329652	0.00076707406	0.020548485	0.013821571	-0.016330041	0.00019055228	20937.47561430931
257	0.0	0.0	0.0	0.0	0.0	0.0	0.0	0.0	1000.0	1000.0	1027999	0.016426565	0.00074364874	0.020258792	0.014219407	-0.016427018	0.0001680051	21020.78123831749
258	0.0	0.0	0.0	0.0	0.0	0.0	0.0	0.0	1000.0	1000.0	1031999	0.01628143	0.00068955816	0.022008233	0.014082269	-0.016281318	0.00013041464	21104.365681409836
259	0.0	0.0	0.0	0.0	0.0	0.0	0.0	0.0	1000.0	1000.0	1035999	0.015894068	0.00072917726	0.019933583	0.013541802	-0.015893513	0.00014547688	21187.50644350052
260	0.0	0.0	0.0	0.0	0.0	0.0	0.0	0.0	1000.0	1000.0	1039999	0.015463125	0.00072987203	0.01962237	0.012827581	-0.015463024	0.00013545543	21270.742557764053
261	0.0	0.0	0.0	0.0	0.0	0.0	0.0	0.0	1000.0	1000.0	1043999	0.015037029	0.00067289063	0.018831203	0.013054635	-0.015036886	0.00013044436	21354.055998563766
262	0.0	0.0	0.0	0.0	0.0	0.0	0.0	0.0	1000.0	1000.0	1047999	0.014742662	0.0007220089	0.018724836	0.012699696	-0.014742667	0.00013795742	21437.26933145523
263	0.0	0.0	0.0	0.0	0.0	0.0	0.0	0.0	1000.0	1000.0	1051999	0.014260478	0.0006667614	0.017903097	0.011918898	-0.014260323	0.000112924026	21520.24774456024
264	0.0	0.0	0.0	0.0	0.2	0.59999996	2.0	0.0	1000.0	1000.0	1055999	0.013831267	0.00070743816	0.018117122	0.011686336	-0.013831139	0.000112911555	21603.17177438736
265	0.0	0.0	0.0	0.0	0.0	0.0	0.0	0.0	1000.0	1000.0	1059999	0.012876732	0.0006601264	0.016434724	0.010220371	-0.012876642	8.534822e-05	21686.433798074722
266	0.0	0.0	0.0	0.0	0.0	0.0	0.0	0.0	1000.0	1000.0	1063999	0.012725028	0.0006816029	0.015896838	0.010864319	-0.012724905	0.00012797533	21770.199205636978
267	0.25	0.4330127	1.0	0.0	0.3	0.90000004	3.0	0.0	1000.0	1000.0	1067999	0.012313119	0.0006479256	0.016972383	0.009288315	-0.012312887	9.035018e-05	21853.246460437775
268	0.75	1.299038	3.0	0.0	0.0	0.0	0.0	0.0	1000.0	1000.0	1071999	0.011661674	0.00061760657	0.014961802	0.009566253	-0.011661572	8.2829014e-05	21936.472669124603
269	0.0	0.0	0.0	0.0	0.0	0.0	0.0	0.0	1000.0	1000.0	1075999	0.011184558	0.0006755421	0.015619516	0.008697383	-0.011184532	0.000110416884	22019.705369234085
270	0.0	0.0	0.0	0.0	0.0	0.0	0.0	0.0	1000.0	1000.0	1079999	0.011242057	0.0006458725	0.015434858	0.008976821	-0.011242026	0.00010288266	22102.808762073517
271	0.25	0.4330127	1.0	0.0	0.0	0.0	0.0	0.0	1000.0	1000.0	1083999	0.010864673	0.000666307	0.015378537	0.008253362	-0.010864627	9.2902315e-05	22186.04364347458
272	0.0	0.0	0.0	0.0	0.0	0.0	0.0	0.0	1000.0	1000.0	1087999	0.010196607	0.0005774106	0.013622717	0.0073671774	-0.010196337	5.5257136e-05	22269.34089064598
273	0.0	0.0	0.0	0.0	0.0	0.0	0.0	0.0	1000.0	1000.0	1091999	0.009250525	0.0005623055	0.012863824	0.007084422	-0.009250277	4.2718402e-05	22352.54973745346
274	0.0	0.0	0.0	0.0	0.0	0.0	0.0	0.0	1000.0	1000.0	1095999	0.008479892	0.0005653619	0.011773428	0.0063128415	-0.008479782	6.280935e-05	22435.948287963867
275	0.0	0.0	0.0	0.0	0.0	0.0	0.0	0.0	1000.0	1000.0	1099999	0.007831035	0.0005282474	0.010992266	0.0054377494	-0.007830819	3.521292e-05	22519.068355083466
276	0.0	0.0	0.0	0.0	0.6	1.0198039	3.0	0.0	1000.0	1000.0	1103999	0.0074256114	0.00057898415	0.012035296	0.004827139	-0.0074251904	7.030809e-05	22602.19187259674
277	0.0	0.0	0.0	0.0	0.0	0.0	0.0	0.0	1000.0	1000.0	1107999	0.0072925417	0.0005776148	0.01215319	0.004687805	-0.0072928714	6.0297214e-05	22685.30501651764
278	0.0	0.0	0.0	0.0	0.0	0.0	0.0	0.0	1000.0	1000.0	1111999	0.0068778857	0.00052769104	0.012161738	0.0039672214	-0.0068777683	4.275064e-05	22768.633597373962
279	0.0	0.0	0.0	0.0	0.0	0.0	0.0	0.0	1000.0	1000.0	1115999	0.006524933	0.00056530203	0.01055275	0.0040304963	-0.0065247146	6.0302144e-05	22851.887281179428
280	0.0	0.0	0.0	0.0	0.0	0.0	0.0	0.0	1000.0	1000.0	1119999	0.006265349	0.0005111369	0.009410152	0.0042625396	-0.006265449	4.52481e-05	22935.224809408188
281	0.25	0.4330127	1.0	0.0	0.0	0.0	0.0	0.0	1000.0	1000.0	1123999	0.005798096	0.00045113364	0.009644419	0.003383281	-0.0057979315	2.5177884e-05	23018.48272061348
282	0.0	0.0	0.0	0.0	0.0	0.0	0.0	0.0	1000.0	1000.0	1127999	0.0054626805	0.0005520016	0.008825039	0.0032683495	-0.005462493	5.5295997e-05	23101.933897972107
283	0.0	0.0	0.0	0.0	0.3	0.90000004	3.0	0.0	1000.0	1000.0	1131999	0.0052827154	0.00047704403	0.008798726	0.0031625517	-0.0052828044	3.772355e-05	23185.21173477173
284	0.0	0.0	0.0	0.0	0.0	0.0	0.0	0.0	1000.0	1000.0	1135999	0.004858553	0.00043724885	0.008406734	0.0024731378	-0.0048584193	2.266723e-05	23268.416941404343
285	0.0	0.0	0.0	0.0	0.0	0.0	0.0	0.0	1000.0	1000.0	1139999	0.004551714	0.000495177	0.008371421	0.0018458263	-0.004551692	3.5234734e-05	23351.81081342697
286	0.0	0.0	0.0	0.0	0.0	0.0	0.0	0.0	1000.0	1000.0	1143999	0.004426083	0.00045919747	0.0075982236	0.0022903078	-0.0044260374	3.5206547e-05	23434.93113708496
287	0.0	0.0	0.0	0.0	0.0	0.0	0.0	0.0	1000.0	1000.0	1147999	0.0038844205	0.00032805954	0.008501455	0.00048299035	-0.0038842643	7.5780313e-06	23518.288896799088
288	0.0	0.0	0.0	0.0	0.0	0.0	0.0	0.0	1000.0	1000.0	1151999	0.003683433	0.0005037458	0.0085557485	0.0009737313	-0.0036834246	3.5237448e-05	23601.56407570839
289	0.0	0.0	0.0	0.0	0.0	0.0	0.0	0.0	1000.0	1000.0	1155999	0.003544867	0.00042283602	0.0069819624	0.0010600456	-0.0035448156	2.5173204e-05	23684.925894260406
290	0.0	0.0	0.0	0.0	0.0	0.0	0.0	0.0	1000.0	1000.0	1159999	0.003305946	0.0004462223	0.0069516296	0.0006636245	-0.003305933	2.7705766e-05	23768.529983520508
291	0.0	0.0	0.0	0.0	0.0	0.0	0.0	0.0	1000.0	1000.0	1163999	0.0032978693	0.00047728125	0.006939538	0.0011629176	-0.0032978663	3.5228495e-05	23852.042100906372
292	0.0	0.0	0.0	0.0	0.0	0.0	0.0	0.0	1000.0	1000.0	1167999	0.003291136	0.00046519865	0.007627286	0.0007135462	-0.0032911354	3.2698023e-05	23935.468116283417
293	0.0	0.0	0.0	0.0	0.0	0.0	0.0	0.0	1000.0	1000.0	1171999	0.0034312122	0.00047156776	0.006794476	0.0011749058	-0.0034312422	4.020356e-05	24018.796345710754
294	0.0	0.0	0.0	0.0	0.0	0.0	0.0	0.0	1000.0	1000.0	1175999	0.0035585265	0.000487823	0.0066579184	0.00136392	-0.0035585498	4.022968e-05	24102.138875246048
295	0.0	0.0	0.0	0.0	0.0	0.0	0.0	0.0	1000.0	1000.0	1179999	0.0034125352	0.00043985763	0.0070658	0.00089529157	-0.0034124907	2.5187823e-05	24185.266466856003
296	0.0	0.0	0.0	0.0	0.6	1.8000001	6.0	0.0	1000.0	1000.0	1183999	0.0033094718	0.00045282143	0.006596846	0.0011320775	-0.0033094988	3.0204836e-05	24268.5166118145
297	0.0	0.0	0.0	0.0	0.0	0.0	0.0	0.0	1000.0	1000.0	1187999	0.0032272201	0.00039191265	0.007173908	0.00041207272	-0.0032271184	2.0138457e-05	24351.874180078506
298	0.0	0.0	0.0	0.0	0.2	0.59999996	2.0	0.0	1000.0	1000.0	1191999	0.0030130453	0.00045759874	0.006807204	0.00041027617	-0.0030130323	2.7706708e-05	24435.108225107193
299	0.0	0.0	0.0	0.0	0.1	0.29999998	1.0	0.0	1000.0	1000.0	1195999	0.0028127444	0.0003763993	0.0069729164	-0.000119519915	-0.0028127087	1.5135405e-05	24518.33651304245
300	0.0	0.0	0.0	0.0	0.0	0.0	0.0	0.0	1000.0	1000.0	1199999	0.0027783462	0.0005019262	0.006445048	0.00038021026	-0.002778349	3.7739814e-05	24601.6327252388
301	0.0	0.0	0.0	0.0	0.0	0.0	0.0	0.0	1000.0	1000.0	1203999	0.0029311609	0.0004420555	0.0076196743	-0.00011205931	-0.002931172	2.7691933e-05	24685.028410196304
302	0.0	0.0	0.0	0.0	0.0	0.0	0.0	0.0	1000.0	1000.0	1207999	0.0029247424	0.0004158962	0.006939805	0.00056704646	-0.0029247217	2.5170117e-05	24768.350838661194
303	0.25	0.4330127	1.0	0.0	0.1	0.29999998	1.0	0.0	1000.0	1000.0	1211999	0.0027123934	0.00036792186	0.006978254	-0.000119067015	-0.0027123336	1.5130899e-05	24848.843837976456
304	0.0	0.0	0.0	0.0	0.0	0.0	0.0	0.0	1000.0	1000.0	1215999	0.0025274737	0.00039773487	0.0064911027	-0.00028234156	-0.0025274358	1.7652377e-05	24929.01241660118
305	0.0	0.0	0.0	0.0	0.0	0.0	0.0	0.0	1000.0	1000.0	1219999	0.0025104673	0.00045577018	0.006110461	-6.506482e-05	-0.0025104927	3.0201132e-05	25009.4244120121
306	0.0	0.0	0.0	0.0	0.0	0.0	0.0	0.0	1000.0	1000.0	1223999	0.0029373756	0.0006043857	0.008031606	0.00035784955	-0.00293753	6.032353e-05	25090.081404924393
307	0.0	0.0	0.0	0.0	0.0	0.0	0.0	0.0	1000.0	1000.0	1227999	0.0033319897	0.00057328114	0.007490831	0.0006711815	-0.0033327825	5.7784673e-05	25170.82458806038
308	0.0	0.0	0.0	0.0	0.0	0.0	0.0	0.0	1000.0	1000.0	1231999	0.0035955734	0.0004362622	0.00667373	0.0016213928	-0.0035948865	3.2689182e-05	25251.565212249756
309	0.0	0.0	0.0	0.0	0.0	0.0	0.0	0.0	1000.0	1000.0	1235999	0.0035923398	0.00048038378	0.0076420363	0.0010543079	-0.003592336	3.5223256e-05	25332.38806462288
310	0.0	0.0	0.0	0.0	0.0	0.0	0.0	0.0	1000.0	1000.0	1239999	0.003587413	0.0005499928	0.008690021	0.00037747982	-0.0035874576	4.7778372e-05	25413.141000509262
311	0.0	0.0	0.0	0.0	0.0	0.0	0.0	0.0	1000.0	1000.0	1243999	0.0036892658	0.0004192331	0.0068761506	0.0015795268	-0.0036892337	2.7674783e-05	25493.775371551514
312	0.0	0.0	0.0	0.0	0.0	0.0	0.0	0.0	1000.0	1000.0	1247999	0.0035901032	0.00044303134	0.006897022	0.0013839328	-0.0035900865	3.2698357e-05	25574.46583533287
313	0.0	0.0	0.0	0.0	0.0	0.0	0.0	0.0	1000.0	1000.0	1251999	0.0034038874	0.00043137546	0.0071007246	0.0009649499	-0.0034038317	2.5191312e-05	25654.91261267662
314	0.0	0.0	0.0	0.0	0.1	0.29999998	1.0	0.0	1000.0	1000.0	1255999	0.0033357502	0.0004475717	0.008540357	0.00017399239	-0.0033357318	2.7682843e-05	25735.383209228516
315	0.0	0.0	0.0	0.0	0.2	0.59999996	2.0	0.0	1000.0	1000.0	1259999	0.0031331931	0.00040545836	0.006761778	0.00065486296	-0.0031331412	2.015888e-05	25815.750337600708
316	0.0	0.0	0.0	0.0	0.0	0.0	0.0	0.0	1000.0	1000.0	1263999	0.0029144462	0.00044377503	0.009667513	-0.0012563684	-0.0029144106	2.2695664e-05	25896.25555419922
317	0.0	0.0	0.0	0.0	0.0	0.0	0.0	0.0	1000.0	1000.0	1267999	0.0028353385	0.00041438878	0.006573264	0.00029197702	-0.0028353103	2.2671944e-05	25976.62357521057
318	0.5	0.8660254	2.0	0.0	0.0	0.0	0.0	0.0	1000.0	1000.0	1271999	0.0027231877	0.0004364092	0.006837014	-0.00026054657	-0.00272319	2.7688042e-05	26056.9709982872
319	0.0	0.0	0.0	0.0	0.0	0.0	0.0	0.0	1000.0	1000.0	1275999	0.002840584	0.0004545398	0.0073331776	0.00016463916	-0.0028405923	3.0181094e-05	26137.491157770157
320	0.0	0.0	0.0	0.0	0.0	0.0	0.0	0.0	1000.0	1000.0	1279999	0.0028303917	0.00043690746	0.0065501304	0.00025074798	-0.002830389	2.7687516e-05	26218.0057554245
321	0.0	0.0	0.0	0.0	0.3	0.90000004	3.0	0.0	1000.0	1000.0	1283999	0.0027061915	0.00040725165	0.0066389656	-9.479359e-05	-0.0027061568	2.0167938e-05	26298.705673456192
322	0.0	0.0	0.0	0.0	0.0	0.0	0.0	0.0	1000.0	1000.0	1287999	0.0027924655	0.00042304935	0.006080776	0.0006542789	-0.0027924762	3.019493e-05	26379.539398908615
323	0.0	0.0	0.0	0.0	0.0	0.0	0.0	0.0	1000.0	1000.0	1291999	0.0026440518	0.0003802501	0.0066600656	-0.00028498078	-0.0026440078	1.7634213e-05	26460.061660051346
324	0.0	0.0	0.0	0.0	0.0	0.0	0.0	0.0	1000.0	1000.0	1295999	0.0023359894	0.00030985387	0.0069619287	-0.0011523212	-0.0023359105	7.583294e-06	26540.48395895958
325	0.0	0.0	0.0	0.0	0.0	0.0	0.0	0.0	1000.0	1000.0	1299999	0.0023000033	0.00047437457	0.006093362	-0.00036617668	-0.0023000522	3.271559e-05	26620.910683631897
326	0.0	0.0	0.0	0.0	0.0	0.0	0.0	0.0	1000.0	1000.0	1303999	0.0023521504	0.0003745871	0.0062565515	-0.00031197522	-0.0023521185	1.763647e-05	26701.417235851288
327	0.0	0.0	0.0	0.0	0.0	0.0	0.0	0.0	1000.0	1000.0	1307999	0.0022496083	0.00031124332	0.006241938	-0.00021128691	-0.0022495743	1.5094521e-05	26782.314703464508
328	0.0	0.0	0.0	0.0	0.0	0.0	0.0	0.0	1000.0	1000.0	1311999	0.0022266249	0.0004976232	0.006572874	-0.0005677183	-0.0022266745	3.2749198e-05	26863.122609376907
329	0.0	0.0	0.0	0.0	0.0	0.0	0.0	0.0	1000.0	1000.0	1315999	0.0023216165	0.000399802	0.006092095	-0.00025520296	-0.0023216153	2.2657394e-05	26944.035890340805
330	0.0	0.0	0.0	0.0	0.0	0.0	0.0	0.0	1000.0	1000.0	1319999	0.0023320583	0.00041310347	0.006166358	-0.00032301678	-0.0023320545	2.2667184e-05	27024.77744626999
331	0.0	0.0	0.0	0.0	0.0	0.0	0.0	0.0	1000.0	1000.0	1323999	0.0024743688	0.00041596006	0.005689812	0.000371331	-0.0024743835	2.7667993e-05	27105.251527547836
332	0.0	0.0	0.0	0.0	0.0	0.0	0.0	0.0	1000.0	1000.0	1327999	0.002425033	0.00040874653	0.0064730006	-0.00038334363	-0.002425025	2.266996e-05	27185.70554113388
333	0.0	0.0	0.0	0.0	0.0	0.0	0.0	0.0	1000.0	1000.0	1331999	0.0022954075	0.00034491683	0.006506761	-0.0005458712	-0.002295368	1.5118392e-05	27265.61581969261
334	0.0	0.0	0.0	0.0	0.0	0.0	0.0	0.0	1000.0	1000.0	1335999	0.0022514097	0.00041313065	0.0065455493	-0.0008107219	-0.0022514104	2.2666078e-05	27345.47160744667
335	0.0	0.0	0.0	0.0	0.0	0.0	0.0	0.0	1000.0	1000.0	1339999	0.0022533643	0.00045094022	0.0060378644	-0.0003577225	-0.0022534027	3.0198042e-05	27425.44066643715
336	0.0	0.0	0.0	0.0	0.0	0.0	0.0	0.0	1000.0	1000.0	1343999	0.0024355813	0.0005022771	0.006096505	-0.00019902717	-0.0024356479	3.7731726e-05	27505.24398136139
337	0.0	0.0	0.0	0.0	0.0	0.0	0.0	0.0	1000.0	1000.0	1347999	0.0027320278	0.00046000426	0.0062111146	0.0002867724	-0.0027320667	3.5214794e-05	27585.64266848564
338	0.0	0.0	0.0	0.0	0.0	0.0	0.0	0.0	1000.0	1000.0	1351999	0.0027794447	0.0003897001	0.006159811	0.0004489551	-0.0027794184	2.26485e-05	27666.302698373795
339	0.0	0.0	0.0	0.0	0.2	0.59999996	2.0	0.0	1000.0	1000.0	1355999	0.0026746164	0.0004600031	0.006370774	0.00015863708	-0.0026746453	2.7710039e-05	27746.44382596016
340	0.0	0.0	0.0	0.0	0.0	0.0	0.0	0.0	1000.0	1000.0	1359999	0.0025941415	0.00038006643	0.006390403	-2.7634756e-05	-0.002594076	1.7639977e-05	27826.489563941956
341	0.0	0.0	0.0	0.0	0.0	0.0	0.0	0.0	1000.0	1000.0	1363999	0.0025680636	0.00039354697	0.0060185986	0.00024669664	-0.0025680487	2.2649889e-05	27906.552305221558
342	0.0	0.0	0.0	0.0	0.0	0.0	0.0	0.0	1000.0	1000.0	1367999	0.0025294572	0.00046713057	0.0063333465	-5.93827e-05	-0.0025294824	3.0215002e-05	27986.604135513306
343	0.0	0.0	0.0	0.0	0.0	0.0	0.0	0.0	1000.0	1000.0	1371999	0.0024705299	0.00037854878	0.0063159023	-0.00018772186	-0.002470494	1.7640656e-05	28066.551261663437
344	0.0	0.0	0.0	0.0	0.0	0.0	0.0	0.0	1000.0	1000.0	1375999	0.0023039898	0.00027395855	0.0064855246	-0.00051265163	-0.0023039125	7.5632465e-06	28146.28982591629
345	0.0	0.0	0.0	0.0	0.0	0.0	0.0	0.0	1000.0	1000.0	1379999	0.0022151181	0.00050030847	0.00681067	-0.0011592733	-0.0022151698	3.275604e-05	28226.305869102478
346	0.0	0.0	0.0	0.0	0.0	0.0	0.0	0.0	1000.0	1000.0	1383999	0.0023318727	0.00043860718	0.0059176763	-0.0001610181	-0.0023318923	2.7689313e-05	28306.232459545135
347	0.0	0.0	0.0	0.0	0.0	0.0	0.0	0.0	1000.0	1000.0	1387999	0.0022998282	0.00032629402	0.0060229385	-0.00018023235	-0.0022997784	1.2604335e-05	28386.23254299164
348	0.0	0.0	0.0	0.0	0.2	0.59999996	2.0	0.0	1000.0	1000.0	1391999	0.0021727679	0.00039102018	0.006145486	-0.00045576514	-0.0021727476	1.7651417e-05	28466.24880170822
349	0.0	0.0	0.0	0.0	0.0	0.0	0.0	0.0	1000.0	1000.0	1395999	0.0021291361	0.00040063003	0.005704879	-0.0002844331	-0.0021291303	2.0159534e-05	28546.405524730682
350	0.0	0.0	0.0	0.0	0.2	0.59999996	2.0	0.0	1000.0	1000.0	1399999	0.0021296376	0.0004723202	0.0065072295	-0.00048054993	-0.0021296698	2.7721657e-05	28626.75251698494
351	0.0	0.0	0.0	0.0	0.0	0.0	0.0	0.0	1000.0	1000.0	1403999	0.0022958901	0.0003794919	0.0058291955	-8.78299e-05	-0.0022958883	2.264271e-05	28706.850705385208
352	0.0	0.0	0.0	0.0	0.0	0.0	0.0	0.0	1000.0	1000.0	1407999	0.002142608	0.00037900315	0.0061185164	-0.000608658	-0.002142591	1.51402855e-05	28786.96285533905
353	0.0	0.0	0.0	0.0	0.0	0.0	0.0	0.0	1000.0	1000.0	1411999	0.0021231745	0.0004110541	0.006671301	-0.0009276649	-0.0021231675	2.2649061e-05	28866.913007497787
354	0.0	0.0	0.0	0.0	0.0	0.0	0.0	0.0	1000.0	1000.0	1415999	0.0021923475	0.0004440922	0.0059684305	-0.00023335018	-0.0021923766	2.7695702e-05	28947.025927066803
355	0.0	0.0	0.0	0.0	0.0	0.0	0.0	0.0	1000.0	1000.0	1419999	0.0023317256	0.0003874776	0.0056588952	0.00021523902	-0.0023317223	2.264791e-05	29027.30991458893
356	0.0	0.0	0.0	0.0	0.0	0.0	0.0	0.0	1000.0	1000.0	1423999	0.0022539014	0.0004164327	0.006581272	-0.0007759366	-0.0022539024	2.2670925e-05	29107.57166671753
357	0.0	0.0	0.0	0.0	0.0	0.0	0.0	0.0	1000.0	1000.0	1427999	0.0021782238	0.0004053397	0.006453207	-0.0007567585	-0.0021782154	2.0159692e-05	29187.702550172806
358	0.0	0.0	0.0	0.0	0.0	0.0	0.0	0.0	1000.0	1000.0	1431999	0.0023729908	0.0005060526	0.0064554787	-0.00020071687	-0.0023730611	3.7742608e-05	29267.924415826797
359	0.0	0.0	0.0	0.0	0.0	0.0	0.0	0.0	1000.0	1000.0	1435999	0.0024371794	0.00036015964	0.0059602577	4.9967377e-05	-0.0024371457	1.7626115e-05	29347.933275461197
360	0.0	0.0	0.0	0.0	0.0	0.0	0.0	0.0	1000.0	1000.0	1439999	0.0023739482	0.00041133392	0.0065161693	-0.00026439692	-0.002373931	2.015847e-05	29428.144654750824
361	0.0	0.0	0.0	0.0	0.0	0.0	0.0	0.0	1000.0	1000.0	1443999	0.0023691896	0.00047160115	0.006378642	-0.00053163944	-0.0023692227	3.0210414e-05	29508.28244304657
362	0.0	0.0	0.0	0.0	0.0	0.0	0.0	0.0	1000.0	1000.0	1447999	0.0024793167	0.00046846052	0.008054066	-0.00077663676	-0.0024793404	2.7704547e-05	29588.549783468246
363	0.0	0.0	0.0	0.0	0.0	0.0	0.0	0.0	1000.0	1000.0	1451999	0.0024742782	0.00038627992	0.006078594	-2.1941523e-06	-0.0024742465	2.0146093e-05	29668.7726457119
364	0.0	0.0	0.0	0.0	0.0	0.0	0.0	0.0	1000.0	1000.0	1455999	0.0023284554	0.00035496574	0.0062584192	-0.00037963927	-0.0023284147	1.5122064e-05	29748.93673968315
365	0.0	0.0	0.0	0.0	0.0	0.0	0.0	0.0	1000.0	1000.0	1459999	0.002134889	0.00042078373	0.006799825	-0.00080002006	-0.002134869	1.7674887e-05	29829.21921133995
366	0.0	0.0	0.0	0.0	0.0	0.0	0.0	0.0	1000.0	1000.0	1463999	0.0020809285	0.00038092985	0.0058173593	-0.0004564781	-0.0020808245	1.764349e-05	29909.470805168152
367	0.0	0.0	0.0	0.0	0.0	0.0	0.0	0.0	1000.0	1000.0	1467999	0.0021479556	0.00043867432	0.0060756477	-0.00029535888	-0.0021480767	2.769636e-05	29989.67001247406
368	0.0	0.0	0.0	0.0	0.0	0.0	0.0	0.0	1000.0	1000.0	1471999	0.002264056	0.0003986474	0.005696686	-2.3746077e-05	-0.002264056	2.2658005e-05	30070.09539961815
369	0.0	0.0	0.0	0.0	0.0	0.0	0.0	0.0	1000.0	1000.0	1475999	0.002307958	0.00045146656	0.006104268	-0.00026539422	-0.0023079813	2.7710568e-05	30150.362218618393
370	0.0	0.0	0.0	0.0	0.2	0.59999996	2.0	0.0	1000.0	1000.0	1479999	0.0023100313	0.00049565086	0.0076797614	-0.00064453605	-0.002310287	3.274504e-05	30230.47367143631
371	0.0	0.0	0.0	0.0	0.0	0.0	0.0	0.0	1000.0	1000.0	1483999	0.0026228973	0.00042316207	0.0059877965	0.00025114897	-0.002622722	3.2684125e-05	30310.971927404404
372	0.5	0.8660254	2.0	0.0	0.0	0.0	0.0	0.0	1000.0	1000.0	1487999	0.002776146	0.00046606702	0.006052525	0.00060934824	-0.0027761874	3.771042e-05	30390.68575310707
373	0.0	0.0	0.0	0.0	0.0	0.0	0.0	0.0	1000.0	1000.0	1491999	0.0028447395	0.0004119742	0.0065332516	0.00066336023	-0.0028447437	2.7661294e-05	30470.124620199203
374	0.0	0.0	0.0	0.0	0.0	0.0	0.0	0.0	1000.0	1000.0	1495999	0.002545986	0.00027041798	0.0072714183	-0.0009098928	-0.0025458836	5.0598096e-06	30549.961772441864
375	0.0	0.0	0.0	0.0	0.0	0.0	0.0	0.0	1000.0	1000.0	1499999	0.0023402066	0.00043078672	0.0063225813	-0.00034615662	-0.0023402034	2.268919e-05	30629.301181793213
376	0.0	0.0	0.0	0.0	0.0	0.0	0.0	0.0	1000.0	1000.0	1503999	0.0024072644	0.0004011528	0.006167969	-4.6141708e-05	-0.0024072567	2.2660777e-05	30708.756514787674
377	0.0	0.0	0.0	0.0	0.0	0.0	0.0	0.0	1000.0	1000.0	1507999	0.002366566	0.00043425616	0.0060356064	-0.00014471138	-0.0023665305	2.5189218e-05	30788.34205389023
378	0.0	0.0	0.0	0.0	0.0	0.0	0.0	0.0	1000.0	1000.0	1511999	0.0022527552	0.00025805293	0.006191399	-0.00039875743	-0.0022527357	1.0067357e-05	30868.059259414673
379	0.0	0.0	0.0	0.0	0.0	0.0	0.0	0.0	1000.0	1000.0	1515999	0.0022680887	0.00049835193	0.00659895	-0.0007739195	-0.0022681397	3.2742137e-05	30947.46732068062
380	0.0	0.0	0.0	0.0	0.2	0.59999996	2.0	0.0	1000.0	1000.0	1519999	0.002318155	0.00040784443	0.0058611506	-0.00010037777	-0.002318152	2.2669743e-05	31027.053905010223
381	0.0	0.0	0.0	0.0	0.0	0.0	0.0	0.0	1000.0	1000.0	1523999	0.0022517228	0.00037749717	0.006101605	-0.00034830614	-0.0022518376	1.7638671e-05	31106.53855895996
382	0.0	0.0	0.0	0.0	0.0	0.0	0.0	0.0	1000.0	1000.0	1527999	0.0022274405	0.00045147206	0.0059503056	-0.00030900558	-0.0022272712	2.7701333e-05	31186.13666176796
383	0.0	0.0	0.0	0.0	0.0	0.0	0.0	0.0	1000.0	1000.0	1531999	0.0023635537	0.0004166602	0.005756045	9.761704e-05	-0.0023636187	2.5173018e-05	31265.78140091896
384	0.0	0.0	0.0	0.0	0.0	0.0	0.0	0.0	1000.0	1000.0	1535999	0.0022756553	0.0003787999	0.0063046543	-0.0004714878	-0.0022756294	1.7642566e-05	31345.27538537979
385	0.0	0.0	0.0	0.0	0.0	0.0	0.0	0.0	1000.0	1000.0	1539999	0.0021867992	0.00038279232	0.0061612027	-0.0005723495	-0.0021867915	2.0138426e-05	31424.81605052948
386	0.0	0.0	0.0	0.0	0.1	0.29999998	1.0	0.0	1000.0	1000.0	1543999	0.0022254335	0.0003831629	0.005618857	-3.581599e-05	-0.0022254225	2.0145822e-05	31504.365646600723
387	0.0	0.0	0.0	0.0	0.0	0.0	0.0	0.0	1000.0	1000.0	1547999	0.0021485633	0.00040556988	0.006223312	-0.0006188564	-0.0021485568	2.0163727e-05	31584.027039527893
388	0.0	0.0	0.0	0.0	0.0	0.0	0.0	0.0	1000.0	1000.0	1551999	0.002189432	0.00038303426	0.0058157607	-0.00028024527	-0.0021894234	2.0147108e-05	31663.788781166077
389	0.0	0.0	0.0	0.0	0.0	0.0	0.0	0.0	1000.0	1000.0	1555999	0.0021096957	0.00040885163	0.0064683286	-0.000979116	-0.002109694	2.0148613e-05	31743.576230287552
390	0.0	0.0	0.0	0.0	0.0	0.0	0.0	0.0	1000.0	1000.0	1559999	0.002094713	0.00043045974	0.007432147	-0.0011309492	-0.0020947184	2.2666247e-05	31823.157252073288
391	0.0	0.0	0.0	0.0	0.2	0.59999996	2.0	0.0	1000.0	1000.0	1563999	0.0022351602	0.00043925707	0.0055946927	-0.00010970177	-0.0022351865	2.7690503e-05	31902.691205739975
392	0.0	0.0	0.0	0.0	0.0	0.0	0.0	0.0	1000.0	1000.0	1567999	0.0021330318	0.00034297057	0.0061272783	-0.0006623398	-0.0021329885	1.261525e-05	31982.106905460358
393	0.0	0.0	0.0	0.0	0.0	0.0	0.0	0.0	1000.0	1000.0	1571999	0.0021420436	0.00047219833	0.0077624316	-0.0012617017	-0.0021420754	2.7702965e-05	32061.580097436905
394	0.0	0.0	0.0	0.0	0.0	0.0	0.0	0.0	1000.0	1000.0	1575999	0.0024348095	0.00051017635	0.0057771523	-0.00016176821	-0.0024350262	4.0246392e-05	32141.05700278282
395	0.0	0.0	0.0	0.0	0.0	0.0	0.0	0.0	1000.0	1000.0	1579999	0.0025681483	0.0004993705	0.0077163274	-0.00031798298	-0.0025681332	3.523347e-05	32220.40064907074
396	0.0	0.0	0.0	0.0	0.0	0.0	0.0	0.0	1000.0	1000.0	1583999	0.0025660438	0.00034043647	0.006610684	-0.0002763035	-0.0025659164	1.5113819e-05	32300.063151597977
397	0.0	0.0	0.0	0.0	0.4	1.1999999	4.0	0.0	1000.0	1000.0	1587999	0.0024599554	0.00040696963	0.0066354116	-0.00042847317	-0.0024599335	2.0154655e-05	32379.775942087173
398	0.0	0.0	0.0	0.0	0.0	0.0	0.0	0.0	1000.0	1000.0	1591999	0.00235911	0.0003561966	0.006113136	-5.6461482e-05	-0.002359068	1.5116565e-05	32459.43972468376
399	0.0	0.0	0.0	0.0	0.0	0.0	0.0	0.0	1000.0	1000.0	1595999	0.0023672439	0.00052172184	0.006550942	-0.0006517138	-0.002367313	3.7768976e-05	32539.014407396317
400	0.0	0.0	0.0	0.0	0.2	0.59999996	2.0	0.0	1000.0	1000.0	1599999	0.0025461637	0.00041364483	0.0060353433	0.00013829792	-0.002546498	2.5171797e-05	32618.03004527092
401	0.0	0.0	0.0	0.0	0.0	0.0	0.0	0.0	1000.0	1000.0	1603999	0.0025288085	0.00046436783	0.005935872	0.00020059742	-0.0025284986	3.0214369e-05	32696.994901418686
402	0.0	0.0	0.0	0.0	0.0	0.0	0.0	0.0	1000.0	1000.0	1607999	0.0027654013	0.0005053106	0.007668825	-0.00018185539	-0.0027654644	4.0237286e-05	32776.01386928558
403	0.0	0.0	0.0	0.0	0.0	0.0	0.0	0.0	1000.0	1000.0	1611999	0.0027925198	0.00037463263	0.0069518625	0.00025257436	-0.0027924683	1.7636905e-05	32854.84380531311
404	0.0	0.0	0.0	0.0	0.0	0.0	0.0	0.0	1000.0	1000.0	1615999	0.002712333	0.00050028885	0.006608185	1.03197235e-05	-0.0027123736	3.5255183e-05	32934.177753448486
405	0.0	0.0	0.0	0.0	0.1	0.29999998	1.0	0.0	1000.0	1000.0	1619999	0.002925923	0.00043347437	0.0062160557	0.00081784104	-0.0029259396	3.26942e-05	33012.909121990204
406	0.0	0.0	0.0	0.0	0.0	0.0	0.0	0.0	1000.0	1000.0	1623999	0.0027739755	0.0003755854	0.0067424853	5.792844e-05	-0.0027739247	1.7638742e-05	33091.73061323166
407	0.0	0.0	0.0	0.0	0.0	0.0	0.0	0.0	1000.0	1000.0	1627999	0.0026955337	0.00044576346	0.006625262	-0.00015332713	-0.0026955502	3.020423e-05	33170.685715436935
408	0.0	0.0	0.0	0.0	0.0	0.0	0.0	0.0	1000.0	1000.0	1631999	0.0027288937	0.00039818775	0.0062058433	0.00032967835	-0.00272887	2.265956e-05	33249.56716489792
409	0.0	0.0	0.0	0.0	0.0	0.0	0.0	0.0	1000.0	1000.0	1635999	0.002586738	0.0003859371	0.0064734584	-6.613409e-06	-0.0025866965	1.764578e-05	33328.64618253708
410	0.0	0.0	0.0	0.0	0.0	0.0	0.0	0.0	1000.0	1000.0	1639999	0.0025293804	0.00045214727	0.0066295974	-0.00044064195	-0.0025294467	3.018948e-05	33407.6607940197
411	0.0	0.0	0.0	0.0	0.0	0.0	0.0	0.0	1000.0	1000.0	1643999	0.0025641406	0.00034133557	0.00593773	0.0003497767	-0.0025640593	1.7610695e-05	33486.751715898514
412	0.0	0.0	0.0	0.0	0.0	0.0	0.0	0.0	1000.0	1000.0	1647999	0.002484195	0.0004993241	0.0068827327	-0.0005134079	-0.0024842457	3.5233414e-05	33565.89541840553
413	0.0	0.0	0.0	0.0	0.0	0.0	0.0	0.0	1000.0	1000.0	1651999	0.0026468106	0.00041649715	0.006000157	0.00038075462	-0.002646811	2.7678378e-05	33644.93692159653
414	0.0	0.0	0.0	0.0	0.0	0.0	0.0	0.0	1000.0	1000.0	1655999	0.0026466094	0.0004119224	0.006435036	9.0266054e-05	-0.0026465983	2.2665818e-05	33723.94633889198
415	0.0	0.0	0.0	0.0	0.1	0.29999998	1.0	0.0	1000.0	1000.0	1659999	0.00254731	0.00039625604	0.0062435344	-1.0254043e-06	-0.0025472818	2.0154983e-05	33802.84704589844
416	0.0	0.0	0.0	0.0	0.0	0.0	0.0	0.0	1000.0	1000.0	1663999	0.0024031925	0.0003840895	0.006588074	-0.00051793724	-0.00240316	1.764419e-05	33881.94652414322
417	0.5	0.8660254	2.0	0.0	0.0	0.0	0.0	0.0	1000.0	1000.0	1667999	0.0024925822	0.00048874883	0.0061781053	3.592571e-05	-0.0024926339	3.5218185e-05	33961.056920051575
418	0.0	0.0	0.0	0.0	0.2	0.59999996	2.0	0.0	1000.0	1000.0	1671999	0.002618654	0.00043647096	0.005920678	0.0003809558	-0.0026186851	3.2703123e-05	34040.18211555481
419	0.0	0.0	0.0	0.0	0.1	0.29999998	1.0	0.0	1000.0	1000.0	1675999	0.0025774057	0.00039347788	0.0064240918	-7.5915974e-05	-0.0025779235	2.0151369e-05	34119.04287528992
420	0.0	0.0	0.0	0.0	0.0	0.0	0.0	0.0	1000.0	1000.0	1679999	0.002541298	0.00044562362	0.0063933227	-0.00021371135	-0.0025407644	2.769366e-05	34197.933139801025
421	0.0	0.0	0.0	0.0	0.0	0.0	0.0	0.0	1000.0	1000.0	1683999	0.0027511432	0.0005037885	0.007628089	-3.843537e-05	-0.0027511946	3.7744627e-05	34276.831666469574
422	0.0	0.0	0.0	0.0	0.0	0.0	0.0	0.0	1000.0	1000.0	1687999	0.0026639884	0.0003565693	0.0064441375	0.0001370762	-0.0026639304	1.5123306e-05	34355.84687042236
423	0.0	0.0	0.0	0.0	0.0	0.0	0.0	0.0	1000.0	1000.0	1691999	0.002558598	0.0004544224	0.007068482	-3.101623e-05	-0.0025586176	3.0208676e-05	34434.98086810112
424	0.0	0.0	0.0	0.0	0.0	0.0	0.0	0.0	1000.0	1000.0	1695999	0.0028246015	0.00046393837	0.0060675894	0.00076504616	-0.0028246385	3.5213954e-05	34513.83706831932
425	0.0	0.0	0.0	0.0	0.0	0.0	0.0	0.0	1000.0	1000.0	1699999	0.0026711978	0.00034636442	0.006874268	-0.00021704199	-0.002671128	1.2609877e-05	34592.889248132706
426	0.0	0.0	0.0	0.0	0.0	0.0	0.0	0.0	1000.0	1000.0	1703999	0.0026208204	0.00043247838	0.006458441	-0.00012007411	-0.0026208274	2.7678072e-05	34672.09995794296
427	0.0	0.0	0.0	0.0	0.2	0.59999996	2.0	0.0	1000.0	1000.0	1707999	0.0025973034	0.00043996947	0.0063612573	0.00010615552	-0.0025972996	2.5192472e-05	34751.16485261917
428	0.0	0.0	0.0	0.0	0.0	0.0	0.0	0.0	1000.0	1000.0	1711999	0.002613136	0.0004578123	0.006095886	0.0002104057	-0.0026131563	3.021079e-05	34830.25890278816
429	0.0	0.0	0.0	0.0	0.1	0.29999998	1.0	0.0	1000.0	1000.0	1715999	0.002647117	0.000493964	0.007811404	-0.00037891054	-0.0026471484	3.2734817e-05	34909.20393586159
430	0.0	0.0	0.0	0.0	0.0	0.0	0.0	0.0	1000.0	1000.0	1719999	0.002694289	0.00036647962	0.0066282605	-8.412861e-05	-0.0026942424	1.7626453e-05	34988.455960035324
431	0.0	0.0	0.0	0.0	0.0	0.0	0.0	0.0	1000.0	1000.0	1723999	0.002431249	0.0003698357	0.006637866	-0.00033320856	-0.002431303	1.7625774e-05	35067.37736272812
432	0.5	0.8660254	2.0	0.0	0.0	0.0	0.0	0.0	1000.0	1000.0	1727999	0.0023224521	0.00033639255	0.0063005164	-0.00036789742	-0.002322312	1.2608954e-05	35146.25716686249
433	0.0	0.0	0.0	0.0	0.0	0.0	0.0	0.0	1000.0	1000.0	1731999	0.002323957	0.00048058934	0.006186909	-0.00043346442	-0.0023240042	3.2725333e-05	35225.4392786026
434	0.25	0.4330127	1.0	0.0	0.0	0.0	0.0	0.0	1000.0	1000.0	1735999	0.0024920981	0.00043560588	0.005889723	0.00020997511	-0.0024922437	3.018271e-05	35304.72405457497
435	0.0	0.0	0.0	0.0	0.0	0.0	0.0	0.0	1000.0	1000.0	1739999	0.002395232	0.0003640847	0.006509577	-0.00050886685	-0.002395068	1.5132997e-05	35383.90942978859
436	0.0	0.0	0.0	0.0	0.2	0.59999996	2.0	0.0	1000.0	1000.0	1743999	0.0023942995	0.0004363762	0.006668421	-0.00015308114	-0.0023943053	2.518964e-05	35463.240683317184
437	0.0	0.0	0.0	0.0	0.0	0.0	0.0	0.0	1000.0	1000.0	1747999	0.0023576438	0.00037010695	0.005951566	-4.244555e-05	-0.002357614	1.763361e-05	35542.56795287132
438	0.0	0.0	0.0	0.0	0.0	0.0	0.0	0.0	1000.0	1000.0	1751999	0.0023280624	0.00048723505	0.006750231	-0.00046001334	-0.0023280974	3.0230307e-05	35621.486250162125
439	0.0	0.0	0.0	0.0	0.0	0.0	0.0	0.0	1000.0	1000.0	1755999	0.0023471455	0.00041316016	0.0061562546	-0.0002697099	-0.0023471408	2.266898e-05	35700.62581157684
440	0.75	1.299038	3.0	0.0	0.1	0.29999998	1.0	0.0	1000.0	1000.0	1759999	0.00247257	0.00045908877	0.0062125176	-0.0001455863	-0.0024726163	3.2707623e-05	35779.65239429474
441	0.25	0.4330127	1.0	0.0	0.0	0.0	0.0	0.0	1000.0	1000.0	1763999	0.0024072523	0.00032186342	0.006463516	-0.00040796748	-0.0024071885	1.260265e-05	35858.67851471901
442	0.0	0.0	0.0	0.0	0.0	0.0	0.0	0.0	1000.0	1000.0	1767999	0.0023375107	0.00045675476	0.006294966	-0.00042810373	-0.0023375324	2.7705924e-05	35938.0568022728
443	0.25	0.4330127	1.0	0.0	0.0	0.0	0.0	0.0	1000.0	1000.0	1771999	0.002563272	0.000490539	0.0061222576	0.00014200134	-0.0025633194	3.52311e-05	36016.84787273407
444	0.0	0.0	0.0	0.0	0.0	0.0	0.0	0.0	1000.0	1000.0	1775999	0.0026220488	0.0004228076	0.006484874	0.00023451593	-0.0026220437	2.5169898e-05	36096.56947660446
445	0.0	0.0	0.0	0.0	0.0	0.0	0.0	0.0	1000.0	1000.0	1779999	0.0026752609	0.0005203171	0.008280036	-0.0004708197	-0.0026753286	4.024499e-05	36175.8860168457
446	0.0	0.0	0.0	0.0	0.0	0.0	0.0	0.0	1000.0	1000.0	1783999	0.002974093	0.00048106123	0.0064720204	0.0007960459	-0.0029741318	3.7726008e-05	36255.27928972244
447	0.0	0.0	0.0	0.0	0.0	0.0	0.0	0.0	1000.0	1000.0	1787999	0.0030938904	0.00048319908	0.0063117594	0.00084526284	-0.0030939241	3.7731974e-05	36334.41772341728
448	0.5	0.8660254	2.0	0.0	0.0	0.0	0.0	0.0	1000.0	1000.0	1791999	0.0030779182	0.00046395184	0.006891502	0.0007333326	-0.0030774132	3.0208315e-05	36413.45707154274
449	0.0	0.0	0.0	0.0	0.0	0.0	0.0	0.0	1000.0	1000.0	1795999	0.0031418959	0.00043912462	0.006383653	0.0008786233	-0.003142404	3.2691965e-05	36492.45665478706
450	0.0	0.0	0.0	0.0	0.0	0.0	0.0	0.0	1000.0	1000.0	1799999	0.003040039	0.00044089716	0.006925483	0.0003648442	-0.0030407764	2.7690265e-05	36571.62592983246
451	0.0	0.0	0.0	0.0	0.0	0.0	0.0	0.0	1000.0	1000.0	1803999	0.0031669263	0.00051863963	0.0086043235	9.3615396e-05	-0.0031657973	3.7754573e-05	36651.20105552673
452	0.0	0.0	0.0	0.0	0.0	0.0	0.0	0.0	1000.0	1000.0	1807999	0.0030905362	0.00034291143	0.0071647423	0.00011890559	-0.0030908657	1.510014e-05	36730.489938020706
453	0.0	0.0	0.0	0.0	0.0	0.0	0.0	0.0	1000.0	1000.0	1811999	0.0029456278	0.00047801135	0.007097818	-5.0298564e-05	-0.002945644	3.2725024e-05	36809.71463251114
454	0.0	0.0	0.0	0.0	0.0	0.0	0.0	0.0	1000.0	1000.0	1815999	0.0030256934	0.00047921095	0.0062744846	0.0007743513	-0.00302573	3.7724327e-05	36889.061854839325
455	0.0	0.0	0.0	0.0	0.0	0.0	0.0	0.0	1000.0	1000.0	1819999	0.0031657862	0.00042995665	0.006263526	0.0011559796	-0.0031657787	3.0182495e-05	36968.156566143036
456	0.0	0.0	0.0	0.0	0.0	0.0	0.0	0.0	1000.0	1000.0	1823999	0.0031009684	0.0004778642	0.006854677	0.00055215514	-0.0031010013	3.7715035e-05	37047.38981938362
457	0.0	0.0	0.0	0.0	0.0	0.0	0.0	0.0	1000.0	1000.0	1827999	0.0031283025	0.00038411768	0.006687277	0.0006467684	-0.0031282594	2.2648876e-05	37126.59315109253
458	0.0	0.0	0.0	0.0	0.0	0.0	0.0	0.0	1000.0	1000.0	1831999	0.003204393	0.0005296728	0.007460172	0.0005929336	-0.0032044463	4.278004e-05	37205.77016687393
459	0.0	0.0	0.0	0.0	0.0	0.0	0.0	0.0	1000.0	1000.0	1835999	0.0030452027	0.00035971566	0.0067963507	0.0004043687	-0.0030451263	1.5122964e-05	37284.87786626816
460	0.0	0.0	0.0	0.0	0.2	0.59999996	2.0	0.0	1000.0	1000.0	1839999	0.002922896	0.00044828848	0.0062700035	0.00063487963	-0.0029228888	2.769934e-05	37363.99925279617
461	0.0	0.0	0.0	0.0	0.2	0.59999996	2.0	0.0	1000.0	1000.0	1843999	0.0028097094	0.00039682726	0.006825116	-5.392579e-05	-0.002809682	2.2664603e-05	37443.18553137779
462	0.0	0.0	0.0	0.0	0.0	0.0	0.0	0.0	1000.0	1000.0	1847999	0.0029173116	0.00047529113	0.0063079717	0.0004775457	-0.0029173417	3.5218673e-05	37522.21374464035
463	0.0	0.0	0.0	0.0	0.0	0.0	0.0	0.0	1000.0	1000.0	1851999	0.0029722091	0.00040985065	0.006251574	0.0006561583	-0.0029722115	3.0154977e-05	37601.29187345505
464	0.0	0.0	0.0	0.0	0.0	0.0	0.0	0.0	1000.0	1000.0	1855999	0.0029811882	0.0005428329	0.008219796	-0.00030156627	-0.0029812404	4.027234e-05	37680.74080705643
465	0.0	0.0	0.0	0.0	0.6	1.8000001	6.0	0.0	1000.0	1000.0	1859999	0.0031955997	0.00046179743	0.0063391016	0.0011820098	-0.0031956157	3.521108e-05	37760.078307151794
466	0.0	0.0	0.0	0.0	0.0	0.0	0.0	0.0	1000.0	1000.0	1863999	0.0030141962	0.00036919478	0.0069663567	0.00020678967	-0.003014121	1.51264685e-05	37839.1566028595
467	0.0	0.0	0.0	0.0	0.0	0.0	0.0	0.0	1000.0	1000.0	1867999	0.0028285498	0.00044182473	0.007002323	-0.0001891824	-0.0028285342	2.5192543e-05	37918.35107040405
468	0.0	0.0	0.0	0.0	0.0	0.0	0.0	0.0	1000.0	1000.0	1871999	0.0025990172	0.00033419684	0.006942892	-0.00040150416	-0.0025989371	1.0102382e-05	37997.50793194771
469	0.0	0.0	0.0	0.0	0.0	0.0	0.0	0.0	1000.0	1000.0	1875999	0.002479782	0.00039076846	0.0059411554	0.00018729453	-0.0024797588	2.0151472e-05	38076.64237713814
470	0.0	0.0	0.0	0.0	0.2	0.59999996	2.0	0.0	1000.0	1000.0	1879999	0.002374486	0.00042193357	0.006307809	-0.0002341526	-0.0023745564	2.2677372e-05	38155.80785346031
471	0.0	0.0	0.0	0.0	0.0	0.0	0.0	0.0	1000.0	1000.0	1883999	0.0024554473	0.000489079	0.006442946	-0.00018420382	-0.0024554133	3.2720956e-05	38234.80225086212
472	0.0	0.0	0.0	0.0	0.3	0.90000004	3.0	0.0	1000.0	1000.0	1887999	0.002455676	0.00043390872	0.0063209157	-0.00018401095	-0.0024556841	2.5183814e-05	38314.01005601883
473	0.0	0.0	0.0	0.0	0.0	0.0	0.0	0.0	1000.0	1000.0	1891999	0.0025631448	0.0004010369	0.0061836448	5.4805176e-05	-0.0025631525	2.2658322e-05	38393.38261961937
474	0.0	0.0	0.0	0.0	0.0	0.0	0.0	0.0	1000.0	1000.0	1895999	0.0026424814	0.0004754367	0.006910442	0.00011797942	-0.002642486	3.2708802e-05	38472.56860089302
475	0.0	0.0	0.0	0.0	0.1	0.29999998	1.0	0.0	1000.0	1000.0	1899999	0.0027042243	0.00043431853	0.0060668765	0.00042602862	-0.0027042273	2.7681135e-05	38551.50418353081
476	0.0	0.0	0.0	0.0	0.0	0.0	0.0	0.0	1000.0	1000.0	1903999	0.0026325868	0.00044235715	0.0067481115	-0.00030604558	-0.0026325802	2.5201025e-05	38630.44153165817
477	0.0	0.0	0.0	0.0	0.0	0.0	0.0	0.0	1000.0	1000.0	1907999	0.0026952182	0.000479659	0.006001646	0.0004875302	-0.0026952592	3.5213725e-05	38709.65362715721
478	0.0	0.0	0.0	0.0	0.0	0.0	0.0	0.0	1000.0	1000.0	1911999	0.0027324664	0.00042703422	0.006298113	0.0003078619	-0.002732461	2.5180485e-05	38788.675763607025
479	0.0	0.0	0.0	0.0	0.0	0.0	0.0	0.0	1000.0	1000.0	1915999	0.0027407638	0.00045088245	0.00618843	0.00030676572	-0.0027407717	3.0198275e-05	38867.635202646255
480	0.0	0.0	0.0	0.0	0.0	0.0	0.0	0.0	1000.0	1000.0	1919999	0.0028907587	0.00048423064	0.007663036	0.00030983274	-0.0028915147	3.769186e-05	38946.811985492706
481	0.0	0.0	0.0	0.0	0.0	0.0	0.0	0.0	1000.0	1000.0	1923999	0.0031047228	0.0005218216	0.00824763	0.00020433325	-0.0031040574	4.0261715e-05	39026.05977511406
482	0.0	0.0	0.0	0.0	0.0	0.0	0.0	0.0	1000.0	1000.0	1927999	0.003189044	0.00049795205	0.007443705	0.00039619935	-0.0031890946	4.0242598e-05	39105.300394296646
483	0.0	0.0	0.0	0.0	0.1	0.29999998	1.0	0.0	1000.0	1000.0	1931999	0.003270933	0.00040973927	0.007461271	0.00040170897	-0.0032708726	2.2654087e-05	39184.34479999542
484	0.0	0.0	0.0	0.0	0.0	0.0	0.0	0.0	1000.0	1000.0	1935999	0.00316141	0.0004578958	0.00671214	0.000709773	-0.0031614043	3.0198564e-05	39263.439621686935
485	0.0	0.0	0.0	0.0	0.0	0.0	0.0	0.0	1000.0	1000.0	1939999	0.0031371857	0.00046114222	0.0065642083	0.0007437233	-0.0031371922	3.27053e-05	39342.471660375595
486	0.5	0.8660254	2.0	0.0	0.2	0.59999996	2.0	0.0	1000.0	1000.0	1943999	0.00325701	0.00049006357	0.0065497644	0.0009873752	-0.0032570243	4.0234798e-05	39421.71232795715
487	0.0	0.0	0.0	0.0	0.0	0.0	0.0	0.0	1000.0	1000.0	1947999	0.0029759372	0.00031999894	0.007495646	-0.00020555261	-0.002975843	7.5829716e-06	39500.814017772675
488	0.0	0.0	0.0	0.0	0.2	0.4	1.0	0.0	1000.0	1000.0	1951999	0.002907819	0.0004541516	0.006709335	0.000624254	-0.0029078308	3.020374e-05	39579.8489780426
489	0.0	0.0	0.0	0.0	0.0	0.0	0.0	0.0	1000.0	1000.0	1955999	0.0029491382	0.00043625577	0.006245058	0.00064885145	-0.0029491405	3.0186966e-05	39658.72742176056
490	0.0	0.0	0.0	0.0	0.0	0.0	0.0	0.0	1000.0	1000.0	1959999	0.0029227065	0.00045856732	0.0066921264	0.00029824633	-0.0029227112	3.021072e-05	39737.622575998306
491	0.0	0.0	0.0	0.0	0.0	0.0	0.0	0.0	1000.0	1000.0	1963999	0.002723958	0.0003540722	0.006911707	-0.00014649927	-0.0027237702	1.2614191e-05	39816.595160484314
492	0.0	0.0	0.0	0.0	0.0	0.0	0.0	0.0	1000.0	1000.0	1967999	0.0026280307	0.00044694557	0.0070654387	-6.534337e-05	-0.00262814	2.5196652e-05	39895.53282022476
493	0.0	0.0	0.0	0.0	0.1	0.29999998	1.0	0.0	1000.0	1000.0	1971999	0.0026196018	0.0004811478	0.008459172	-0.0011691271	-0.0026197687	3.522169e-05	39974.370141506195
494	0.0	0.0	0.0	0.0	0.0	0.0	0.0	0.0	1000.0	1000.0	1975999	0.0028204964	0.00048519816	0.00796986	-1.9478059e-05	-0.002820415	3.5229696e-05	40053.41975784302
495	0.0	0.0	0.0	0.0	0.0	0.0	0.0	0.0	1000.0	1000.0	1979999	0.0029055253	0.0004230296	0.00614653	0.00071042	-0.0029055122	2.7678518e-05	40132.38766956329
496	0.0	0.0	0.0	0.0	0.6	1.1999999	3.0	0.0	1000.0	1000.0	1983999	0.0028440382	0.0004316205	0.006364999	0.000407991	-0.0028448296	2.7679846e-05	40211.462787628174
497	0.0	0.0	0.0	0.0	0.0	0.0	0.0	0.0	1000.0	1000.0	1987999	0.0028335478	0.0004481804	0.006157742	0.000602965	-0.0028327492	2.7710945e-05	40290.701956272125
498	0.0	0.0	0.0	0.0	0.0	0.0	0.0	0.0	1000.0	1000.0	1991999	0.0028025287	0.00039799794	0.006331698	0.00036647273	-0.0028025135	2.515687e-05	40369.86108875275
499	0.0	0.0	0.0	0.0	0.0	0.0	0.0	0.0	1000.0	1000.0	1995999	0.0025622577	0.00033218163	0.007191857	-0.00090853206	-0.0025621795	1.0095473e-05	40449.06429982185
500	0.0	0.0	0.0	0.0	0.2	0.59999996	2.0	0.0	1000.0	1000.0	1999999	0.0025143777	0.00044169405	0.0062375497	-3.692355e-05	-0.0025143912	2.7693779e-05	40528.17639231682
