Epoch	AverageEpRet	StdEpRet	MaxEpRet	MinEpRet	AverageTestEpRet	StdTestEpRet	MaxTestEpRet	MinTestEpRet	EpLen	TestEpLen	TotalEnvInteracts	AverageQVals	StdQVals	MaxQVals	MinQVals	LossPi	LossQ	Time
1	138.59966	6.8391232	145.56538	130.2235	282.5058	94.58983	527.07385	136.3145	1000.0	1000.0	3999	1.6672754	1.1570549	14.8575735	-2.7109008	-1.8160783	0.012048574	55.90441703796387
2	136.21103	6.3570986	144.33804	126.58536	279.1242	96.96032	373.27518	155.64319	1000.0	1000.0	7999	8.329614	3.43099	39.669487	1.2275069	-8.848262	0.077320404	122.29776549339294
3	175.68924	97.17874	342.3756	104.82373	148.02914	147.62854	368.95407	25.832605	1000.0	1000.0	11999	16.378374	2.7779148	36.10601	4.139407	-16.660574	0.121352494	193.2887692451477
4	112.29294	55.54466	202.91255	58.223354	94.148155	42.679703	216.44223	63.586338	1000.0	1000.0	15999	18.73841	2.5183668	31.210829	8.360731	-19.030682	0.07647734	263.7407581806183
5	119.18976	50.423027	181.98648	58.28041	145.21092	52.59197	218.41335	81.05874	1000.0	1000.0	19999	22.221445	2.3488562	35.163094	11.72351	-22.493835	0.06627791	331.780925989151
6	136.21501	39.620667	183.3208	76.70404	144.42027	68.49861	252.37387	33.983337	1000.0	1000.0	23999	25.288757	2.484254	39.76005	17.936954	-25.520645	0.08533373	400.667019367218
7	188.91554	51.46893	241.13791	123.22638	193.195	89.46151	378.356	78.84281	1000.0	1000.0	27999	26.72602	3.4865515	45.613464	19.24413	-27.002373	0.13264805	470.90980648994446
8	157.74648	22.297619	193.83627	132.89919	144.7128	17.571259	192.61252	128.03215	1000.0	1000.0	31999	29.731567	3.610524	47.117184	19.959038	-30.038088	0.19499995	547.8612153530121
9	216.784	81.83766	353.00406	134.42532	254.52693	117.778946	383.84256	60.853092	1000.0	1000.0	35999	31.368168	1.7393814	49.973667	23.394379	-31.600786	0.11350549	621.631739616394
10	322.61743	27.916306	351.22192	293.89536	375.62964	40.75057	474.2361	331.14273	1000.0	1000.0	39999	33.06835	2.3892562	55.298294	27.185574	-33.371124	0.15367557	693.4129168987274
11	461.76395	37.344776	512.7202	407.69016	452.33588	36.43978	538.29083	398.047	1000.0	1000.0	43999	37.03441	3.425776	60.85471	26.29757	-37.488377	0.28345007	765.867466211319
12	468.68292	32.092735	503.28094	416.63654	544.28186	26.684994	580.961	486.0678	1000.0	1000.0	47999	42.77014	3.9831672	64.841774	30.00883	-43.28754	0.38061583	842.2421703338623
13	446.14984	25.428284	488.2719	420.01648	472.73462	13.113642	495.41208	453.25488	1000.0	1000.0	51999	48.06532	4.805788	69.86934	33.095924	-48.55181	0.4160672	918.2038791179657
14	445.6219	183.1315	597.0073	135.15111	284.41327	161.98785	595.8793	128.84956	1000.0	1000.0	55999	52.079044	4.8199816	71.71857	35.93514	-52.529594	0.42095345	993.8346967697144
15	420.4619	167.53288	550.32996	134.29143	620.0978	34.60936	681.5229	568.59015	1000.0	1000.0	59999	54.70398	4.045386	73.546844	41.273193	-55.119118	0.41434032	1067.8523604869843
16	558.7551	22.014685	584.0381	529.91394	520.67737	43.22219	588.0152	454.22775	1000.0	1000.0	63999	57.869854	4.403322	75.15146	43.011986	-58.36037	0.51211506	1139.3898966312408
17	549.02924	29.963894	600.1381	523.9448	617.8001	33.861816	654.1782	552.00195	1000.0	1000.0	67999	60.881794	4.4660754	77.59975	45.107273	-61.316265	0.51508653	1219.3355758190155
18	600.53467	31.371347	644.6982	564.832	581.1769	39.576	667.36884	517.12604	1000.0	1000.0	71999	63.185505	4.3599825	78.93946	47.436043	-63.620567	0.5481283	1296.405347585678
19	649.55554	27.636786	681.66595	621.1489	602.0678	50.865078	665.9336	504.11874	1000.0	1000.0	75999	65.16414	4.15797	79.45948	49.12932	-65.58752	0.5042733	1369.6426029205322
20	656.9039	45.053005	729.5092	607.34576	649.91125	62.798363	737.4681	503.5543	1000.0	1000.0	79999	66.91604	4.0800734	81.223816	52.914032	-67.3157	0.48325953	1449.947120666504
21	638.1162	19.506472	666.75806	613.87134	623.922	37.55983	703.0627	582.8841	1000.0	1000.0	83999	68.325	4.3450675	83.55075	53.611595	-68.71852	0.49054214	1530.3838412761688
22	666.1914	31.985348	693.2839	613.9874	696.6449	19.491753	721.0576	656.7055	1000.0	1000.0	87999	69.68735	4.3384633	82.71397	55.122246	-70.0908	0.50995606	1618.2250683307648
23	680.27	54.86583	759.2707	605.30646	595.13434	183.36517	693.45374	58.582455	1000.0	1000.0	91999	70.96647	4.3807344	84.11084	56.954212	-71.346375	0.46725467	1699.2226240634918
24	687.26587	33.570538	727.7635	635.06116	485.34995	117.900635	704.2722	335.78705	1000.0	1000.0	95999	72.353226	4.2535167	85.41786	57.608433	-72.742905	0.4757357	1778.6156992912292
25	721.7897	26.564037	749.8825	678.6794	707.85187	33.55594	774.9295	658.0035	1000.0	1000.0	99999	73.54073	4.357258	86.84364	57.770203	-73.9195	0.449093	1859.0449478626251
26	695.56433	33.67568	722.1253	638.8468	708.9788	27.931181	743.67194	665.75024	1000.0	1000.0	103999	74.42635	4.438176	87.68471	56.466003	-74.78431	0.4603896	1941.897441625595
27	701.469	23.480835	739.85034	682.2499	706.4786	35.74042	756.50793	632.6882	1000.0	1000.0	107999	75.28179	4.697904	88.857925	59.3837	-75.66033	0.50225383	2024.8544569015503
28	714.6894	29.973133	757.1287	672.474	716.36804	23.495684	749.7435	686.33203	1000.0	1000.0	111999	76.412895	4.6664767	91.00157	58.463753	-76.7773	0.4963745	2104.708350419998
29	707.2924	35.328175	744.8361	661.64825	699.036	50.369972	743.9227	575.35754	1000.0	1000.0	115999	77.14577	4.70764	89.75952	58.820255	-77.50323	0.47670972	2182.9851660728455
30	715.2626	9.462698	724.69226	699.7523	751.48627	26.83889	806.06635	706.1048	1000.0	1000.0	119999	77.72607	4.692642	89.51209	60.265656	-78.06469	0.47673592	2268.165811061859
31	767.8766	17.789297	794.12744	744.915	768.6864	19.536407	802.907	734.4832	1000.0	1000.0	123999	78.205505	4.8981442	90.01742	60.81022	-78.54616	0.46944776	2354.543550014496
32	752.22034	21.901487	772.29645	716.6191	778.8707	22.013433	806.51776	737.04205	1000.0	1000.0	127999	78.96155	4.8921194	91.45055	60.403812	-79.31282	0.48870534	2434.1379058361053
33	775.9414	23.835215	814.3286	749.775	771.55023	22.4194	796.8652	732.4747	1000.0	1000.0	131999	79.717026	4.8157954	91.182365	62.825752	-80.051704	0.47402343	2511.217858314514
34	768.5154	24.037224	798.54663	737.77155	762.16626	29.603138	791.0639	705.88715	1000.0	1000.0	135999	80.31232	4.7125607	92.04878	61.98481	-80.64725	0.45801196	2588.6721742153168
35	763.5927	22.807837	800.94885	739.58856	757.2103	28.340807	795.3871	692.2938	1000.0	1000.0	139999	80.87155	4.6776767	91.93845	60.884747	-81.19989	0.45464343	2666.11678814888
36	748.176	19.497898	775.28796	723.85266	786.9618	18.53357	814.9355	768.0075	1000.0	1000.0	143999	81.29978	4.624893	92.45061	64.84526	-81.62257	0.45966053	2746.155134677887
37	762.51355	11.357095	774.5305	745.8869	771.8067	24.749588	806.3419	736.6733	1000.0	1000.0	147999	81.77531	4.697473	92.69422	64.247894	-82.10321	0.46039802	2832.4990136623383
38	765.4692	23.534517	792.5316	730.74536	769.1627	22.952692	817.61194	743.08075	1000.0	1000.0	151999	82.37377	4.826191	93.69955	64.11287	-82.69798	0.46961445	2908.735517024994
39	761.78235	32.084953	783.9889	706.3839	795.05316	14.3412895	820.04095	765.5226	1000.0	1000.0	155999	83.075264	4.912886	95.20068	63.85904	-83.41564	0.5174771	2989.4992728233337
40	795.6056	19.003963	813.43945	764.1076	788.68854	23.41595	828.3176	747.34534	1000.0	1000.0	159999	83.69656	4.7134953	94.452255	63.895638	-84.01931	0.47402188	3071.2856616973877
41	741.1902	20.002169	760.68964	714.0872	759.159	27.15282	792.03564	703.11975	1000.0	1000.0	163999	84.10257	4.635666	94.29286	65.0123	-84.416916	0.46796852	3152.555070400238
42	769.887	33.576088	802.404	723.3644	773.5506	35.496502	827.7219	715.4608	1000.0	1000.0	167999	84.29948	4.7349133	95.06708	66.2728	-84.599846	0.4492671	3231.6969578266144
43	786.10156	37.272175	844.3874	746.19183	814.29645	35.94521	857.48035	749.02185	1000.0	1000.0	171999	84.56644	4.8369384	95.07039	64.29361	-84.87981	0.47448075	3312.238617181778
44	803.4794	6.743263	814.1842	795.8304	830.3041	29.20974	864.7988	778.581	1000.0	1000.0	175999	85.01009	4.873836	95.60725	63.844208	-85.321	0.47333783	3400.7563395500183
45	930.1157	22.684978	966.6821	907.0192	937.4084	36.854053	995.0379	883.0862	1000.0	1000.0	179999	85.54734	5.134815	96.75029	63.64874	-85.86747	0.4954487	3488.730707168579
46	955.8489	37.10081	998.6127	914.11615	949.14856	80.95519	997.9011	713.8323	1000.0	1000.0	183999	86.542	5.3372226	99.65991	64.56813	-86.891014	0.5314275	3571.2543535232544
47	928.6411	23.457024	956.13806	895.2354	895.5672	30.697796	943.8861	829.8136	1000.0	1000.0	187999	88.14928	5.8751388	99.81772	62.90998	-88.53954	0.6101585	3649.905616760254
48	941.0785	22.496458	968.1061	912.7576	907.7666	16.602385	937.8426	875.0858	1000.0	1000.0	191999	90.04528	5.880237	102.20938	65.28175	-90.433876	0.6234131	3730.6825861930847
49	981.282	20.691029	997.52484	946.40393	965.34973	19.31265	990.0238	926.81006	1000.0	1000.0	195999	91.76651	6.0137115	102.973335	66.88767	-92.15808	0.6232333	3811.4875676631927
50	945.6949	33.059223	980.0575	891.06323	933.96484	37.050438	972.9674	840.9253	1000.0	1000.0	199999	93.10719	6.221983	104.52296	69.71991	-93.489075	0.6203364	3886.7595505714417
51	956.2888	17.695257	977.62006	928.7105	933.03253	30.766409	972.9008	888.1398	1000.0	1000.0	203999	94.31047	6.0734797	104.83867	70.3388	-94.687675	0.6144494	3970.984370946884
52	945.26733	14.252921	964.1292	926.33453	975.133	14.747307	997.6552	952.74164	1000.0	1000.0	207999	95.24186	6.013288	105.497604	72.763954	-95.60872	0.59959483	4055.285744667053
53	977.5029	17.023235	999.47485	956.4456	970.98895	21.296406	996.3483	933.4541	1000.0	1000.0	211999	95.91704	6.1379523	107.048485	72.505745	-96.27893	0.57841957	4131.197524309158
54	972.9847	16.441708	986.5909	945.8787	950.568	23.695795	994.8627	917.61694	1000.0	1000.0	215999	96.67028	5.959901	106.570854	72.42721	-97.03708	0.5606699	4208.517223358154
55	955.6063	13.195248	974.9501	937.6846	974.32697	17.87119	997.6634	928.6617	1000.0	1000.0	219999	97.18435	5.929525	106.939644	75.11161	-97.53781	0.5485465	4285.859497785568
56	954.56506	17.350264	976.65106	928.00464	983.757	10.804474	999.2001	967.40125	1000.0	1000.0	223999	97.78875	6.067675	107.84875	74.41332	-98.14375	0.5384895	4362.671662092209
57	974.3031	7.848883	987.1469	966.5296	967.2801	21.876959	989.99603	918.29425	1000.0	1000.0	227999	98.11091	6.000774	107.44589	74.59018	-98.45253	0.5209495	4437.835231781006
58	949.0754	13.026911	968.088	932.81476	935.2087	29.579699	969.4925	875.7797	1000.0	1000.0	231999	98.21277	6.023128	108.87106	74.948425	-98.52705	0.49256867	4515.2420773506165
59	968.5661	18.301111	998.2204	948.15424	952.29346	24.674202	980.95605	882.01794	1000.0	1000.0	235999	98.23173	6.302506	109.46224	75.569916	-98.561516	0.5197622	4594.230702638626
60	960.67163	18.033487	991.0353	943.7427	963.4787	29.133854	997.67224	896.38574	1000.0	1000.0	239999	98.7388	6.058442	109.56765	73.62905	-99.0811	0.51674306	4673.154097318649
61	959.9012	15.041552	978.4216	940.754	962.01953	34.464443	985.2458	861.7138	1000.0	1000.0	243999	99.01721	6.011544	108.01242	74.28894	-99.32817	0.4744247	4754.64289689064
62	973.3053	10.541041	990.30457	961.8841	972.0755	16.932869	991.7675	926.84595	1000.0	1000.0	247999	98.96225	6.0048623	111.09594	73.67284	-99.26445	0.46090817	4835.06246972084
63	947.5758	20.758976	970.7998	915.14667	956.30945	15.936511	983.8064	928.7072	1000.0	1000.0	251999	98.90138	5.8486357	107.400505	73.00565	-99.2087	0.44845256	4916.634923696518
64	983.6193	9.094276	995.9303	973.1919	899.6427	35.063526	959.9723	848.032	1000.0	1000.0	255999	98.89845	5.827951	106.946335	74.08633	-99.19082	0.43930864	5002.4027190208435
65	959.5464	12.873893	979.07404	945.1461	967.96844	20.145504	993.12427	934.11414	1000.0	1000.0	259999	98.83347	5.8430305	107.677	74.3864	-99.13222	0.43733984	5082.841235399246
66	965.6279	20.282177	985.6602	932.2768	964.85706	24.80811	992.4275	912.3443	1000.0	1000.0	263999	98.80047	5.8367023	108.87036	72.65408	-99.08719	0.4422979	5158.6354076862335
67	976.6092	13.531232	996.8387	958.7112	936.9292	33.811935	967.8037	852.1559	1000.0	1000.0	267999	98.91829	5.7899113	108.86739	74.532906	-99.210144	0.42575723	5237.549902200699
68	963.0322	17.271957	977.066	933.4475	960.0674	33.79613	997.1893	873.4474	1000.0	1000.0	271999	98.96796	5.6587214	108.22256	75.49206	-99.24825	0.4108712	5320.541627168655
69	899.7037	141.4785	996.0991	656.1052	782.49713	163.0805	967.14636	557.50165	1000.0	1000.0	275999	98.87443	5.7228503	107.72304	75.528946	-99.154945	0.39134783	5404.475739479065
70	941.8553	29.374062	971.5357	910.8556	968.1559	17.083445	987.02386	933.891	1000.0	1000.0	279999	98.84092	5.781457	108.531364	73.94765	-99.11209	0.39396837	5492.053337812424
71	974.27893	30.299454	998.5836	922.9121	974.42175	25.729357	994.23456	902.12714	1000.0	1000.0	283999	98.82151	5.7822323	107.118515	75.93757	-99.092	0.39724964	5576.478718757629
72	950.1781	45.19411	984.6143	873.24457	963.5199	24.415503	992.73474	914.6122	1000.0	1000.0	287999	98.7908	5.68471	106.78347	71.46384	-99.05683	0.38557637	5661.61928653717
73	941.63043	8.398235	951.1162	931.81445	981.818	12.133976	997.6868	963.25977	1000.0	1000.0	291999	98.70375	5.706993	106.01676	73.445724	-98.96383	0.40115282	5745.236991405487
74	964.2471	20.872839	994.68384	939.79346	975.6128	11.145504	988.47815	959.7686	1000.0	1000.0	295999	98.6606	5.7274365	106.49026	72.54194	-98.92533	0.40001118	5829.389725923538
75	976.35706	18.668179	998.29376	947.0514	969.98376	22.41013	998.216	928.81854	1000.0	1000.0	299999	98.80598	5.6295843	107.53794	72.08269	-99.07171	0.40506908	5911.197595357895
76	966.04944	22.541824	993.1924	931.1535	968.0615	18.494396	990.95795	923.4696	1000.0	1000.0	303999	98.83542	5.5784216	107.92746	72.61041	-99.086555	0.37469262	5998.423294067383
77	978.9566	22.441286	998.79395	943.3001	964.0495	27.313082	991.2645	905.2934	1000.0	1000.0	307999	98.71973	5.7712803	106.52494	72.618416	-98.97108	0.38663423	6083.558876037598
78	978.1531	10.332543	988.36475	964.9593	981.2291	11.398638	997.6854	960.79956	1000.0	1000.0	311999	98.82318	5.776493	106.51244	73.31536	-99.078255	0.40581027	6169.455693483353
79	982.4176	11.397415	997.13727	967.26184	986.50507	8.69483	999.3915	971.0445	1000.0	1000.0	315999	98.82793	5.660953	108.684265	71.73033	-99.06948	0.37759587	6253.29038643837
80	967.46686	38.615993	998.6147	901.2799	953.41125	25.010769	994.7018	911.21326	1000.0	1000.0	319999	98.77289	5.7068043	105.859085	70.667984	-99.01813	0.37513337	6336.411077976227
81	972.67175	12.315502	985.8083	955.0603	971.13983	13.4050865	994.31213	949.7961	1000.0	1000.0	323999	98.80799	5.608231	106.268074	74.53743	-99.04853	0.3779156	6421.224927663803
82	970.97687	21.778568	996.6801	936.44037	971.99725	19.787518	996.94226	936.6159	1000.0	1000.0	327999	98.85215	5.671464	106.49037	71.19628	-99.096466	0.372298	6504.086800336838
83	985.64044	7.524474	998.4111	979.95013	963.8921	32.07876	997.91406	883.11816	1000.0	1000.0	331999	98.9551	5.6185846	106.288864	75.24273	-99.194725	0.3629365	6591.795191049576
84	980.2976	10.074065	991.01807	965.4686	962.24335	24.2076	994.14215	911.5155	1000.0	1000.0	335999	98.94501	5.5277767	110.67152	71.417496	-99.17493	0.35317045	6676.8436160087585
85	977.1045	14.353487	990.4055	953.05774	966.3869	21.183693	991.6166	911.01	1000.0	1000.0	339999	98.88687	5.409243	107.3145	69.74456	-99.11185	0.34800902	6757.441211223602
86	958.3672	14.800086	983.7902	947.49445	980.06055	17.57803	997.1677	947.7379	1000.0	1000.0	343999	98.79985	5.4510264	105.72193	71.62871	-99.02259	0.3443979	6839.037182092667
87	954.48505	27.463303	974.99634	907.8964	970.78827	27.106651	997.9435	915.106	1000.0	1000.0	347999	98.73968	5.447835	105.262276	75.07016	-98.95564	0.330282	6918.5525670051575
88	976.1384	18.004631	997.4163	948.5393	972.06036	21.623587	996.5407	936.7124	1000.0	1000.0	351999	98.56309	5.6326656	105.69433	73.18559	-98.780266	0.34236833	6999.093402385712
89	975.5247	23.29224	993.0424	935.8897	982.8368	9.9229355	996.0944	964.1614	1000.0	1000.0	355999	98.58746	5.6164417	105.405365	70.17787	-98.812325	0.36363623	7077.398014545441
90	959.14484	35.168335	985.4666	898.62976	985.796	12.405754	998.8214	963.7973	1000.0	1000.0	359999	98.70752	5.4946184	106.30196	67.387596	-98.92654	0.3444953	7155.809605836868
91	970.17993	15.3463335	986.12164	949.1973	981.7454	14.374546	998.8223	956.4913	1000.0	1000.0	363999	98.74892	5.4578834	105.63068	73.93943	-98.96843	0.33371016	7232.5197422504425
92	976.89813	11.077382	995.92706	968.2616	971.55505	14.438024	997.07495	954.36755	1000.0	1000.0	367999	98.84731	5.404718	106.459435	73.69588	-99.0601	0.3369131	7311.495284318924
93	987.14075	6.237004	994.58636	977.437	985.23114	8.650063	996.35004	970.90466	1000.0	1000.0	371999	98.78313	5.4822335	105.7058	74.44305	-98.99713	0.3284751	7399.795341968536
94	988.82214	9.411379	997.00616	973.08923	974.2254	37.125996	996.02954	865.5564	1000.0	1000.0	375999	98.88726	5.3228855	107.28056	73.80878	-99.10149	0.3206422	7484.329367876053
95	966.7284	18.306683	988.5916	937.79205	983.0462	8.78315	997.4941	967.1081	1000.0	1000.0	379999	98.83318	5.463742	106.02423	70.06928	-99.04271	0.31827602	7566.403963327408
96	973.55975	13.298521	990.4263	953.1545	969.47687	18.619694	992.71484	930.6361	1000.0	1000.0	383999	98.93258	5.420109	106.687645	73.0145	-99.14025	0.31774482	7646.048382282257
97	967.27496	8.704723	974.61237	952.43854	969.7446	13.970718	987.5375	942.64355	1000.0	1000.0	387999	98.98079	5.3374977	108.00858	72.905785	-99.186	0.32133415	7722.774088382721
98	973.92694	19.891361	989.37195	940.0391	971.2323	23.872612	996.3124	906.3403	1000.0	1000.0	391999	98.92627	5.3867345	106.288475	71.6109	-99.13118	0.3059657	7799.74352312088
99	957.40125	9.000821	966.6347	943.19714	964.35614	19.964014	988.9566	929.05975	1000.0	1000.0	395999	99.00202	5.406924	106.31433	73.27535	-99.20721	0.3059562	7886.1999497413635
100	973.29254	4.980236	979.1203	966.0208	972.7404	6.8451953	982.7778	957.0308	1000.0	1000.0	399999	99.09471	5.369434	106.625275	73.034966	-99.29345	0.30583167	7962.276564121246
101	970.61017	26.007658	996.0784	934.94525	971.8335	16.488962	997.07056	939.7027	1000.0	1000.0	403999	99.0568	5.394874	105.14228	71.45553	-99.25216	0.30351776	8045.370502471924
102	990.4596	7.402701	998.69727	979.11487	977.14435	13.17996	997.68494	947.36523	1000.0	1000.0	407999	99.06476	5.3807383	105.61232	72.65997	-99.25783	0.3041217	8122.85706782341
103	971.35974	9.475826	986.1514	959.7312	972.85333	16.01359	999.4301	935.18274	1000.0	1000.0	411999	99.01767	5.404321	105.238945	65.15018	-99.21125	0.31020248	8197.535621404648
104	986.3358	14.155913	999.1893	963.22296	971.67395	22.962008	997.1959	920.369	1000.0	1000.0	415999	99.04948	5.3151655	105.33394	69.87374	-99.24117	0.2976637	8275.162135362625
105	955.52136	53.67935	998.08765	863.5842	965.85516	16.401081	991.7892	940.0406	1000.0	1000.0	419999	99.02844	5.316935	106.27208	71.59959	-99.21866	0.30616364	8361.491320848465
106	977.92065	4.8908195	981.21643	969.4702	976.6681	16.67982	998.85785	952.70044	1000.0	1000.0	423999	99.04582	5.2254333	105.32874	68.47094	-99.23553	0.30113366	8452.877524852753
107	966.0425	20.034489	988.38074	938.27844	976.64636	15.709063	992.4611	937.67816	1000.0	1000.0	427999	98.95536	5.3854184	105.37144	63.23482	-99.136215	0.29941145	8544.557539701462
108	970.5271	17.132421	994.05975	946.0305	954.5041	26.380615	990.4765	895.27545	1000.0	1000.0	431999	98.93883	5.343567	105.693275	71.797485	-99.12913	0.31273383	8630.791618824005
109	978.38257	15.425533	996.359	954.44727	955.4165	27.839754	992.5087	894.4659	1000.0	1000.0	435999	99.03844	5.2342257	105.156425	71.74402	-99.22708	0.288044	8714.14975976944
110	966.37964	21.021114	981.77515	930.4204	963.3509	40.82889	996.5547	848.91583	1000.0	1000.0	439999	99.0061	5.2068024	105.27837	70.965385	-99.180786	0.27952692	8798.263598203659
111	991.37805	5.0544305	998.44403	986.2184	976.03436	18.629465	998.7975	944.93427	1000.0	1000.0	443999	98.95665	5.1518645	104.7858	72.24463	-99.135345	0.2762213	8876.491764307022
112	986.5376	15.141319	998.58167	961.40515	990.3634	7.324574	998.4991	977.1453	1000.0	1000.0	447999	98.94698	5.0726957	104.6895	72.26456	-99.124016	0.26930568	8960.212677717209
113	977.7774	6.982622	986.78687	967.1684	972.9901	13.127599	994.6734	949.741	1000.0	1000.0	451999	98.95603	5.14698	104.68914	72.759384	-99.13284	0.27348018	9046.046024560928
114	983.7335	12.063909	994.52045	963.58905	977.7848	18.585146	996.74774	935.30164	1000.0	1000.0	455999	99.01962	5.0647407	105.76356	68.2536	-99.197655	0.27467713	9137.772677659988
115	953.9731	31.866568	997.2059	907.4812	965.4248	19.19178	988.2141	915.6909	1000.0	1000.0	459999	99.03162	5.020216	105.27878	72.224525	-99.20153	0.2711071	9228.2104575634
116	974.9634	15.493221	993.7942	951.1829	983.3627	10.5030985	997.64166	958.73584	1000.0	1000.0	463999	99.00986	4.993525	105.70059	71.723274	-99.18419	0.27002028	9318.510590791702
117	981.8065	11.580918	993.48126	964.2783	976.38574	20.903656	991.57605	918.45337	1000.0	1000.0	467999	98.96885	5.0729914	104.80864	74.0741	-99.13633	0.25510165	9409.949912548065
118	981.9467	5.944798	987.2054	972.4953	980.9173	13.024612	998.497	956.2859	1000.0	1000.0	471999	98.88889	5.1905446	105.743195	69.699814	-99.05334	0.2630252	9495.683649301529
119	981.523	16.40374	997.4847	954.0718	973.7792	7.010173	984.52466	962.9193	1000.0	1000.0	475999	98.86315	5.135763	106.06206	65.842606	-99.03619	0.27642956	9579.086117267609
120	974.4518	18.761711	997.8025	955.4425	981.6048	15.064687	998.91766	949.81165	1000.0	1000.0	479999	98.9237	5.05638	104.52406	66.89308	-99.09075	0.26917058	9664.659712076187
121	964.81354	20.635838	986.39325	932.3268	970.464	22.642767	992.9444	913.03815	1000.0	1000.0	483999	98.87295	5.086725	104.666466	70.08608	-99.0379	0.27584723	9746.033898830414
122	973.6222	11.895235	984.8442	953.5942	984.5104	8.076373	995.7734	971.817	1000.0	1000.0	487999	98.878	5.061537	104.50988	71.31285	-99.03947	0.26629478	9823.895933389664
123	981.16223	8.165399	992.38	970.6354	986.29944	11.304576	998.7563	962.7847	1000.0	1000.0	491999	98.84679	5.2160463	105.2841	69.33817	-99.01111	0.2695181	9908.74377989769
124	979.0292	8.529084	987.44995	965.5269	975.1058	15.706456	995.6393	934.18854	1000.0	1000.0	495999	98.86133	5.212066	105.82538	68.85885	-99.01733	0.26732522	9987.657061576843
125	988.1881	5.8960824	997.3561	981.12787	987.0001	12.44983	998.4637	967.79926	1000.0	1000.0	499999	98.81361	5.2731133	105.79209	60.111694	-98.97039	0.27599305	10064.579737186432
126	977.09924	8.620604	991.2585	967.91644	982.13965	24.76159	998.5047	913.84344	1000.0	1000.0	503999	98.79069	5.24213	104.57983	70.589386	-98.95288	0.27863362	10149.981817245483
127	978.5777	13.978388	996.784	957.9681	969.62286	16.748362	998.73846	930.25836	1000.0	1000.0	507999	98.91308	5.046258	103.97945	70.47752	-99.07224	0.26834112	10236.208236932755
128	990.771	11.714659	998.1854	970.50256	978.5563	17.432005	999.11084	938.4242	1000.0	1000.0	511999	98.89981	5.0579863	104.79619	71.81494	-99.05513	0.26038283	10323.781893253326
129	969.80963	20.999079	987.8249	934.58075	981.5585	9.826152	998.2031	968.9608	1000.0	1000.0	515999	98.88645	5.112026	105.008224	71.7884	-99.03984	0.2500259	10407.583959579468
130	976.74945	11.189527	988.7015	963.1784	971.28094	15.021281	989.5305	940.2251	1000.0	1000.0	519999	98.88412	5.0404997	105.64801	70.48963	-99.040276	0.25378996	10483.640028476715
131	977.0243	15.204858	991.5216	952.61206	986.0073	10.815778	997.8066	965.51715	1000.0	1000.0	523999	98.89843	4.9965773	104.87054	71.132286	-99.050354	0.25799978	10560.265791416168
132	978.39294	22.6217	994.5012	939.39294	980.91046	15.681006	997.07513	955.959	1000.0	1000.0	527999	98.97485	4.964809	105.41618	70.98614	-99.134544	0.2592749	10643.733994722366
133	974.77954	5.1625557	983.54846	970.92114	987.2843	15.05421	999.1051	950.2079	1000.0	1000.0	531999	99.05546	4.8096147	104.84516	70.54934	-99.207565	0.2462054	10724.211920976639
134	982.1378	4.2280426	986.9375	977.4143	985.70276	10.894431	998.98	967.6878	1000.0	1000.0	535999	99.04986	4.770213	105.0803	71.966354	-99.202156	0.24473777	10805.100754499435
135	976.3922	7.7310586	982.9074	963.3326	986.91144	10.346757	999.38007	968.17084	1000.0	1000.0	539999	98.9983	4.7950883	104.87102	68.357086	-99.14136	0.24366477	10888.023733377457
136	988.61206	9.790269	998.67975	972.4946	985.1167	10.912707	999.03625	969.5095	1000.0	1000.0	543999	98.92956	4.827159	103.80549	67.0777	-99.07199	0.240656	10968.148828983307
137	968.3453	11.104144	979.7197	952.87134	978.0042	11.664954	998.3452	961.4061	1000.0	1000.0	547999	98.84297	4.878436	103.87153	66.45711	-98.98495	0.23973884	11052.318230628967
138	985.8478	5.425343	993.18665	978.2756	981.32324	22.877588	998.58417	935.8713	1000.0	1000.0	551999	98.84567	4.916669	104.110374	68.85098	-98.9898	0.24624597	11133.055439710617
139	986.9933	11.726503	998.9813	973.2715	979.9329	12.492308	995.4521	953.83325	1000.0	1000.0	555999	98.79471	5.0165215	104.86651	70.14582	-98.93584	0.2551824	11216.22995352745
140	983.66754	8.099959	993.03424	973.03516	966.1828	25.670845	997.1116	915.10144	1000.0	1000.0	559999	98.8886	4.9190106	104.634766	68.51759	-99.03497	0.2510807	11296.701654911041
141	983.37915	9.707357	996.6805	971.25195	967.416	28.662537	995.6034	893.49976	1000.0	1000.0	563999	98.90402	4.8494706	104.798355	68.44118	-99.04449	0.25415576	11375.482789754868
142	954.65625	46.745113	996.8851	875.4595	982.3949	9.620707	997.846	965.7338	1000.0	1000.0	567999	98.8821	4.8398657	104.31873	68.18774	-99.02083	0.23154831	11452.567853450775
143	965.72235	17.161322	991.4738	943.63525	977.9293	18.635872	996.75836	934.78864	1000.0	1000.0	571999	98.82948	4.9871507	104.14112	65.93725	-98.96931	0.23409128	11536.005166769028
144	964.35974	6.9870353	971.89856	953.4626	968.7748	19.969114	997.36334	922.25806	1000.0	1000.0	575999	98.82256	5.070872	103.79888	68.52336	-98.96237	0.267542	11617.030550718307
145	988.0355	7.678963	993.81134	974.824	984.0436	13.244438	998.652	963.2153	1000.0	1000.0	579999	98.82466	5.0915008	104.08937	64.358284	-98.96361	0.2661662	11700.23808503151
146	976.1327	22.566063	997.7997	940.26	968.67773	14.7191305	985.97626	942.25574	1000.0	1000.0	583999	98.88054	4.9010334	104.60613	60.63602	-99.01946	0.2608161	11783.511460542679
147	970.4904	17.89604	989.1831	951.134	981.3049	24.415878	997.65765	912.9653	1000.0	1000.0	587999	98.92371	4.891717	104.63819	67.47209	-99.06206	0.25188422	11859.548333406448
148	968.19617	7.490123	977.2	958.1151	970.4502	27.500652	998.52716	911.5404	1000.0	1000.0	591999	98.94701	4.853571	104.17742	69.19709	-99.08406	0.24432303	11942.331147193909
149	993.8957	4.1115294	998.3699	987.3836	976.36414	17.948627	998.65393	942.8595	1000.0	1000.0	595999	98.92961	4.958462	105.80511	66.97459	-99.06381	0.2424974	12022.870706319809
150	963.5955	26.137722	997.78894	925.1675	976.2995	11.550522	990.6783	951.6484	1000.0	1000.0	599999	98.95646	4.9987254	104.45965	63.364143	-99.09406	0.2586759	12101.663887500763
151	987.7672	8.208664	998.8589	976.72064	990.89746	10.061522	999.2922	973.3959	1000.0	1000.0	603999	98.94217	5.141411	105.08048	68.482635	-99.07414	0.2597472	12177.35309433937
152	989.7949	6.8946033	997.9943	980.2648	981.1618	16.095234	998.1335	947.699	1000.0	1000.0	607999	99.0025	5.0692754	104.00672	65.59221	-99.13371	0.26153898	12256.21056175232
153	963.36676	23.629953	987.4648	931.05615	980.82214	16.967567	996.4471	943.96094	1000.0	1000.0	611999	98.8948	5.2956724	105.938965	63.33292	-99.0244	0.2594563	12340.877745628357
154	977.40765	16.132038	998.6599	956.6927	980.249	18.066536	998.50806	935.3806	1000.0	1000.0	615999	99.02236	5.141384	103.88074	64.185905	-99.16306	0.2610718	12422.773326396942
155	979.1664	13.155637	989.1889	956.73737	988.6675	9.720747	998.90546	969.019	1000.0	1000.0	619999	99.07527	4.9928665	104.51458	63.497093	-99.206825	0.25839117	12502.031694412231
156	967.4757	5.745561	977.4211	963.8679	973.63293	29.222914	995.7063	890.94946	1000.0	1000.0	623999	99.08652	4.9200726	104.74328	67.16822	-99.21666	0.25729892	12580.167702913284
157	986.4326	14.182858	997.1783	962.12604	975.613	19.753366	998.77515	936.46155	1000.0	1000.0	627999	99.01852	4.972649	104.224174	62.528328	-99.147705	0.2549478	12657.709223985672
158	978.08374	13.8557825	996.7326	958.7268	972.38464	16.4708	997.0164	952.4697	1000.0	1000.0	631999	99.07325	4.9170146	104.39152	68.05729	-99.20842	0.24862854	12737.244673967361
159	963.5881	22.075033	986.1742	928.4063	972.609	24.863398	995.56647	913.9917	1000.0	1000.0	635999	99.13967	4.8179364	104.27922	65.88172	-99.26878	0.24359073	12815.241315126419
160	971.9805	33.328815	998.421	916.43097	977.1667	11.61279	995.0433	961.293	1000.0	1000.0	639999	99.12308	4.812375	104.187386	66.87013	-99.25003	0.24171785	12895.666947364807
161	975.76135	14.781744	992.13245	953.769	982.9792	13.924757	997.57983	954.14124	1000.0	1000.0	643999	99.11675	4.8132977	103.71602	64.79449	-99.24225	0.23438327	12976.622779607773
162	963.69214	15.102776	989.0932	949.4431	984.007	16.756487	998.95557	951.9144	1000.0	1000.0	647999	99.06488	4.8721085	104.09053	60.05941	-99.18727	0.2450177	13059.833839416504
163	976.13416	14.292945	993.2687	960.4296	982.25604	15.341525	998.0292	948.73224	1000.0	1000.0	651999	99.11517	4.811044	104.08851	64.111244	-99.247345	0.24397269	13144.908789157867
164	986.48456	7.1072927	997.0334	977.11584	982.25665	11.546748	998.8394	964.1106	1000.0	1000.0	655999	99.1536	4.6987023	104.15973	67.01717	-99.27392	0.2280076	13226.408662319183
165	979.82733	6.767066	987.46576	970.6629	978.7576	17.00417	998.6405	938.39	1000.0	1000.0	659999	99.14636	4.7636485	104.029785	66.482414	-99.275566	0.23320581	13306.21213388443
166	979.56024	5.678124	985.10394	970.43066	974.1906	16.67317	996.2792	943.76074	1000.0	1000.0	663999	99.22705	4.7287173	103.648254	65.40344	-99.35411	0.23335151	13385.37540769577
167	986.84875	14.797237	997.7539	961.6676	975.35223	20.58601	998.57184	937.3714	1000.0	1000.0	667999	99.2021	4.8110123	104.211	69.323265	-99.32547	0.2301279	13469.587854146957
168	976.8602	10.46217	992.5692	965.4497	959.7995	26.48853	988.57043	886.9398	1000.0	1000.0	671999	99.2199	4.8049846	104.58381	68.72188	-99.34189	0.24494414	13550.711076498032
169	964.076	19.783154	993.2661	939.0607	982.95593	11.51544	997.5324	966.7117	1000.0	1000.0	675999	99.18061	4.878594	103.84605	68.59596	-99.30118	0.24974442	13634.149740219116
170	986.3205	2.973398	990.2321	981.85913	961.00574	25.929518	997.6028	925.5686	1000.0	1000.0	679999	99.10321	5.0481505	103.960014	70.115456	-99.22511	0.24709317	13717.120392799377
171	968.59753	21.239872	987.039	934.4705	985.5721	8.979692	998.7452	973.97107	1000.0	1000.0	683999	99.18482	4.8357997	104.76244	67.01867	-99.30374	0.24502672	13803.613852739334
172	976.64996	1.3095555	978.3752	974.6867	986.417	19.536077	998.5284	931.6001	1000.0	1000.0	687999	99.13682	4.9454618	104.29347	66.05841	-99.25325	0.2508662	13884.882482290268
173	985.124	14.559217	997.68463	960.61676	977.4894	14.141826	991.36035	948.8853	1000.0	1000.0	691999	99.07948	5.0460405	104.17483	67.98266	-99.19768	0.22811791	13962.656886100769
174	957.5344	16.457926	974.9435	940.86945	977.3666	19.483484	999.0931	927.4857	1000.0	1000.0	695999	99.19488	4.849771	103.7608	66.635376	-99.321106	0.2433694	14042.783278226852
175	970.67285	26.165758	994.10925	926.3672	978.9746	14.078314	997.42975	954.92004	1000.0	1000.0	699999	99.27121	4.580264	103.76062	63.91998	-99.38866	0.22515568	14125.51018166542
176	986.84357	5.4242454	993.6904	978.9789	982.96747	14.525784	998.8491	950.5722	1000.0	1000.0	703999	99.20356	4.712283	103.532394	66.57838	-99.32152	0.22283667	14208.853648900986
177	984.38446	15.86467	998.0098	957.4559	972.27264	17.811836	995.67615	928.32935	1000.0	1000.0	707999	99.19981	4.771213	104.28963	65.83689	-99.3155	0.21925732	14293.162503242493
178	984.32764	15.693345	997.91644	957.6056	979.67206	11.36456	996.3571	959.7878	1000.0	1000.0	711999	99.20598	4.7847753	103.77614	65.251595	-99.32322	0.22245562	14376.294435739517
179	973.63525	11.12131	985.18427	957.9547	971.285	14.42853	993.0599	944.5553	1000.0	1000.0	715999	99.2509	4.7037177	104.84212	64.17329	-99.368164	0.23778182	14456.612188100815
180	976.8795	14.266382	992.9455	954.00665	985.6541	11.120149	998.64355	968.7288	1000.0	1000.0	719999	99.24518	4.8041515	103.651474	63.34498	-99.35966	0.23693928	14533.995335102081
181	986.9049	10.8423395	997.41254	970.0452	989.5132	8.642872	998.74457	975.3763	1000.0	1000.0	723999	99.27155	4.6751885	103.786354	66.57655	-99.38994	0.22415695	14619.444363594055
182	986.6655	12.108101	997.1244	966.09064	982.09045	9.145195	994.62396	962.7637	1000.0	1000.0	727999	99.30194	4.629094	105.067215	68.27788	-99.4192	0.20668705	14701.82997226715
183	980.5184	13.162698	997.78925	963.07745	971.1338	18.449654	998.0323	931.6387	1000.0	1000.0	731999	99.3288	4.688286	103.84102	65.73945	-99.44184	0.22304295	14778.665043830872
184	980.06744	17.19089	993.28815	950.6816	986.35254	10.47155	998.2691	968.7257	1000.0	1000.0	735999	99.31458	4.7171235	103.58948	68.33109	-99.42678	0.2264747	14855.671381473541
185	981.45276	18.246222	996.27435	950.1963	966.49854	31.321674	997.83276	883.44434	1000.0	1000.0	739999	99.25141	4.667052	103.13219	66.54096	-99.36092	0.21946102	14934.952416658401
186	980.9921	8.493567	992.8672	970.1877	965.85126	22.140577	996.26587	937.00543	1000.0	1000.0	743999	99.19203	4.6659355	104.6938	67.06395	-99.301956	0.22574405	15012.769636154175
187	980.8176	11.73866	999.10657	969.52997	975.0047	21.450071	998.14825	934.6478	1000.0	1000.0	747999	99.19064	4.658008	104.37276	65.17688	-99.30406	0.22701122	15090.583211660385
188	991.5398	10.443144	998.15393	973.4626	977.22754	15.004094	994.76764	949.308	1000.0	1000.0	751999	99.22491	4.601887	103.57398	62.1476	-99.3336	0.2108175	15172.193660974503
189	976.41986	23.020649	997.6907	939.41394	971.2308	33.4576	999.3688	890.8054	1000.0	1000.0	755999	99.20624	4.6840944	103.29671	68.666466	-99.319046	0.21363522	15253.000064611435
190	994.75366	5.2747674	998.7849	985.71356	989.3607	10.510581	999.08325	967.66705	1000.0	1000.0	759999	99.1699	4.663242	103.71203	67.97371	-99.275505	0.2169452	15334.973310947418
191	977.4405	8.249314	991.6347	971.1663	979.16406	21.848616	998.3056	919.6722	1000.0	1000.0	763999	99.14052	4.6395526	103.4272	68.106766	-99.252045	0.22294037	15415.294114112854
192	951.1868	23.638014	983.80237	926.0257	979.8755	12.150663	994.78577	954.142	1000.0	1000.0	767999	99.17336	4.458215	103.55735	69.21275	-99.27827	0.21041153	15491.431843996048
193	990.62836	3.5752237	996.0715	986.0445	985.9613	9.88193	998.61865	972.96783	1000.0	1000.0	771999	99.14049	4.5248094	103.84254	69.93723	-99.247215	0.20194112	15570.202471971512
194	986.34094	11.012708	998.4041	968.7481	984.53485	14.898183	998.8101	957.7863	1000.0	1000.0	775999	99.10218	4.6550627	103.34808	68.85631	-99.20695	0.20446745	15648.501943349838
195	981.898	13.170009	997.78546	962.46735	984.1969	20.38708	998.6412	931.37726	1000.0	1000.0	779999	99.10252	4.767373	104.274086	55.94619	-99.211	0.21744998	15725.894220352173
196	980.6709	16.162674	997.499	963.0593	975.7887	22.258955	998.7803	928.1976	1000.0	1000.0	783999	99.16821	4.5466185	103.592316	66.82769	-99.27122	0.20713893	15805.581535577774
197	978.1022	18.875042	998.7001	947.3042	981.8431	22.120731	998.6511	926.2323	1000.0	1000.0	787999	99.11581	4.581113	103.069176	67.215904	-99.22001	0.21389547	15882.307030200958
198	985.9143	7.8102555	995.14954	973.85944	972.6925	24.894646	998.7421	923.87286	1000.0	1000.0	791999	99.19273	4.546662	103.35488	70.55495	-99.29905	0.21730211	15971.675109148026
199	980.03235	16.44897	995.60284	953.97363	972.46716	19.087698	995.95575	936.6234	1000.0	1000.0	795999	99.22136	4.5975804	103.54908	65.38933	-99.32807	0.22401391	16060.119365930557
200	965.58954	14.866226	987.7238	951.3714	983.827	11.658445	998.4888	964.85394	1000.0	1000.0	799999	99.25363	4.617338	104.216805	70.042114	-99.35786	0.21644852	16145.703186750412
201	960.67487	55.085068	998.5537	865.9063	979.5762	22.628792	995.04956	917.18066	1000.0	1000.0	803999	99.25362	4.6300535	103.49497	65.84517	-99.35932	0.2273258	16232.598796129227
202	979.7842	17.485966	998.5523	952.1712	987.3854	14.625586	998.8161	949.90784	1000.0	1000.0	807999	99.27179	4.586786	104.61892	68.296005	-99.375946	0.21228825	16309.824520587921
203	962.31744	34.608112	997.18146	912.51	975.72003	17.723526	992.4496	929.0937	1000.0	1000.0	811999	99.24675	4.656285	103.45343	63.925007	-99.3459	0.22750458	16387.521746635437
204	985.1919	6.932162	994.1295	974.6536	980.7202	11.200884	998.7318	959.073	1000.0	1000.0	815999	99.18489	4.7086062	103.37929	60.33058	-99.28623	0.22374444	16464.056545734406
205	984.9383	7.283233	995.4975	977.7168	978.725	16.478912	995.4311	935.99756	1000.0	1000.0	819999	99.17808	4.5757546	105.820854	64.65759	-99.28116	0.22303656	16543.93250489235
206	949.00073	48.069534	997.82806	870.0821	978.48926	20.15462	998.19855	927.4511	1000.0	1000.0	823999	99.2269	4.4611607	105.41718	65.17157	-99.33049	0.22412995	16619.724209308624
207	977.0131	15.903106	996.0738	954.61163	964.2288	33.404873	995.40106	884.8686	1000.0	1000.0	827999	99.25694	4.41641	104.10157	68.71001	-99.35922	0.21579704	16701.552982091904
208	985.08765	13.726447	997.9484	962.141	987.48914	19.321133	998.83606	931.3361	1000.0	1000.0	831999	99.22795	4.4494042	104.68108	68.507576	-99.32947	0.20343739	16780.13553404808
209	975.0936	18.620869	997.29346	951.0701	981.33514	11.557808	997.09564	961.71906	1000.0	1000.0	835999	99.16985	4.562597	103.92966	67.88053	-99.26385	0.20969807	16856.486022233963
210	985.7663	12.741324	998.64465	967.2331	972.8688	26.259302	998.5781	929.81525	1000.0	1000.0	839999	99.13578	4.647684	104.48642	68.326515	-99.23758	0.21637875	16935.215749263763
211	947.0526	11.453342	959.68115	930.8387	980.2954	14.95754	998.4108	954.5753	1000.0	1000.0	843999	99.17858	4.576169	103.343636	67.415924	-99.27678	0.21244428	17022.237835645676
212	987.0974	10.274342	998.25287	973.2646	975.6908	14.972469	998.61145	952.3213	1000.0	1000.0	847999	99.14347	4.625227	104.48519	65.54514	-99.24272	0.2203527	17105.044042110443
213	986.35657	8.534875	997.9425	976.5217	990.3151	7.394544	998.8307	978.17365	1000.0	1000.0	851999	99.22468	4.5445743	104.72079	61.407448	-99.3284	0.21892065	17188.087198257446
214	987.4142	7.1028786	993.94556	975.42584	982.21826	10.782252	997.8516	966.6744	1000.0	1000.0	855999	99.25606	4.5902333	104.87954	65.46174	-99.356636	0.2136349	17270.97445321083
215	972.386	25.622461	998.8744	942.02026	971.9999	20.52943	991.1232	917.96533	1000.0	1000.0	859999	99.25999	4.5124536	104.44987	64.98027	-99.35786	0.2147846	17347.212441921234
216	971.3762	26.276545	996.9598	930.3847	983.76807	14.54575	998.31323	954.853	1000.0	1000.0	863999	99.26287	4.553722	104.26474	67.85022	-99.36061	0.21435559	17423.6863758564
217	978.2053	14.355786	998.41504	957.83954	984.7712	15.549721	995.8593	942.92566	1000.0	1000.0	867999	99.25616	4.4452796	103.745026	66.236725	-99.34952	0.2053355	17511.607197523117
218	979.8597	15.2696295	998.25006	959.5506	985.5638	12.261538	998.84357	966.42365	1000.0	1000.0	871999	99.18018	4.532163	103.8707	64.862656	-99.27229	0.20808625	17596.661152124405
219	984.2206	21.607294	998.57837	946.9565	975.2367	15.064452	998.936	950.8264	1000.0	1000.0	875999	99.16156	4.592864	104.00081	53.44507	-99.258606	0.23195884	17679.88103079796
220	991.2379	8.822517	999.0244	977.3638	984.38116	13.037117	997.2887	960.6253	1000.0	1000.0	879999	99.17413	4.484694	104.087204	62.889793	-99.27038	0.22537583	17766.675180196762
221	990.69525	10.329279	997.7459	972.93024	988.07263	10.09422	997.81177	964.33734	1000.0	1000.0	883999	99.17332	4.46692	103.14537	62.99306	-99.26861	0.21944948	17844.789006233215
222	979.3633	11.475167	997.1388	965.2932	990.76013	19.263445	998.79144	933.3016	1000.0	1000.0	887999	99.23697	4.3255243	103.44663	58.19938	-99.33904	0.2107764	17920.716131210327
223	970.17737	36.003822	999.0256	910.4779	981.48206	11.963892	997.619	963.15515	1000.0	1000.0	891999	99.19343	4.3478346	103.105064	58.51285	-99.280975	0.20466818	18007.591868162155
224	991.3582	5.8004584	998.94916	982.638	983.1533	10.343076	998.5814	960.93774	1000.0	1000.0	895999	99.12416	4.3656244	104.09291	63.48087	-99.216484	0.20931736	18092.18240237236
225	986.9783	9.194465	998.47473	973.913	978.3766	11.2508955	997.47815	954.5284	1000.0	1000.0	899999	99.15764	4.2809105	103.79026	61.437836	-99.2517	0.1949549	18176.563807964325
226	975.79755	10.448208	992.81256	964.49414	986.48035	9.594099	996.9846	964.9193	1000.0	1000.0	903999	99.10418	4.4137516	103.17123	67.5741	-99.19533	0.18395504	18262.860845565796
227	982.3252	9.341096	991.8966	970.68353	976.40497	23.06562	998.8126	930.16235	1000.0	1000.0	907999	99.13713	4.449107	103.29994	65.39918	-99.23367	0.19801049	18346.63439321518
228	961.9751	34.56052	991.92303	906.7136	962.4525	25.79671	991.1591	913.92993	1000.0	1000.0	911999	99.11564	4.458266	103.414734	67.62571	-99.20553	0.18972963	18430.478192090988
229	970.9534	19.215952	998.2169	946.15814	984.90106	10.951668	996.8282	960.92944	1000.0	1000.0	915999	99.15184	4.4467216	104.65938	67.881836	-99.24092	0.18819605	18513.01526784897
230	975.2554	13.604359	991.47974	957.97845	981.38135	14.805518	997.617	952.0501	1000.0	1000.0	919999	99.12146	4.4711328	103.41703	61.93135	-99.21712	0.20262437	18595.73037838936
231	984.8346	12.241691	997.6792	964.8135	979.26495	15.345426	998.6679	952.53015	1000.0	1000.0	923999	99.1316	4.377923	104.235085	68.42637	-99.22452	0.20125991	18683.799298763275
232	986.80505	7.2960663	997.87726	979.5857	980.59705	11.96681	997.9024	963.1201	1000.0	1000.0	927999	99.11127	4.351267	104.65534	65.68851	-99.2006	0.20066907	18763.605571508408
233	990.9034	8.308558	998.6903	977.05927	989.1996	10.341803	998.7254	968.51636	1000.0	1000.0	931999	99.08851	4.4714622	103.12468	66.24567	-99.17843	0.20641272	18847.489704847336
234	980.21985	13.196031	994.1021	960.3939	973.28284	15.352654	997.6577	943.50116	1000.0	1000.0	935999	99.09769	4.4844317	102.82498	64.516624	-99.186295	0.21616192	18925.417217969894
235	983.4477	7.8845596	993.01587	975.6424	978.2826	15.40429	996.8884	954.6975	1000.0	1000.0	939999	99.06574	4.5541863	104.40329	60.606976	-99.15391	0.21897788	19007.49559378624
236	993.7654	5.1645207	997.652	984.9498	979.6571	13.302406	999.0226	961.0772	1000.0	1000.0	943999	99.10737	4.494036	103.88801	56.13806	-99.1974	0.21553378	19090.180582284927
237	978.5109	10.279862	985.9921	960.956	982.81805	11.424809	998.59875	964.45795	1000.0	1000.0	947999	99.14934	4.392145	103.1953	61.836388	-99.2396	0.19913949	19175.275061130524
238	993.803	3.6533	998.51373	988.8109	977.91016	19.678896	996.8981	932.5255	1000.0	1000.0	951999	99.1979	4.368078	102.960464	61.831936	-99.28706	0.20619369	19255.295895814896
239	991.6846	3.3219619	995.7107	987.6083	987.4984	11.313805	998.84	966.08954	1000.0	1000.0	955999	99.17397	4.4024987	102.98539	55.934345	-99.25833	0.2056955	19345.25331068039
240	982.78076	14.550451	997.11774	958.46387	975.20496	20.970413	997.4933	940.28326	1000.0	1000.0	959999	99.1333	4.4764943	103.9931	55.95936	-99.22248	0.21675766	19422.3095600605
241	971.90955	24.933653	998.72363	932.3734	976.2244	21.277222	998.5136	927.63916	1000.0	1000.0	963999	99.20743	4.229256	103.36292	63.426727	-99.29781	0.19135596	19505.03649711609
242	979.1647	19.24568	998.1156	950.1989	981.2077	13.628448	994.988	957.0626	1000.0	1000.0	967999	99.23871	4.2062397	103.11091	58.72137	-99.327866	0.20070083	19588.625123500824
243	980.5123	16.38964	997.35724	953.3947	982.6266	11.127384	998.44116	963.4551	1000.0	1000.0	971999	99.20806	4.2582088	103.1492	68.01374	-99.2911	0.18587086	19665.710694789886
244	986.4034	14.095769	998.76294	962.45044	982.0326	14.6710005	997.4956	958.95984	1000.0	1000.0	975999	99.20859	4.3873386	102.98371	66.1643	-99.29807	0.19661406	19741.38779401779
245	979.7428	11.486543	998.84033	968.3296	977.4504	9.141507	993.0954	958.21924	1000.0	1000.0	979999	99.20794	4.3171105	103.720566	62.423923	-99.294945	0.19217966	19820.035881519318
246	983.03394	10.032236	996.22455	969.0793	983.12585	13.925289	998.25415	951.7512	1000.0	1000.0	983999	99.19299	4.3599944	103.38891	67.34297	-99.27966	0.19734564	19904.82303071022
247	993.21747	4.6445947	998.474	987.5358	975.83563	15.243813	999.07294	957.80084	1000.0	1000.0	987999	99.19648	4.333307	103.3578	64.95777	-99.27995	0.19559863	19987.682415246964
248	953.4717	20.657568	972.74854	919.2854	972.7124	17.764027	993.0049	943.5035	1000.0	1000.0	991999	99.16437	4.3248105	103.40249	63.630352	-99.25261	0.20107217	20068.79931998253
249	978.08746	6.798426	989.27325	972.0054	982.2503	9.410658	998.66766	964.5122	1000.0	1000.0	995999	99.16177	4.2443247	102.520645	66.480865	-99.24292	0.17677696	20147.037430524826
250	991.1023	4.4335647	996.69415	985.8622	984.1598	10.841744	997.65393	963.8025	1000.0	1000.0	999999	99.1113	4.2923055	102.69778	67.56884	-99.19508	0.17815651	20225.005903482437
251	982.2547	8.662408	995.9294	972.6313	981.3859	11.585909	997.3505	963.94525	1000.0	1000.0	1003999	99.18229	4.187113	103.03501	68.0742	-99.26441	0.18385434	20302.468884706497
252	979.2733	19.409182	998.76575	949.8349	979.3903	10.652421	997.44586	960.9163	1000.0	1000.0	1007999	99.26344	4.0534115	103.22718	66.632614	-99.34486	0.18386346	20379.98329949379
253	973.0334	15.310519	997.48364	956.02637	981.11066	11.598418	998.2806	962.3842	1000.0	1000.0	1011999	99.37504	3.9921858	103.42357	65.33276	-99.454544	0.17439248	20461.419859409332
254	985.64856	6.3500504	991.6787	975.53625	940.85547	23.595415	972.0054	881.8583	1000.0	1000.0	1015999	99.44095	3.965668	103.93055	62.154068	-99.5161	0.18765643	20536.75032544136
255	977.87585	12.55689	999.0391	966.094	984.91486	13.656128	998.5073	956.03217	1000.0	1000.0	1019999	99.49528	3.8763752	103.92099	60.199043	-99.56369	0.20537096	20615.553151369095
256	983.69586	8.925788	994.56134	970.2502	980.494	9.032598	995.6127	967.71655	1000.0	1000.0	1023999	99.53946	3.6920035	104.18939	58.95948	-99.60663	0.19505559	20691.7852063179
257	964.596	8.359968	977.5598	954.3786	981.3574	12.292245	999.09827	963.63824	1000.0	1000.0	1027999	99.56882	3.482637	103.56716	61.498924	-99.63352	0.18027833	20767.867501735687
258	973.2288	16.648643	989.5612	948.0758	987.9033	11.63642	998.79987	967.6708	1000.0	1000.0	1031999	99.51936	3.4459834	102.7	63.823406	-99.57672	0.17666818	20848.55576276779
259	977.8166	18.512966	998.6653	949.0441	979.4183	15.840184	996.2524	948.0829	1000.0	1000.0	1035999	99.51667	3.5126464	105.408485	65.74112	-99.57965	0.19045712	20932.075871944427
260	973.773	27.404625	998.2517	927.7717	980.78436	11.115688	998.9004	964.16925	1000.0	1000.0	1039999	99.57839	3.362817	103.704765	62.846523	-99.63347	0.17646877	21007.935788869858
261	979.775	16.639471	997.99506	954.448	984.4452	9.764329	996.5979	967.5881	1000.0	1000.0	1043999	99.59551	3.2858386	115.186935	67.39254	-99.64966	0.16861168	21089.794456720352
262	979.4254	9.046201	988.93976	965.32965	977.26483	18.07427	999.25146	939.0068	1000.0	1000.0	1047999	99.62016	3.1905832	102.75993	65.52424	-99.672935	0.16274749	21168.652091264725
263	979.95953	8.435804	991.03314	967.6873	979.4536	9.884491	992.4678	961.95624	1000.0	1000.0	1051999	99.66257	3.117749	102.66003	67.35438	-99.71347	0.15999916	21247.810792446136
264	970.3614	21.27568	993.61884	940.0276	976.3079	16.932413	994.8266	946.93854	1000.0	1000.0	1055999	99.69039	3.1612785	103.35948	68.48248	-99.73906	0.15562782	21322.704109430313
265	977.84283	18.810986	998.8761	949.3885	980.13025	16.583916	997.0979	941.47144	1000.0	1000.0	1059999	99.73995	3.1414464	103.15815	65.98342	-99.78962	0.16614449	21403.04548716545
266	984.04736	8.247045	992.76575	970.6432	980.9084	11.587452	998.6613	964.79425	1000.0	1000.0	1063999	99.80136	3.0111036	103.019424	66.18578	-99.84852	0.16121332	21481.898320674896
267	983.98145	12.096031	996.51526	965.0538	979.1456	21.773493	999.3777	920.9756	1000.0	1000.0	1067999	99.81868	2.9251058	102.62806	65.57996	-99.86185	0.1442236	21559.405015707016
268	987.49835	13.394297	998.7055	964.8322	975.1937	24.225128	997.75714	908.82666	1000.0	1000.0	1071999	99.81565	2.9753761	104.01138	65.23594	-99.8603	0.14825913	21641.728462457657
269	938.966	51.271515	993.7509	887.66986	976.87775	19.771042	997.1067	935.56226	1000.0	1000.0	1075999	99.86148	2.9066663	102.8707	69.53781	-99.90375	0.13882123	21725.139011383057
270	979.648	9.3711405	992.9387	968.8704	980.2137	16.844963	998.3227	936.19336	1000.0	1000.0	1079999	99.90752	2.893193	104.31873	65.842	-99.950096	0.14413922	21808.274728775024
271	985.84906	9.721344	998.9021	975.33563	976.9041	14.161896	992.9466	944.1338	1000.0	1000.0	1083999	99.93008	2.882601	104.51187	67.70977	-99.969185	0.1521895	21896.27629995346
272	977.81885	16.11246	998.17035	956.0659	986.1024	16.398539	998.7678	940.3844	1000.0	1000.0	1087999	99.93544	2.8534045	103.05029	63.101933	-99.97458	0.1436821	21980.786600589752
273	984.7683	3.9360802	988.8049	978.29913	980.8541	21.201555	997.99036	922.8587	1000.0	1000.0	1091999	99.99681	2.7683194	103.528046	66.73869	-100.03734	0.13667046	22064.108675956726
274	989.40393	8.292743	996.4782	975.2627	958.0853	31.528711	990.2738	870.1305	1000.0	1000.0	1095999	100.01182	2.7704005	104.5737	61.270935	-100.05041	0.13843289	22146.59945845604
275	981.47845	12.173989	994.8875	965.5903	967.9261	13.885962	989.4049	945.5347	1000.0	1000.0	1099999	100.05658	2.6901088	103.216034	58.153393	-100.09378	0.12465452	22228.427649974823
276	983.8917	14.960359	997.998	958.7929	978.9984	11.798421	995.5065	950.5455	1000.0	1000.0	1103999	100.1128	2.684228	102.50555	64.122604	-100.14705	0.13216974	22311.195541381836
277	948.3612	15.933098	972.15186	932.05096	981.7627	13.7197695	999.3702	960.8794	1000.0	1000.0	1107999	100.10898	2.7354636	108.20949	64.503494	-100.14191	0.13261454	22398.30843091011
278	979.0878	15.92111	993.7621	953.11304	982.04846	9.926421	997.61865	967.9024	1000.0	1000.0	1111999	100.09275	2.7624855	103.10629	63.762768	-100.12269	0.13171937	22477.90553665161
279	985.889	4.4291825	991.63043	979.6263	985.8657	9.006804	998.60114	971.7012	1000.0	1000.0	1115999	100.03873	2.8108668	103.47679	63.45736	-100.06814	0.14089581	22563.223204135895
280	977.94556	23.949083	998.88385	939.16296	971.1297	47.142887	998.5716	832.43536	1000.0	1000.0	1119999	100.05838	2.7523577	103.84436	65.08129	-100.08883	0.1286514	22648.472772359848
281	983.86237	10.515345	995.5551	968.5469	983.3373	9.739336	997.4297	969.9323	1000.0	1000.0	1123999	100.11385	2.671107	102.740166	61.23184	-100.14642	0.11615029	22731.049247264862
282	956.24896	39.285484	995.74396	905.87445	980.8796	12.90311	998.10455	959.32074	1000.0	1000.0	1127999	100.21219	2.665601	103.382576	61.365868	-100.24446	0.12789945	22816.0095846653
283	950.6501	16.548704	971.3896	925.2922	980.01154	15.200667	998.4997	956.3709	1000.0	1000.0	1131999	100.18335	2.6490355	104.49128	59.79857	-100.20959	0.124804184	22901.545348405838
284	974.8835	21.202312	996.17053	942.11005	974.2409	12.848089	995.3427	954.1311	1000.0	1000.0	1135999	100.17329	2.6933522	103.08654	66.36508	-100.19974	0.12574427	22988.69703745842
285	986.4511	3.8852153	992.31195	981.3883	968.89026	20.84425	990.34955	922.899	1000.0	1000.0	1139999	100.17547	2.6687148	104.78617	66.474846	-100.20065	0.11393782	23070.005145788193
286	979.21216	16.017696	995.47516	958.6592	960.14014	13.848212	985.876	935.19354	1000.0	1000.0	1143999	100.15211	2.6748483	103.39082	62.111767	-100.17599	0.12144096	23154.347968816757
287	955.40137	28.961212	978.24304	906.64044	962.0798	27.590096	996.386	896.0427	1000.0	1000.0	1147999	100.09797	2.5973997	103.548874	62.555256	-100.119255	0.12291113	23233.188005685806
288	979.81006	18.851671	993.3417	947.288	984.9601	10.212144	997.72424	973.3073	1000.0	1000.0	1151999	100.0875	2.6241746	102.3784	57.27114	-100.11061	0.116129875	23312.681581020355
289	975.7395	25.984009	996.77246	931.64154	984.3639	9.82513	995.70654	969.1616	1000.0	1000.0	1155999	100.1031	2.6100926	102.5438	60.04976	-100.127075	0.12093292	23395.47319793701
290	989.98315	2.7520704	994.0108	986.24835	983.4927	9.663329	998.43097	969.237	1000.0	1000.0	1159999	100.16281	2.4476411	103.27347	67.94928	-100.18759	0.10828258	23475.392668008804
291	959.31616	14.915621	974.36554	940.4972	979.3753	18.146538	997.3453	939.37976	1000.0	1000.0	1163999	100.21669	2.381441	103.087555	68.20212	-100.24161	0.10246635	23554.183800935745
292	981.1098	15.791733	995.47906	954.39355	978.63586	12.394775	998.1343	952.0652	1000.0	1000.0	1167999	100.25384	2.364508	103.11189	68.113075	-100.27567	0.095720075	23632.638207912445
293	987.7193	11.1159725	998.93774	974.467	989.1177	10.26796	999.43195	971.92316	1000.0	1000.0	1171999	100.25157	2.4659445	104.82351	70.20417	-100.271576	0.095840566	23711.602566480637
294	987.7127	6.756364	997.0737	979.92633	986.43445	13.326565	998.3058	959.6192	1000.0	1000.0	1175999	100.24342	2.5117168	104.39356	67.297005	-100.26536	0.091577105	23798.574515104294
295	982.20886	6.668157	989.4276	973.91656	982.77277	10.896086	996.999	968.85	1000.0	1000.0	1179999	100.29204	2.5168567	103.758736	66.44725	-100.31204	0.09614827	23878.040590047836
296	984.84094	9.371998	998.0936	972.98865	976.38885	14.213906	998.937	943.9709	1000.0	1000.0	1183999	100.31585	2.4587748	102.6808	63.62479	-100.33603	0.0923918	23955.266913414
297	915.5956	82.650925	997.08014	788.3345	976.99255	29.220747	998.9203	900.9733	1000.0	1000.0	1187999	100.28093	2.544298	102.998985	61.65528	-100.296936	0.09461	24039.99798965454
298	994.8933	4.345058	999.3634	990.18677	935.2733	31.9928	971.12585	862.3691	1000.0	1000.0	1191999	100.22291	2.6229765	102.7927	61.229126	-100.23928	0.10668587	24123.529221773148
299	990.82355	7.2176323	998.43384	979.83374	984.4595	12.276537	999.5245	963.3921	1000.0	1000.0	1195999	100.21656	2.5830247	102.97191	66.30819	-100.23433	0.10389659	24209.817015886307
300	977.6356	21.020388	997.09705	942.6764	982.0671	29.401957	999.87854	899.276	1000.0	1000.0	1199999	100.25165	2.6292064	103.79941	68.7874	-100.27397	0.09986165	24295.48547554016
301	979.3821	12.257261	992.2855	959.1862	967.1095	20.82632	998.1547	933.2407	1000.0	1000.0	1203999	100.32635	2.570558	103.39395	65.64221	-100.34682	0.10532311	24378.4796936512
302	970.5594	12.9342165	988.16644	952.2172	977.0654	26.717346	998.3207	909.0114	1000.0	1000.0	1207999	100.3409	2.483662	103.50719	67.2622	-100.360245	0.09899965	24459.895513296127
303	973.0822	6.400408	978.17633	962.3758	966.8494	26.893055	994.7963	908.3101	1000.0	1000.0	1211999	100.35396	2.4909275	108.9449	67.05737	-100.37432	0.09374968	24540.599501132965
304	980.16046	10.327375	995.2844	968.0964	986.8304	15.297253	997.95166	942.8597	1000.0	1000.0	1215999	100.33333	2.5707328	103.07589	67.08132	-100.35258	0.10460489	24622.96088218689
305	960.1008	26.160814	992.6865	919.67975	985.11053	11.655274	996.9855	958.1516	1000.0	1000.0	1219999	100.37194	2.5382493	104.81895	61.24631	-100.394684	0.10515605	24708.23340320587
306	975.211	11.677911	991.08704	959.97424	969.79333	28.967747	997.97577	909.5489	1000.0	1000.0	1223999	100.43332	2.5381274	104.99178	58.71852	-100.456375	0.10926947	24791.297246932983
307	984.48315	7.617001	993.5055	975.0621	976.5768	21.625967	996.09357	940.55664	1000.0	1000.0	1227999	100.49082	2.5041564	104.24456	58.16703	-100.51431	0.10357469	24872.26062989235
308	975.1101	16.145752	991.8406	952.7256	987.1996	10.579071	999.2733	965.7027	1000.0	1000.0	1231999	100.55838	2.435833	103.633064	61.056843	-100.58097	0.09755177	24950.53052330017
309	983.3704	10.841293	998.83167	969.2665	956.5345	26.980347	987.06384	911.3043	1000.0	1000.0	1235999	100.52726	2.432848	105.87216	68.0739	-100.5446	0.09246861	25027.14116358757
310	950.805	32.688675	982.75214	901.5079	981.6627	22.024467	998.2699	918.3296	1000.0	1000.0	1239999	100.45345	2.4150407	104.86708	65.42597	-100.471306	0.09281493	25105.814252138138
311	982.80054	15.625126	999.3186	959.97766	981.92206	17.076712	997.60266	944.47034	1000.0	1000.0	1243999	100.42797	2.3755317	103.40019	66.87021	-100.44709	0.09276972	25186.322021961212
312	981.577	10.745942	998.6753	971.2714	977.59717	12.781536	996.7153	957.2747	1000.0	1000.0	1247999	100.38442	2.4684045	103.95722	62.464264	-100.40137	0.107311785	25263.33382153511
313	984.9879	13.937579	999.2894	969.3891	976.8408	21.383472	997.14526	940.377	1000.0	1000.0	1251999	100.32359	2.491505	107.16266	64.03257	-100.340614	0.10680898	25344.401654481888
314	994.56824	3.566273	998.8367	989.8301	953.577	30.331078	993.6004	903.7927	1000.0	1000.0	1255999	100.3198	2.4608245	102.76492	61.676304	-100.33719	0.09859164	25424.78262901306
315	989.8451	3.8715186	996.125	986.22437	959.2176	35.287792	996.0882	910.047	1000.0	1000.0	1259999	100.28373	2.4977148	103.222275	64.85077	-100.30099	0.10142372	25508.993864297867
316	966.05255	24.35823	988.97437	926.8596	963.1369	33.280342	996.08936	890.0088	1000.0	1000.0	1263999	100.28736	2.449595	103.94944	60.9352	-100.30555	0.099531054	25598.78896522522
317	961.4398	5.626312	967.1399	953.4663	949.4453	30.797873	979.79114	865.84106	1000.0	1000.0	1267999	100.32772	2.4234912	103.13213	59.18568	-100.349655	0.0994665	25684.59330511093
318	908.76337	50.62921	986.4039	844.4944	935.2882	46.349255	975.266	822.4411	1000.0	1000.0	1271999	100.41569	2.583203	103.730484	59.86743	-100.439224	0.10379136	25762.139932632446
319	940.0666	11.194249	958.0517	927.29	966.0117	26.465809	994.5312	915.512	1000.0	1000.0	1275999	100.46027	2.5807981	103.92762	65.36796	-100.47808	0.118017025	25840.270974874496
320	978.02515	12.117043	991.4086	963.7937	953.1854	20.838318	989.8651	911.5187	1000.0	1000.0	1279999	100.45015	2.4862494	106.65532	52.28029	-100.46766	0.10636558	25921.71554517746
321	922.7048	32.20481	961.67065	873.5142	971.1214	18.82373	994.48785	921.941	1000.0	1000.0	1283999	100.43564	2.4635823	103.16029	63.365086	-100.4544	0.10227352	26013.993968486786
322	962.29504	13.705297	985.3407	951.3771	948.3537	28.628275	981.8562	886.01764	1000.0	1000.0	1287999	100.42095	2.4973502	107.03259	56.99236	-100.439255	0.10361303	26097.681673526764
323	973.0332	15.117795	988.73444	948.0432	975.9282	7.5687294	987.80896	962.9365	1000.0	1000.0	1291999	100.3705	2.4978194	107.91489	59.794144	-100.38584	0.09938848	26182.184710264206
324	946.6594	41.89806	979.3673	876.71045	963.5088	17.31114	981.1751	925.3371	1000.0	1000.0	1295999	100.33379	2.5072749	102.72921	64.52643	-100.35043	0.1067174	26264.383467435837
325	972.0155	12.790747	989.9788	959.25323	986.9186	8.301738	997.77856	973.481	1000.0	1000.0	1299999	100.27995	2.502414	106.4954	63.15524	-100.29406	0.10568231	26343.03196501732
326	978.9759	14.479974	988.5229	953.936	971.4982	22.511087	998.0449	935.41425	1000.0	1000.0	1303999	100.21721	2.5696301	102.8048	63.496223	-100.23295	0.0980529	26420.292810440063
327	990.5122	8.058306	996.67596	976.9075	979.68115	13.86276	998.11194	951.8686	1000.0	1000.0	1307999	100.19347	2.560454	102.75215	64.469345	-100.20998	0.09910825	26501.954215049744
328	984.24396	9.575277	998.09753	974.25305	949.14	32.0168	989.1434	880.523	1000.0	1000.0	1311999	100.18461	2.526628	103.30805	65.36392	-100.199265	0.11082521	26579.780257225037
329	982.12335	16.80089	996.2642	953.95776	956.41077	57.541737	998.40295	811.2443	1000.0	1000.0	1315999	100.15437	2.5343828	103.07094	61.923298	-100.169716	0.101494566	26668.571034669876
330	991.3194	4.485781	998.9366	987.90125	966.2173	18.317774	994.39667	929.49963	1000.0	1000.0	1319999	100.17028	2.558834	106.76531	62.793835	-100.18687	0.10138925	26754.38671517372
331	974.58856	23.729568	998.14233	937.70715	988.19934	9.081809	998.4397	973.3064	1000.0	1000.0	1323999	100.20083	2.5354552	103.3064	65.509895	-100.21858	0.10067224	26841.585697889328
332	975.7244	31.22212	998.7874	922.2989	984.0248	15.403134	998.4613	953.94763	1000.0	1000.0	1327999	100.21968	2.5256786	102.431046	66.32493	-100.23531	0.09992473	26928.700276374817
333	987.4124	12.843995	998.102	965.4805	961.22705	21.279007	988.04834	929.4065	1000.0	1000.0	1331999	100.21863	2.5403502	102.89564	64.83936	-100.238144	0.10402548	27014.706485271454
334	980.24744	20.658033	999.2175	945.42596	971.97784	21.177097	998.41406	934.5286	1000.0	1000.0	1335999	100.24666	2.5065866	103.50247	68.418144	-100.26411	0.1102826	27101.613970518112
335	981.8233	11.510768	994.9405	966.15125	979.0879	15.560036	996.9928	939.2387	1000.0	1000.0	1339999	100.23747	2.4541094	106.10421	66.13299	-100.251686	0.10778839	27189.138420581818
336	987.1088	11.5381975	999.14856	972.8147	969.2292	24.485325	998.7033	911.7033	1000.0	1000.0	1343999	100.20677	2.4657383	105.331024	67.27099	-100.22197	0.09650973	27274.416281223297
337	983.0153	8.390414	992.23645	973.7677	981.40497	14.013791	998.4699	951.38776	1000.0	1000.0	1347999	100.16616	2.5062206	103.22111	65.8913	-100.179344	0.09928982	27355.30028963089
338	975.9787	9.07054	990.1993	967.2889	979.0223	18.316435	998.438	937.54236	1000.0	1000.0	1351999	100.14706	2.4910944	106.32129	63.500427	-100.16248	0.106063336	27437.55048274994
339	968.7407	18.829063	992.75085	940.4152	979.76135	15.680617	998.7248	955.2139	1000.0	1000.0	1355999	100.13084	2.567721	103.541695	58.662037	-100.146	0.10849354	27521.353293418884
340	979.9702	18.29583	998.8161	959.29645	874.81104	167.86699	995.64154	521.6384	1000.0	1000.0	1359999	100.14887	2.596132	102.96901	66.31144	-100.164185	0.102261744	27604.884294748306
341	935.28424	37.757374	971.0437	872.0685	980.6081	15.549815	998.80273	944.79065	1000.0	1000.0	1363999	100.12443	2.6673062	103.54361	62.61573	-100.138405	0.10293781	27685.3652780056
342	970.38525	25.86855	996.23914	934.50085	933.7704	59.11544	974.9716	765.7027	1000.0	1000.0	1367999	100.12518	2.7108688	102.56744	64.48029	-100.14063	0.10882446	27767.858207702637
343	968.68024	37.621506	997.20996	905.01263	964.1916	26.324041	998.0293	911.85645	1000.0	1000.0	1371999	100.12569	2.6745417	104.49674	62.93252	-100.14172	0.11048901	27855.542149543762
344	991.6734	9.612381	999.49493	975.40027	981.9803	11.068039	997.7102	960.8816	1000.0	1000.0	1375999	100.12545	2.6256578	103.34642	64.78821	-100.14082	0.10571468	27943.539474725723
345	977.70294	9.024942	988.2506	964.0107	979.7303	11.251999	997.8182	957.7932	1000.0	1000.0	1379999	100.13973	2.6115034	104.115845	63.125866	-100.15391	0.10026559	28028.95399594307
346	975.9488	13.40085	998.49786	963.24524	972.9253	11.269447	993.8024	956.18726	1000.0	1000.0	1383999	100.11961	2.4890037	102.8619	67.11505	-100.13361	0.097185686	28114.250491142273
347	985.0786	15.78724	998.82623	960.1032	982.7345	14.073844	997.7313	952.78687	1000.0	1000.0	1387999	100.12573	2.473581	102.98377	70.07692	-100.14155	0.09260231	28201.03683924675
348	966.2534	7.1803565	978.233	959.1469	974.48114	26.641947	998.09247	907.2156	1000.0	1000.0	1391999	100.14622	2.4859073	103.63515	66.9991	-100.162155	0.10321696	28292.28280210495
349	967.1366	29.031523	988.288	917.10657	980.8876	15.764705	998.8448	952.0426	1000.0	1000.0	1395999	100.17525	2.5203743	105.033966	58.388412	-100.191315	0.11035787	28379.383265972137
350	965.51794	25.03483	999.18475	928.70026	979.2921	17.58723	996.96344	943.3821	1000.0	1000.0	1399999	100.12948	2.5673957	102.61514	63.088963	-100.14251	0.09553349	28456.66687989235
351	980.6919	8.301591	992.4337	972.8005	976.3078	14.605902	997.36383	950.0644	1000.0	1000.0	1403999	100.11618	2.5569882	103.98347	59.47355	-100.131485	0.09918707	28535.310827732086
352	986.63416	7.327992	993.90936	977.6461	964.48206	25.743332	993.3089	900.53326	1000.0	1000.0	1407999	100.10275	2.5390515	103.328186	65.78327	-100.118454	0.10431317	28614.67095732689
353	973.61053	21.9188	999.1403	938.7985	983.6896	15.570505	999.49396	962.0345	1000.0	1000.0	1411999	100.09627	2.5078337	115.4776	64.962074	-100.11161	0.10434455	28692.803419828415
354	985.0779	6.171983	989.7374	974.4595	985.9751	14.562164	998.3529	958.8205	1000.0	1000.0	1415999	100.09745	2.4952073	103.78082	61.544754	-100.11339	0.10471255	28774.721180200577
355	972.53503	16.472551	997.5439	952.1219	986.9365	15.164257	999.41876	948.5662	1000.0	1000.0	1419999	100.1065	2.5066292	104.45946	64.86265	-100.12303	0.10500622	28854.069350719452
356	981.89264	15.94408	999.181	958.5397	978.0956	11.292235	996.4972	955.8807	1000.0	1000.0	1423999	100.11708	2.6053698	103.321785	64.78325	-100.13221	0.105770126	28933.905947446823
357	932.22876	63.28064	994.51154	826.6449	968.2274	22.848652	998.94293	929.424	1000.0	1000.0	1427999	100.13794	2.6389446	103.86965	63.119915	-100.15484	0.10986446	29020.813039064407
358	982.9193	8.372871	995.17236	975.0415	963.9255	29.736544	999.10675	909.01636	1000.0	1000.0	1431999	100.16701	2.6122172	103.39751	62.12744	-100.18314	0.111672014	29113.408838272095
359	955.6748	13.048713	977.4706	943.62683	928.40186	30.457945	959.7838	879.5815	1000.0	1000.0	1435999	100.19012	2.576684	103.9835	63.036163	-100.20956	0.11070987	29199.188178777695
360	964.3566	24.018341	994.5244	927.76385	954.96063	38.539684	988.20624	859.9577	1000.0	1000.0	1439999	100.26372	2.5275874	105.17064	65.49747	-100.28541	0.10545068	29290.363735198975
361	943.7162	42.364185	997.08936	890.59143	985.52655	10.433188	997.86566	963.39734	1000.0	1000.0	1443999	100.31851	2.569894	104.1842	65.1373	-100.334465	0.10592934	29375.33629012108
362	983.6595	4.1260366	987.93805	977.0447	987.30585	11.210855	999.447	962.5071	1000.0	1000.0	1447999	100.27825	2.593854	103.52632	65.875854	-100.29364	0.105922304	29455.32517504692
363	977.50793	28.68226	997.9045	928.2404	979.4465	20.693241	999.58215	925.37744	1000.0	1000.0	1451999	100.26355	2.5299783	104.318504	57.28037	-100.279816	0.11293126	29545.170165777206
364	899.7524	119.30507	974.34564	693.44354	931.569	59.58306	988.38214	775.9282	1000.0	1000.0	1455999	100.24825	2.6054041	106.87827	64.20302	-100.26773	0.11306322	29626.88761639595
365	970.91925	11.834683	978.16974	950.4352	932.86536	64.87918	996.71045	791.3859	1000.0	1000.0	1459999	100.29766	2.6773548	107.308464	59.182285	-100.31614	0.12058229	29705.116918087006
366	912.6852	105.760765	998.4374	736.3601	973.6014	13.404558	994.5581	957.08295	1000.0	1000.0	1463999	100.31692	2.5667827	103.83476	54.33985	-100.33221	0.1238463	29783.101051807404
367	956.03784	43.466713	983.06177	880.79956	948.3662	28.508032	978.5918	875.21594	1000.0	1000.0	1467999	100.26959	2.5201857	103.05775	64.60502	-100.285065	0.109294206	29868.585919380188
368	955.5199	12.278052	971.1323	937.3319	958.6398	25.855293	993.8976	907.70044	1000.0	1000.0	1471999	100.25195	2.5622027	102.72511	62.21469	-100.269966	0.105195954	29952.749163389206
369	977.1699	16.686752	994.3556	949.83594	964.2075	25.085972	993.77435	924.26495	1000.0	1000.0	1475999	100.25175	2.5608644	103.45701	65.8179	-100.26917	0.10844231	30037.023186206818
370	964.9309	18.949675	992.75244	939.7489	956.8372	34.41203	991.6703	870.8838	1000.0	1000.0	1479999	100.23152	2.5857198	103.30916	67.41787	-100.24627	0.11792778	30122.371227025986
371	976.87286	14.634812	997.2809	962.1916	973.24493	27.42169	995.74164	900.9879	1000.0	1000.0	1483999	100.19665	2.6453006	103.25918	65.75594	-100.21355	0.11021264	30202.342408657074
372	978.4439	9.802745	995.31885	971.44	971.5726	19.341206	993.6969	933.89343	1000.0	1000.0	1487999	100.16417	2.620419	105.90434	60.00098	-100.178185	0.111420386	30287.7238175869
373	975.6652	14.191639	992.12085	953.0155	984.8242	14.452907	999.3496	953.34125	1000.0	1000.0	1491999	100.12404	2.6292796	103.15717	63.710987	-100.138794	0.11914316	30368.00625395775
374	974.2833	9.90046	984.3753	963.38324	971.563	16.33986	996.83295	940.9628	1000.0	1000.0	1495999	100.11618	2.6150734	106.50669	65.92093	-100.133675	0.11633304	30452.42543554306
375	930.2296	30.1479	977.86163	897.14777	952.5799	38.876907	995.32135	891.29987	1000.0	1000.0	1499999	100.121	2.6144302	102.41983	65.17502	-100.135216	0.1131763	30529.874362707138
376	970.6688	23.955664	987.1607	929.461	952.23145	32.17867	998.8089	894.4974	1000.0	1000.0	1503999	100.10636	2.6380718	103.810776	66.280815	-100.122345	0.11204181	30607.93754506111
377	942.1398	54.723206	981.0	847.80176	956.492	42.193935	998.452	852.55054	1000.0	1000.0	1507999	100.08473	2.621203	104.127625	63.7265	-100.0993	0.11162413	30686.908880472183
378	948.2062	56.58502	995.26825	856.5201	969.26935	34.4076	997.69775	891.311	1000.0	1000.0	1511999	100.09897	2.6841552	104.139824	62.29098	-100.11611	0.112733595	30770.054775476456
379	976.0718	7.1469707	986.56134	966.4598	975.68524	13.522771	997.21875	942.9757	1000.0	1000.0	1515999	100.12396	2.5994892	103.07795	67.183495	-100.141014	0.10980922	30847.755259752274
380	973.36646	9.620243	986.603	959.48755	983.02527	17.218172	998.37805	949.00195	1000.0	1000.0	1519999	100.14268	2.5887916	102.52664	69.49238	-100.16105	0.10603955	30927.969043970108
381	967.5063	25.053768	987.9199	924.8321	968.17285	26.71296	996.48505	901.2612	1000.0	1000.0	1523999	100.16263	2.6503778	103.17435	64.30704	-100.18124	0.10896677	31011.692905664444
382	970.3195	11.059653	983.83	953.0542	975.71857	18.582443	998.3763	935.34814	1000.0	1000.0	1527999	100.22275	2.7192862	103.30757	62.905087	-100.24387	0.11584122	31090.49374461174
383	979.92444	11.075246	996.16516	966.3255	967.2715	25.41262	993.5111	918.7927	1000.0	1000.0	1531999	100.2597	2.7524726	103.632195	64.69108	-100.279686	0.11847847	31168.599640846252
384	978.0443	10.453512	995.39984	969.03064	949.1833	26.623219	994.74896	913.48413	1000.0	1000.0	1535999	100.32467	2.7943854	102.675735	59.961784	-100.34648	0.124580495	31253.722620248795
385	984.99554	9.172015	995.7614	973.34717	978.55115	14.248093	998.2987	952.08887	1000.0	1000.0	1539999	100.357	2.763174	103.12976	65.23457	-100.373314	0.1171663	31343.542258262634
386	957.88324	12.429742	974.8243	942.05383	961.12177	49.938488	995.50024	817.131	1000.0	1000.0	1543999	100.33195	2.5899432	103.045525	66.7948	-100.34861	0.115932345	31423.283586740494
387	976.348	13.451095	991.0412	955.3624	949.50085	24.840445	983.89264	911.6847	1000.0	1000.0	1547999	100.27573	2.6097922	103.11448	67.34664	-100.291626	0.10995176	31501.933176994324
388	982.4853	17.060545	994.92676	953.0732	985.80896	8.947576	997.9092	968.58496	1000.0	1000.0	1551999	100.23752	2.655535	102.82474	66.04202	-100.253845	0.11348512	31584.724852323532
389	945.7306	78.63419	994.8804	809.7214	970.0998	24.952826	998.5924	922.0869	1000.0	1000.0	1555999	100.19825	2.6600285	102.43536	68.1299	-100.21437	0.11278583	31667.33350753784
390	954.9724	36.04702	980.86523	892.825	962.1613	32.410824	996.52234	903.387	1000.0	1000.0	1559999	100.19072	2.5619996	103.06204	61.194744	-100.20983	0.114934176	31751.157029151917
391	961.9181	21.521917	997.82385	943.306	971.47217	17.271511	993.04004	932.13477	1000.0	1000.0	1563999	100.16452	2.5766141	108.27625	61.22124	-100.18042	0.11649056	31840.316975831985
392	988.3949	7.2493477	998.74365	980.07074	971.18195	11.720349	986.14166	946.2437	1000.0	1000.0	1567999	100.15999	2.5540013	102.72945	65.6399	-100.17761	0.1081136	31926.378910064697
393	976.5838	11.297058	990.4108	958.9229	977.4033	18.929298	999.11597	941.8765	1000.0	1000.0	1571999	100.18978	2.5158713	103.04227	64.13884	-100.2117	0.11284889	32012.248292446136
394	983.0242	9.674085	997.6308	972.2328	976.5244	21.784939	997.3796	937.6283	1000.0	1000.0	1575999	100.173	2.5768697	102.6953	64.5456	-100.18842	0.125486	32096.935798883438
395	959.33203	24.535883	995.9675	928.23157	942.8372	45.22011	994.76984	851.504	1000.0	1000.0	1579999	100.1529	2.6176817	103.02036	68.19149	-100.169	0.1162514	32184.382642507553
396	970.88745	25.153645	990.205	927.77545	975.98224	14.087469	989.7917	943.0169	1000.0	1000.0	1583999	100.13686	2.6212273	105.51458	68.60322	-100.150314	0.12277528	32273.446623802185
397	953.68665	21.890438	982.13495	927.8979	954.5365	42.59218	994.31665	852.8509	1000.0	1000.0	1587999	100.0993	2.7519946	104.11631	67.976006	-100.11506	0.12748939	32351.731918096542
398	977.0577	9.634707	988.9982	962.4606	967.2643	26.69049	998.49725	926.3824	1000.0	1000.0	1591999	100.12705	2.6227837	104.79951	67.46108	-100.143	0.11973608	32437.841410160065
399	968.037	29.282999	998.3424	919.61554	987.5623	8.895443	998.29016	971.52435	1000.0	1000.0	1595999	100.10569	2.6723423	102.365814	68.724396	-100.12008	0.1129069	32519.340188741684
400	926.6992	77.33857	991.73596	799.60425	977.53107	10.46263	996.9055	958.53485	1000.0	1000.0	1599999	100.10277	2.7254403	104.34738	68.97984	-100.11959	0.11240787	32601.11156821251
401	975.3148	13.485613	988.7497	952.9203	978.3789	13.914134	995.7011	951.634	1000.0	1000.0	1603999	100.10739	2.7536867	102.62493	65.401344	-100.12336	0.11888159	32682.228212833405
402	990.5121	5.7179165	997.83746	984.788	983.5368	9.715428	997.1439	967.7753	1000.0	1000.0	1607999	100.06664	2.9335172	103.99123	65.21152	-100.08094	0.13545254	32764.447893619537
403	987.5139	5.9154487	994.47217	979.50037	974.64386	23.164282	995.0872	915.4016	1000.0	1000.0	1611999	100.054	2.9028718	102.99124	59.8822	-100.06767	0.14351438	32843.38458251953
404	987.29297	7.549449	996.2182	975.7054	966.53595	28.275997	991.4633	898.566	1000.0	1000.0	1615999	100.00018	2.8378167	102.5835	64.0425	-100.01346	0.12924017	32927.37062954903
405	955.05286	26.436626	971.9581	909.3373	977.4391	29.289108	996.5424	892.6259	1000.0	1000.0	1619999	99.99803	2.9198148	108.61136	61.029366	-100.01409	0.14335774	33011.61575436592
406	986.895	5.2873945	992.7569	979.68835	979.1561	17.285942	995.8686	933.3791	1000.0	1000.0	1623999	100.06668	2.830342	103.704735	64.34665	-100.08708	0.13397151	33098.51129984856
407	979.718	9.0119	994.883	971.2013	986.38654	10.414845	995.7079	964.3672	1000.0	1000.0	1627999	100.14639	2.7487824	102.91371	62.81854	-100.16444	0.13267443	33184.913744449615
408	959.09216	45.553368	996.9788	884.3981	985.70886	9.66583	998.77167	966.0275	1000.0	1000.0	1631999	100.16871	2.7796667	103.10852	61.58217	-100.18776	0.12617527	33265.161363601685
409	971.1813	19.895048	993.5391	940.40436	937.93097	47.818077	989.3329	828.5545	1000.0	1000.0	1635999	100.24321	2.738983	103.92055	64.786446	-100.265755	0.12616314	33342.63249659538
410	948.17615	24.100805	973.6826	917.48615	966.02686	35.492256	996.57587	866.3339	1000.0	1000.0	1639999	100.27359	2.699667	102.660194	66.71716	-100.28845	0.117018506	33425.59452819824
411	984.92975	8.415357	998.2305	977.6678	975.14044	24.245163	998.0976	915.0426	1000.0	1000.0	1643999	100.21001	2.722572	102.462875	66.31357	-100.225845	0.11962262	33508.7251534462
412	961.2989	31.684305	994.44244	909.2805	980.63513	11.896578	998.2706	952.565	1000.0	1000.0	1647999	100.20949	2.694315	104.663795	61.220215	-100.22686	0.115386985	33590.960095882416
413	988.262	11.236045	996.6403	968.95667	987.61804	8.524105	998.86755	975.1536	1000.0	1000.0	1651999	100.14696	2.7952557	103.1779	64.32915	-100.162285	0.122900255	33676.742492198944
414	967.76855	6.342406	973.58636	957.35425	973.258	29.75681	998.60706	898.2971	1000.0	1000.0	1655999	100.12089	2.7975585	104.07026	63.54943	-100.136185	0.11454208	33760.55359220505
415	974.1979	21.779673	997.74255	939.1219	983.8613	11.452113	998.62134	965.92163	1000.0	1000.0	1659999	100.10878	2.856755	103.67366	62.174747	-100.12355	0.12407857	33838.94795393944
416	985.00714	9.044358	997.9681	972.3935	962.16864	22.120684	990.55786	924.9542	1000.0	1000.0	1663999	100.10176	2.9400454	103.43909	59.447594	-100.11917	0.124820486	33922.47128558159
417	984.4806	4.998479	990.8414	976.8696	979.7251	6.9501762	994.8308	969.56085	1000.0	1000.0	1667999	100.09317	2.8088255	102.7639	61.2796	-100.10783	0.1282049	34003.83378982544
418	977.9837	0.8406716	978.96765	976.6854	979.2902	14.2572975	998.43915	949.4134	1000.0	1000.0	1671999	100.05096	2.78368	103.80571	54.502106	-100.064095	0.12059444	34082.05314087868
419	979.6595	6.6449895	990.71185	972.96826	977.4061	15.5684	996.08954	951.66736	1000.0	1000.0	1675999	100.02837	2.8501062	103.24275	48.959908	-100.04317	0.11931969	34164.555419921875
420	973.6135	12.435985	985.57806	952.7388	982.9007	10.477191	997.5326	968.7577	1000.0	1000.0	1679999	100.05112	2.807073	102.75026	60.652004	-100.06789	0.11835791	34243.09045577049
421	971.9114	26.738071	997.8651	927.47363	974.7814	16.095268	993.44507	940.05524	1000.0	1000.0	1683999	100.05321	2.7771363	102.977715	65.29553	-100.06968	0.11749736	34324.59703660011
422	951.6947	67.54153	992.5961	834.7725	985.1738	10.521887	998.6462	968.8807	1000.0	1000.0	1687999	100.0671	2.6854744	102.81544	64.5963	-100.08228	0.11602063	34404.2180826664
423	982.7158	10.762128	998.75323	971.93195	982.7902	10.873743	997.475	966.1675	1000.0	1000.0	1691999	100.03945	2.7568357	105.69348	65.89594	-100.05228	0.11774701	34484.19408273697
424	958.40826	35.404423	997.6905	919.05255	962.1117	39.60279	999.53546	862.42126	1000.0	1000.0	1695999	100.00305	2.80543	106.382095	63.8871	-100.0178	0.12343444	34566.450095653534
425	934.83044	17.987892	949.2406	904.09576	974.5939	18.399284	998.66113	936.42847	1000.0	1000.0	1699999	99.98335	2.8203962	105.263145	64.46294	-99.99767	0.119892985	34656.898003816605
426	887.08765	76.78924	957.3843	757.35504	942.46075	26.093824	978.2722	894.95605	1000.0	1000.0	1703999	99.99668	2.8213165	106.64211	65.95193	-100.01233	0.13052785	34741.2076048851
427	967.9362	18.610878	993.4452	941.122	946.9103	14.534101	976.1106	928.3989	1000.0	1000.0	1707999	99.97172	2.8459175	103.88068	60.079453	-99.98875	0.14530014	34825.543885946274
428	977.0723	12.620034	994.2105	962.135	977.0773	17.625467	997.65936	950.9885	1000.0	1000.0	1711999	100.00212	2.8263369	106.427536	61.200325	-100.02119	0.12761125	34911.17950797081
429	964.13635	21.384712	995.98895	940.6341	941.0451	39.402756	979.0162	857.84674	1000.0	1000.0	1715999	100.0172	2.8469691	103.04979	63.027557	-100.033424	0.1334561	34997.57079195976
430	930.1554	37.400623	968.63837	868.94977	965.5809	14.798373	992.9954	939.39496	1000.0	1000.0	1719999	99.99127	2.7564476	105.73015	62.195847	-100.00544	0.12477916	35088.65685224533
431	967.24414	27.181976	990.937	921.0117	979.76514	26.095343	998.7927	903.9274	1000.0	1000.0	1723999	99.97896	2.783664	103.728745	62.898006	-99.99224	0.12722968	35174.02765870094
432	898.97156	84.81447	982.14124	774.77264	945.32263	32.211143	977.0996	860.9307	1000.0	1000.0	1727999	99.92332	2.865343	103.18779	64.34715	-99.9394	0.14118864	35257.86284160614
433	955.94867	21.195482	970.3528	919.3294	970.8197	18.119888	993.438	934.0722	1000.0	1000.0	1731999	99.87881	2.9151957	102.79671	62.149307	-99.89047	0.13642827	35340.43533396721
434	975.82074	4.0815935	979.83997	969.0379	966.1408	16.53819	990.16016	931.66675	1000.0	1000.0	1735999	99.82078	2.9925232	104.997025	62.326347	-99.83432	0.1525653	35421.56455373764
435	967.7922	36.44268	997.27905	905.82245	978.89417	13.529987	995.9118	952.6492	1000.0	1000.0	1739999	99.79102	2.9370172	103.42859	61.607166	-99.80576	0.14165811	35500.34571480751
436	982.4896	7.048758	994.4703	977.14844	980.1037	14.949911	998.4282	956.16425	1000.0	1000.0	1743999	99.77307	2.898053	104.61115	60.28002	-99.78581	0.14949973	35580.30737376213
437	975.41766	19.438787	990.6733	942.39813	972.99805	24.324926	994.79285	907.4442	1000.0	1000.0	1747999	99.7721	2.9150054	102.89327	57.12517	-99.78677	0.14568643	35666.66397571564
438	965.4328	19.06171	981.45404	932.97754	926.76337	40.362473	983.9491	858.5682	1000.0	1000.0	1751999	99.7651	2.9860659	104.27579	58.398434	-99.781906	0.14818798	35746.36936330795
439	881.3189	147.457	992.6399	630.82745	976.88983	28.071783	996.1222	902.28406	1000.0	1000.0	1755999	99.77791	3.0772488	103.43598	54.214916	-99.79334	0.15167388	35828.89005756378
440	969.1498	25.517876	995.08234	938.2297	972.92224	31.589832	995.04724	883.0614	1000.0	1000.0	1759999	99.82815	3.15342	104.895195	54.454956	-99.84824	0.16510934	35911.819838285446
441	978.0257	13.880147	992.5402	956.52936	986.60156	12.208702	998.2488	955.3297	1000.0	1000.0	1763999	99.83413	2.9875395	103.03366	59.223526	-99.84996	0.15318675	35990.72686290741
442	983.5322	9.522535	996.8132	971.8309	983.7207	24.223938	998.53516	917.08844	1000.0	1000.0	1767999	99.83331	2.930033	103.556755	55.193676	-99.848625	0.14250372	36073.55826091766
443	993.0223	5.641311	998.90027	983.7881	987.8053	8.619679	998.34467	971.2999	1000.0	1000.0	1771999	99.8478	2.87721	103.55381	50.66333	-99.867935	0.15141274	36156.066486120224
444	980.00183	2.236638	983.10876	976.8213	987.09863	6.0922055	999.0635	979.345	1000.0	1000.0	1775999	99.90967	2.908146	106.20715	57.154167	-99.92712	0.14806688	36244.85547852516
445	987.9916	8.488262	998.88086	977.8318	945.7674	48.456543	996.123	850.2364	1000.0	1000.0	1779999	99.89478	2.980753	103.29897	59.733967	-99.91431	0.14731698	36331.60941195488
446	988.0692	9.733651	998.2942	977.8841	970.81067	27.147512	998.90607	912.04144	1000.0	1000.0	1783999	99.93895	2.987726	102.71587	53.356117	-99.95615	0.14353237	36417.344710588455
447	962.4885	14.9527645	980.8356	942.47186	980.7873	15.167507	997.88477	940.8949	1000.0	1000.0	1787999	99.90681	2.9786446	102.397484	56.037193	-99.91989	0.14978835	36506.148732185364
448	978.95526	13.374739	994.3489	957.6564	986.0148	8.811973	998.7915	976.4616	1000.0	1000.0	1791999	99.82983	2.9986012	103.43162	57.58261	-99.8436	0.13767216	36591.86542773247
449	984.3553	11.821493	995.8128	968.2535	969.0853	11.117515	988.9782	949.58875	1000.0	1000.0	1795999	99.80516	2.9621394	102.82598	57.744595	-99.82039	0.13455476	36677.6402721405
450	950.7288	25.324898	978.8745	910.6354	986.6073	9.698383	997.5537	971.9794	1000.0	1000.0	1799999	99.83496	3.0270824	103.787155	60.575497	-99.85105	0.14203964	36761.62778234482
451	988.0019	7.5266056	997.4057	979.45264	976.02264	19.578772	998.29956	943.6225	1000.0	1000.0	1803999	99.86009	3.0092778	102.708145	57.54031	-99.87589	0.1463991	36847.23626422882
452	979.4979	20.742075	998.01025	946.3181	977.41406	13.281742	998.2616	944.4148	1000.0	1000.0	1807999	99.88043	2.9389071	104.62194	64.28877	-99.89732	0.13617994	36936.867703437805
453	983.4359	6.558907	988.96985	972.6436	981.8677	10.60721	995.01404	966.6257	1000.0	1000.0	1811999	99.90071	2.9349039	102.78995	61.237946	-99.91894	0.15064053	37021.27216672897
454	971.64496	30.646055	995.9941	919.9513	978.8283	15.448373	998.7257	950.8398	1000.0	1000.0	1815999	99.91207	2.8640485	102.701515	63.797726	-99.927925	0.14003702	37107.71362066269
455	963.5502	20.994911	984.8738	937.7728	969.4494	29.234793	997.22046	888.5785	1000.0	1000.0	1819999	99.89243	2.9828525	102.68267	60.49973	-99.90914	0.14623044	37197.28556513786
456	978.4269	3.8582785	983.1903	972.88043	982.4004	14.012087	998.22723	954.57935	1000.0	1000.0	1823999	99.85592	2.9679003	102.75804	58.511578	-99.86795	0.14879277	37283.147605895996
457	981.63574	4.5267215	989.34283	978.0592	966.658	19.69801	989.05945	919.35956	1000.0	1000.0	1827999	99.80149	3.12127	105.14765	56.050674	-99.81851	0.15984817	37367.21742081642
458	974.98645	14.552432	993.7969	954.64276	964.07196	42.610126	996.84106	838.8871	1000.0	1000.0	1831999	99.83969	3.0870712	104.04621	57.67301	-99.85337	0.15188226	37445.16019153595
459	989.50433	11.802854	998.2219	969.25616	989.68933	7.6361046	998.07605	974.7461	1000.0	1000.0	1835999	99.81559	3.0165057	104.942696	55.717537	-99.83087	0.15410319	37530.75965356827
460	976.60693	27.624266	998.7866	929.3392	983.3968	16.68477	998.6893	940.6924	1000.0	1000.0	1839999	99.80908	3.009882	103.474014	48.974247	-99.822235	0.17000663	37612.80697512627
461	972.5583	32.30935	998.5699	918.24854	987.82043	11.822688	998.15753	959.28674	1000.0	1000.0	1843999	99.78557	2.909029	104.08275	62.02177	-99.79847	0.14926904	37696.734013319016
462	969.0846	29.054684	998.596	920.84546	975.59705	32.36826	996.6447	880.68713	1000.0	1000.0	1847999	99.75885	2.936051	104.11147	59.172733	-99.77309	0.15133618	37784.59593677521
463	972.7567	6.7524014	981.82227	963.4716	973.6047	21.092112	994.3564	924.2195	1000.0	1000.0	1851999	99.73695	2.9963229	102.13372	56.53634	-99.75283	0.1618949	37875.31794285774
464	958.95605	37.635624	996.3185	896.3382	971.4547	27.14597	997.6409	904.95386	1000.0	1000.0	1855999	99.7574	2.961478	104.44559	56.077576	-99.77379	0.15674545	37960.386372089386
465	969.049	15.853718	983.5685	942.2684	962.7803	13.943703	981.9363	930.78906	1000.0	1000.0	1859999	99.7503	2.837629	102.66606	56.731213	-99.76529	0.14117123	38048.326231241226
466	969.05695	17.693274	987.89606	942.1908	958.61017	43.602444	997.2162	849.18304	1000.0	1000.0	1863999	99.71672	2.9234457	102.4796	63.63672	-99.731735	0.13699114	38134.30867981911
467	876.2072	123.24114	986.17896	678.00995	938.4782	39.58083	992.68036	839.69507	1000.0	1000.0	1867999	99.6946	2.9627535	104.19212	66.12409	-99.70661	0.14168118	38218.46924948692
468	979.75366	17.842682	993.8861	949.2438	952.4539	58.659115	997.18494	788.71735	1000.0	1000.0	1871999	99.67717	3.0029042	106.70782	60.344677	-99.69512	0.1509841	38305.48429775238
469	931.2336	53.677803	974.4566	839.21924	910.57	91.86795	984.75037	690.0687	1000.0	1000.0	1875999	99.74029	2.9310448	102.34929	59.429638	-99.75717	0.14005576	38387.203350782394
470	959.0022	16.376982	983.5707	942.9321	936.7243	61.50495	984.5784	787.8599	1000.0	1000.0	1879999	99.75993	2.8994312	103.12233	62.570526	-99.7779	0.14169542	38465.94691181183
471	921.84546	84.66524	984.9959	777.3464	985.63654	11.962013	998.82117	966.195	1000.0	1000.0	1883999	99.75725	2.878179	103.83739	59.374485	-99.771904	0.13709722	38550.13290309906
472	963.0174	25.219887	998.195	926.8761	967.15607	18.769087	991.0727	921.39746	1000.0	1000.0	1887999	99.6949	2.8440351	102.74054	58.548294	-99.70736	0.14091723	38645.20802497864
473	966.9656	13.672369	983.46796	946.59064	972.0706	17.84207	998.9129	931.64685	1000.0	1000.0	1891999	99.60341	3.0249326	103.77536	61.0894	-99.617546	0.1515993	38733.251698970795
474	993.3901	8.972035	999.3097	977.92206	985.6865	16.395302	999.0753	953.57184	1000.0	1000.0	1895999	99.58741	3.0817776	101.8874	58.02229	-99.6005	0.14351106	38812.008033037186
475	994.5113	6.834353	999.10986	982.70825	978.4243	7.114219	990.39026	969.4515	1000.0	1000.0	1899999	99.56632	3.1615005	102.53769	62.013435	-99.58043	0.16162977	38897.27398228645
476	987.19696	7.8275557	998.09515	979.6078	982.30743	14.664315	999.0029	949.31335	1000.0	1000.0	1903999	99.58992	3.1171737	102.401726	60.11647	-99.60595	0.16905022	38984.43477511406
477	982.0621	12.799128	997.1556	968.9036	970.3545	30.379204	998.942	886.42896	1000.0	1000.0	1907999	99.6071	3.1323934	102.97011	58.22605	-99.62225	0.16624756	39070.414509058
478	950.43146	35.304493	971.1959	889.284	981.96533	13.75358	998.5808	961.295	1000.0	1000.0	1911999	99.64192	3.0588136	102.60059	55.311268	-99.65712	0.16578747	39161.735869407654
479	976.0241	15.15988	997.9292	961.77496	988.4481	10.835068	998.8152	969.40894	1000.0	1000.0	1915999	99.64917	2.9753718	103.38562	58.243053	-99.66433	0.15830602	39246.42891931534
480	984.05	8.726231	995.5271	971.6297	988.55286	11.339707	998.73816	962.73254	1000.0	1000.0	1919999	99.64461	3.054694	103.438995	57.025	-99.661285	0.14974774	39330.21394228935
481	987.5632	6.1889477	995.42365	979.4467	972.5394	20.260689	997.9694	917.23816	1000.0	1000.0	1923999	99.67065	3.116242	111.63031	57.920845	-99.68654	0.1613526	39421.477132081985
482	974.23773	34.10316	998.0341	915.50433	971.83826	29.095356	997.7503	889.18726	1000.0	1000.0	1927999	99.66626	3.1670258	102.87401	57.985966	-99.67897	0.1591543	39500.399475336075
483	960.98413	37.07356	987.4073	897.6188	956.9572	28.334759	992.6461	897.3722	1000.0	1000.0	1931999	99.65402	3.1139011	104.08506	54.478966	-99.66757	0.17421615	39581.47289562225
484	967.4983	16.898237	989.84094	945.4491	976.0482	18.593817	998.7979	940.23456	1000.0	1000.0	1935999	99.61284	3.2634377	103.75104	45.326958	-99.62816	0.17702444	39666.87629199028
485	983.709	12.583685	997.42474	968.88086	974.2028	15.3348	997.49646	949.9697	1000.0	1000.0	1939999	99.64164	3.1325758	103.62355	47.678185	-99.65773	0.17999877	39749.78440451622
486	998.7888	0.055689473	998.86194	998.70825	989.44714	9.858721	998.8151	970.7657	1000.0	1000.0	1943999	99.65553	2.8918734	104.58353	64.60932	-99.67495	0.15520413	39835.81062746048
487	974.7609	17.147367	998.3752	950.0049	971.65546	21.122517	991.8671	915.4018	1000.0	1000.0	1947999	99.71075	2.7518668	104.077934	63.902752	-99.7294	0.14141408	39923.65971708298
488	975.23584	13.876443	992.0663	954.6659	977.6349	16.698965	998.4267	953.89764	1000.0	1000.0	1951999	99.80841	2.7921696	103.67949	65.09093	-99.82915	0.15238068	40013.15314531326
489	985.00366	14.184775	999.3138	967.9862	990.4757	15.314183	999.47186	950.84937	1000.0	1000.0	1955999	99.82844	2.8202353	103.483086	65.02982	-99.845894	0.14559704	40097.744564294815
490	977.52356	24.483025	998.5022	935.83167	979.42957	10.225724	994.25183	963.5323	1000.0	1000.0	1959999	99.81901	2.771476	102.19226	65.53438	-99.83716	0.13792951	40180.240136384964
491	974.58655	23.75728	998.04614	940.44037	981.69336	19.60239	999.3269	932.624	1000.0	1000.0	1963999	99.77186	2.8750033	103.873375	63.935524	-99.78401	0.13899307	40264.09924340248
492	994.66656	7.5348234	999.36743	981.6213	969.3709	46.61798	998.31775	831.92487	1000.0	1000.0	1967999	99.71406	2.9517388	102.6485	65.8337	-99.729515	0.14416128	40347.39682555199
493	772.7521	368.82208	998.5517	134.12733	900.5575	255.84142	999.3661	133.77017	1000.0	1000.0	1971999	99.71934	2.974662	105.19979	63.295677	-99.73539	0.14765231	40435.35964655876
494	977.7951	21.554062	993.075	941.0157	981.7578	13.0648775	998.80206	959.2286	1000.0	1000.0	1975999	99.70703	3.064424	103.58838	62.61018	-99.722275	0.15300769	40527.24870634079
495	991.87366	8.324133	998.33966	977.9562	981.03204	14.103136	997.92365	956.8217	1000.0	1000.0	1979999	99.70904	2.8913853	104.61941	49.818222	-99.72364	0.16053505	40611.08682489395
496	960.3533	27.672571	987.97766	918.88055	971.6414	16.415577	996.5066	939.91504	1000.0	1000.0	1983999	99.63849	2.9878395	102.622955	61.450172	-99.65364	0.16170141	40690.54247999191
497	995.282	2.6977985	997.7921	990.7952	977.1489	19.940517	998.75946	944.9982	1000.0	1000.0	1987999	99.64386	2.956718	104.497406	55.479122	-99.66228	0.16067126	40769.698283433914
498	985.58704	8.689541	998.79663	974.4945	976.43243	17.369745	998.5974	931.9864	1000.0	1000.0	1991999	99.72618	2.984096	104.2648	50.159782	-99.747955	0.15183175	40849.31939768791
499	916.18506	136.72223	999.224	679.5	972.6761	20.819605	998.2399	929.5801	1000.0	1000.0	1995999	99.72771	2.9494698	105.01162	57.13658	-99.74253	0.17146914	40930.88190150261
500	967.13574	22.696642	993.70776	931.3467	975.1188	19.54741	999.02356	947.96875	1000.0	1000.0	1999999	99.66061	2.960353	103.97997	58.956223	-99.67847	0.16733842	41009.039890766144
