Epoch	AverageEpRet	StdEpRet	MaxEpRet	MinEpRet	AverageTestEpRet	StdTestEpRet	MaxTestEpRet	MinTestEpRet	EpLen	TestEpLen	TotalEnvInteracts	AverageQVals	StdQVals	MaxQVals	MinQVals	LossPi	LossQ	Time
1	3.0	3.3166249	8.0	0.0	66.9	138.6286	430.0	0.0	1000.0	1000.0	3999	0.1668443	0.091765545	2.161588	-0.266076	-0.18392126	0.001691906	46.62357950210571
2	78.5	71.61878	195.0	0.0	102.2	159.6902	433.0	0.0	1000.0	1000.0	7999	0.982653	0.8856155	9.6975975	0.18106109	-1.027715	0.0060282755	105.79668688774109
3	1.0	1.7320508	4.0	0.0	80.4	124.95936	320.0	0.0	1000.0	1000.0	11999	2.8488874	2.5931253	26.31149	1.0260737	-2.9147515	0.008531015	165.92575001716614
4	106.25	184.0304	425.0	0.0	66.0	111.10086	343.0	0.0	1000.0	1000.0	15999	6.05293	5.308896	26.557196	1.9872485	-6.0937877	0.02441402	226.8489851951599
5	145.25	146.4537	317.0	0.0	83.4	161.84944	415.0	0.0	1000.0	1000.0	19999	7.873837	5.4624033	24.004599	0.83261436	-7.8867307	0.043340333	287.57799530029297
6	44.25	68.00873	162.0	2.0	48.3	134.35405	451.0	0.0	1000.0	1000.0	23999	8.796222	5.404045	26.773306	0.65455425	-8.862035	0.058035437	348.26997327804565
7	82.25	134.9581	316.0	3.0	30.6	71.97527	246.0	0.0	1000.0	1000.0	27999	11.590969	5.7832108	37.32392	1.5485674	-11.7832575	0.09609863	409.353542804718
8	119.5	132.41318	325.0	2.0	90.3	128.6655	381.0	0.0	1000.0	1000.0	31999	13.191773	5.9525933	34.27367	1.3053002	-13.285313	0.18407415	471.11112928390503
9	125.75	134.75232	326.0	0.0	79.7	155.5481	449.0	0.0	1000.0	1000.0	35999	16.523506	25.930838	490.8997	-0.00019177794	-16.795172	0.41748	532.9548468589783
10	3.75	3.7666297	8.0	0.0	91.6	144.6632	441.0	0.0	1000.0	1000.0	39999	41.748547	73.320694	517.0364	-0.48357645	-42.2728	0.48312435	594.3944699764252
11	0.25	0.4330127	1.0	0.0	83.6	146.1083	403.0	0.0	1000.0	1000.0	43999	55.268463	82.71001	443.12677	-0.36073154	-55.36738	0.6295008	655.8769421577454
12	199.25	193.39386	403.0	5.0	194.3	240.68115	677.0	0.0	1000.0	1000.0	47999	61.45992	79.50873	370.37595	-3.0364227	-61.829437	0.7512949	717.6462986469269
13	1.5	2.598076	6.0	0.0	124.6	164.59901	467.0	0.0	1000.0	1000.0	51999	66.57042	67.728645	314.4639	-1.8530433	-67.10857	0.7835846	779.9027936458588
14	224.25	387.83527	896.0	0.0	181.8	358.7065	917.0	0.0	1000.0	1000.0	55999	66.82279	55.958366	270.26532	-2.0451117	-67.15385	0.6444998	842.9823038578033
15	0.0	0.0	0.0	0.0	221.5	383.36047	979.0	0.0	1000.0	1000.0	59999	63.884754	44.21087	232.45297	-1.5901937	-64.3695	0.40491906	909.3422434329987
16	46.0	75.12656	176.0	0.0	150.4	297.40988	786.0	0.0	1000.0	1000.0	63999	61.13826	34.295334	201.74966	9.158496	-61.452045	0.35595343	980.161538362503
17	0.0	0.0	0.0	0.0	373.2	406.4138	972.0	0.0	1000.0	1000.0	67999	54.827	29.092894	176.10909	10.1931	-54.958187	0.3764302	1054.727058172226
18	5.75	9.959292	23.0	0.0	53.6	106.34491	325.0	0.0	1000.0	1000.0	71999	48.35353	25.576	154.02939	8.573821	-48.437374	0.3382526	1131.3769521713257
19	149.75	150.54463	335.0	0.0	58.0	102.399216	298.0	0.0	1000.0	1000.0	75999	43.695324	22.97839	137.3482	6.9569435	-43.939762	0.3702798	1208.2607955932617
20	61.75	94.864044	226.0	4.0	61.3	76.95719	237.0	10.0	1000.0	1000.0	79999	39.421566	19.446089	125.18911	5.7826033	-39.558033	0.41282183	1285.952523469925
21	194.75	195.1658	470.0	9.0	89.7	118.86551	368.0	0.0	1000.0	1000.0	83999	37.81937	14.922323	105.56825	7.6238284	-38.209774	0.417872	1363.0489242076874
22	2.25	3.8971143	9.0	0.0	22.9	66.0764	221.0	0.0	1000.0	1000.0	87999	38.247387	12.577539	94.18495	7.795824	-38.533337	0.3635842	1440.5386362075806
23	2.75	4.7631397	11.0	0.0	293.9	446.4409	1000.0	0.0	1000.0	1000.0	91999	37.790524	11.846319	87.04488	5.2816443	-38.023163	0.35810414	1518.1580810546875
24	207.25	261.53717	656.0	8.0	121.8	298.1271	995.0	0.0	1000.0	1000.0	95999	37.029568	11.377624	81.02181	5.7022567	-37.274914	0.32661223	1595.7507019042969
25	2.0	3.4641016	8.0	0.0	44.1	113.96706	384.0	0.0	1000.0	1000.0	99999	35.366104	10.983102	76.35836	2.5609503	-35.51441	0.3590004	1672.9518616199493
26	27.5	40.215046	97.0	0.0	11.4	18.805319	56.0	0.0	1000.0	1000.0	103999	32.15579	10.318995	72.62927	-0.48061574	-32.237434	0.37024122	1750.336104631424
27	23.0	37.006756	87.0	0.0	40.4	120.867035	403.0	0.0	1000.0	1000.0	107999	29.666388	10.5491495	68.50919	-3.202877	-29.811914	0.44271895	1827.7453038692474
28	175.5	172.98338	387.0	0.0	206.9	299.0229	820.0	0.0	1000.0	1000.0	111999	28.423943	10.769165	67.39708	-5.5811944	-28.563435	0.5155394	1905.5972321033478
29	130.5	138.59383	327.0	0.0	175.3	341.04578	942.0	0.0	1000.0	1000.0	115999	28.503038	11.989935	73.29621	-5.8010864	-28.746014	0.60503596	1983.3107233047485
30	581.25	351.68408	943.0	0.0	222.8	318.9137	983.0	0.0	1000.0	1000.0	119999	30.170233	14.361267	81.159134	-7.9968133	-30.484509	0.6834552	2060.713834285736
31	245.75	423.9212	980.0	0.0	68.2	151.72528	508.0	0.0	1000.0	1000.0	123999	33.93119	17.744217	94.15393	-10.136462	-34.359005	0.79488575	2137.93878030777
32	269.25	376.1671	910.0	0.0	198.5	388.08435	975.0	0.0	1000.0	1000.0	127999	37.920624	20.308155	108.03658	-8.100547	-38.411625	0.8305502	2215.275124311447
33	289.0	376.82556	921.0	0.0	289.6	441.74545	984.0	0.0	1000.0	1000.0	131999	43.22119	23.283077	115.56147	-7.4705067	-43.73209	0.89725703	2292.509288787842
34	412.0	419.21176	972.0	0.0	339.4	418.40582	987.0	0.0	1000.0	1000.0	135999	47.243816	25.76167	123.17343	-5.1346717	-47.73095	0.9062064	2369.6977701187134
35	592.75	375.7242	1000.0	64.0	139.1	305.10965	994.0	0.0	1000.0	1000.0	139999	51.020367	28.94985	129.94894	-4.1260133	-51.55571	0.9430953	2447.0607237815857
36	336.25	392.4184	965.0	0.0	448.7	450.16754	982.0	0.0	1000.0	1000.0	143999	54.53396	31.604809	136.59422	-2.36059	-55.074314	0.9601825	2524.3516657352448
37	307.25	289.04617	662.0	0.0	628.6	418.816	1000.0	0.0	1000.0	1000.0	147999	57.578804	33.63447	139.66159	-3.5063238	-58.125866	1.031007	2602.130495786667
38	866.75	98.88472	981.0	747.0	553.6	445.20248	975.0	0.0	1000.0	1000.0	151999	61.089417	35.941208	140.66986	-3.7207193	-61.683243	1.0678757	2679.4559285640717
39	420.0	420.71188	943.0	0.0	546.2	452.70538	998.0	0.0	1000.0	1000.0	155999	64.792	37.79934	144.91016	-6.1133327	-65.423836	1.1285207	2756.9106664657593
40	419.5	402.57327	868.0	2.0	589.4	477.62332	989.0	0.0	1000.0	1000.0	159999	68.78236	39.207756	147.62204	-12.240329	-69.41971	1.1204515	2834.347579240799
41	640.75	282.11823	949.0	248.0	253.6	397.16577	995.0	0.0	1000.0	1000.0	163999	71.1284	40.61169	152.2341	-15.565828	-71.6966	1.074352	2912.019173145294
42	534.25	454.34973	991.0	3.0	488.7	423.7641	982.0	0.0	1000.0	1000.0	167999	73.26651	42.11236	152.67216	-13.912242	-73.88584	1.107591	2989.8047449588776
43	665.25	387.9313	958.0	0.0	791.3	343.566	984.0	13.0	1000.0	1000.0	171999	75.50413	42.828316	153.35513	-13.603038	-76.119576	1.0539228	3067.6923434734344
44	709.25	315.7621	986.0	192.0	712.6	363.64053	995.0	0.0	1000.0	1000.0	175999	78.396545	43.715893	155.16127	-11.944035	-79.05533	1.061096	3145.8855714797974
45	376.25	345.8579	914.0	3.0	288.8	432.7613	988.0	0.0	1000.0	1000.0	179999	81.16728	44.76421	155.24219	-4.8488026	-81.87366	1.0429771	3223.9067335128784
46	962.5	7.826238	973.0	954.0	576.1	457.49173	980.0	0.0	1000.0	1000.0	183999	84.04651	44.43035	156.39328	-3.6821978	-84.73426	1.0918046	3302.0527062416077
47	710.5	290.73572	994.0	225.0	786.3	310.9608	998.0	32.0	1000.0	1000.0	187999	86.45081	43.92725	155.79546	-3.6882052	-87.143	1.0759382	3380.0067172050476
48	532.75	447.62616	981.0	11.0	633.3	437.0275	986.0	0.0	1000.0	1000.0	191999	86.93307	44.868137	157.46132	-3.234765	-87.55349	1.0312747	3457.7539880275726
49	610.75	368.3323	974.0	0.0	733.3	376.82437	976.0	0.0	1000.0	1000.0	195999	88.21736	45.13573	158.11552	-2.7959666	-88.890144	0.9381702	3535.6693348884583
50	744.25	418.39716	998.0	20.0	295.7	422.3899	995.0	0.0	1000.0	1000.0	199999	89.99706	44.848602	156.33676	-2.062086	-90.686966	0.9240748	3613.7649285793304
51	487.5	487.61536	990.0	0.0	131.0	268.75864	815.0	0.0	1000.0	1000.0	203999	90.86024	44.79415	155.45367	-0.8803413	-91.45141	0.97406846	3691.8877527713776
52	232.75	403.13483	931.0	0.0	491.8	456.88397	1000.0	0.0	1000.0	1000.0	207999	90.03628	44.850304	157.86551	-1.6698344	-90.62681	0.92949635	3769.89293718338
53	813.75	163.30244	979.0	645.0	621.6	437.16913	996.0	0.0	1000.0	1000.0	211999	90.22157	44.932224	156.70573	-2.235062	-90.826614	0.8990043	3848.3832592964172
54	698.75	362.4744	966.0	76.0	781.3	390.88593	1000.0	0.0	1000.0	1000.0	215999	90.49173	45.99818	154.93579	-2.197456	-91.111435	0.9300895	3926.724864244461
55	784.5	342.08807	998.0	193.0	776.3	388.24222	981.0	0.0	1000.0	1000.0	219999	91.79555	46.58034	155.40807	-2.9081864	-92.47593	0.97646487	4005.6552500724792
56	966.5	17.356554	992.0	943.0	861.2	288.58682	991.0	0.0	1000.0	1000.0	223999	93.59837	46.87853	156.97545	-1.7233212	-94.27995	0.98742926	4084.1192014217377
57	843.75	235.18756	1000.0	437.0	849.0	285.9654	985.0	0.0	1000.0	1000.0	227999	95.20145	47.049984	158.1421	-4.8751583	-95.90007	1.0236409	4162.465940952301
58	697.0	402.25552	999.0	9.0	879.5	287.08615	1000.0	19.0	1000.0	1000.0	231999	97.01149	47.09049	159.01558	-6.5462255	-97.73998	0.9837164	4240.745401620865
59	973.0	13.546217	995.0	958.0	978.8	18.35647	1000.0	942.0	1000.0	1000.0	235999	99.5182	47.608692	157.77516	-8.990641	-100.25301	1.0214123	4319.333094120026
60	977.75	17.093493	994.0	954.0	955.0	71.90967	1000.0	752.0	1000.0	1000.0	239999	101.41802	48.330124	159.44948	-8.746296	-102.15662	1.0936792	4397.927115917206
61	721.5	360.51804	996.0	102.0	973.9	24.431334	1000.0	923.0	1000.0	1000.0	243999	104.00248	48.508087	160.748	-8.429757	-104.8105	1.1495779	4476.450536966324
62	835.25	264.6964	999.0	377.0	876.8	292.5894	1000.0	0.0	1000.0	1000.0	247999	106.71395	48.424526	164.60909	-4.327342	-107.50957	1.1445836	4555.1082537174225
63	730.25	387.2108	1000.0	63.0	709.6	404.64014	990.0	0.0	1000.0	1000.0	251999	108.63287	48.36515	166.0872	-6.6351852	-109.40606	1.0634146	4633.835977315903
64	940.25	58.490917	982.0	840.0	718.2	399.80215	994.0	0.0	1000.0	1000.0	255999	109.93753	47.870796	167.59459	-7.0606623	-110.69046	1.1034313	4712.565562725067
65	621.75	401.86215	978.0	0.0	924.5	118.85054	992.0	577.0	1000.0	1000.0	259999	110.67542	46.880657	169.3696	-6.2338295	-111.40819	1.0466621	4791.404319286346
66	698.0	401.62482	959.0	5.0	706.0	405.36578	988.0	12.0	1000.0	1000.0	263999	110.59795	44.99512	167.36699	-2.282228	-111.25331	1.0071791	4870.874489307404
67	969.75	16.33057	983.0	943.0	885.2	280.6299	995.0	45.0	1000.0	1000.0	267999	110.10345	43.991432	167.92079	-1.9482961	-110.80419	1.004283	4950.3834273815155
68	901.25	112.34628	988.0	710.0	856.8	293.00064	1000.0	0.0	1000.0	1000.0	271999	110.78466	43.564205	167.92284	-2.7896273	-111.505936	1.0130278	5029.345040559769
69	974.75	5.9319053	980.0	965.0	761.8	386.68613	996.0	0.0	1000.0	1000.0	275999	111.37663	43.132854	167.03568	-2.0814705	-112.106476	1.0029093	5108.407436609268
70	776.75	346.36713	984.0	177.0	781.2	383.12393	996.0	0.0	1000.0	1000.0	279999	112.10207	43.06663	164.64749	-1.7642332	-112.78353	1.052552	5187.4865663051605
71	742.25	399.81332	989.0	50.0	873.3	291.9209	999.0	0.0	1000.0	1000.0	283999	111.8744	42.651478	163.23021	0.18175185	-112.55867	1.0242097	5266.607948541641
72	667.25	396.56485	968.0	0.0	865.0	214.17142	1000.0	402.0	1000.0	1000.0	287999	112.17068	41.888885	161.93593	1.2066894	-112.85702	1.0224986	5345.728397846222
73	973.75	10.256096	988.0	964.0	971.9	15.801582	998.0	945.0	1000.0	1000.0	291999	112.33434	41.10864	162.2786	0.86788565	-113.0213	0.99105716	5424.808153152466
74	973.75	28.39344	994.0	925.0	823.6	322.00006	1000.0	0.0	1000.0	1000.0	295999	112.73556	40.45949	162.25298	1.4785529	-113.41235	0.90713674	5503.93611741066
75	961.75	10.256096	976.0	947.0	891.8	179.80312	994.0	402.0	1000.0	1000.0	299999	112.35883	40.164875	165.4047	1.4986149	-112.97853	0.8978453	5583.05544424057
76	860.75	190.79227	990.0	532.0	721.3	329.63345	992.0	12.0	1000.0	1000.0	303999	112.06276	39.954273	161.69278	1.5053655	-112.71211	0.8457657	5662.415638446808
77	978.5	18.834808	996.0	948.0	975.2	10.419213	993.0	951.0	1000.0	1000.0	307999	111.95855	40.468426	160.67165	1.5067722	-112.584236	0.82534564	5741.729141950607
78	934.0	25.739075	965.0	896.0	866.9	255.83333	1000.0	124.0	1000.0	1000.0	311999	111.39955	40.610023	157.66098	1.5142586	-111.96899	0.78656125	5821.119686365128
79	877.25	100.83495	992.0	731.0	969.0	21.61481	990.0	911.0	1000.0	1000.0	315999	109.88822	40.47897	155.11284	1.517798	-110.42322	0.7520406	5900.568111419678
80	946.75	73.87278	996.0	819.0	959.0	37.42192	999.0	861.0	1000.0	1000.0	319999	108.46306	40.409225	153.98259	1.5148568	-108.97824	0.7670094	5979.849732398987
81	733.0	324.94077	979.0	183.0	616.9	409.20374	990.0	25.0	1000.0	1000.0	323999	107.03236	40.392887	153.49883	1.5124766	-107.523155	0.80957025	6059.20685505867
82	866.25	151.2752	988.0	615.0	980.8	12.1885195	996.0	963.0	1000.0	1000.0	327999	105.55746	40.35979	152.0262	1.5120108	-106.063866	0.789875	6138.576885938644
83	917.0	98.04336	986.0	748.0	982.5	12.745587	999.0	960.0	1000.0	1000.0	331999	105.15097	40.012306	152.03201	1.5118799	-105.68494	0.77697426	6218.114669084549
84	930.5	66.99813	977.0	815.0	967.6	15.988746	991.0	936.0	1000.0	1000.0	335999	105.08098	39.544014	149.96867	1.5139378	-105.62474	0.7563275	6297.526109933853
85	764.25	349.8295	992.0	159.0	687.0	447.65546	994.0	0.0	1000.0	1000.0	339999	105.17528	39.48077	149.77533	1.5269332	-105.714066	0.7977187	6376.889299631119
86	801.75	248.2291	989.0	375.0	867.6	290.50616	993.0	0.0	1000.0	1000.0	343999	105.3717	39.627697	150.577	1.5374281	-105.91709	0.7657379	6456.309721708298
87	720.75	299.6351	969.0	219.0	918.3	171.55644	1000.0	406.0	1000.0	1000.0	347999	105.58261	39.948925	151.52989	-2.8954062	-106.133194	0.7541399	6535.729015350342
88	980.75	9.202581	994.0	968.0	876.8	293.0484	1000.0	0.0	1000.0	1000.0	351999	105.96202	39.921585	153.32703	-6.122287	-106.52527	0.7052913	6615.216378688812
89	761.5	379.6436	989.0	104.0	872.0	288.55536	1000.0	7.0	1000.0	1000.0	355999	106.66315	39.187313	153.61299	-4.0023756	-107.2329	0.662296	6694.831891536713
90	822.75	292.0166	996.0	317.0	950.1	77.9172	1000.0	721.0	1000.0	1000.0	359999	107.29734	37.95546	152.39267	-0.5012785	-107.85481	0.6382794	6774.32101726532
91	745.25	430.2914	1000.0	0.0	977.9	9.873703	994.0	966.0	1000.0	1000.0	363999	107.2312	37.446354	149.35562	0.92349577	-107.776184	0.6226765	6854.048681259155
92	963.25	11.053845	979.0	948.0	954.0	71.43529	1000.0	743.0	1000.0	1000.0	367999	107.46972	37.080193	148.8689	1.6029544	-108.02834	0.6107854	6933.655035018921
93	956.5	15.850867	980.0	941.0	972.1	9.914131	984.0	955.0	1000.0	1000.0	371999	107.20638	36.609272	147.58301	1.6512655	-107.69834	0.61145496	7013.2773649692535
94	966.0	16.355427	988.0	945.0	780.2	384.064	997.0	0.0	1000.0	1000.0	375999	106.42008	36.59231	145.84583	1.6987909	-106.90468	0.6165521	7092.722583770752
95	916.25	60.66867	981.0	819.0	786.7	389.2182	997.0	3.0	1000.0	1000.0	379999	105.91884	36.33179	147.28047	1.7563862	-106.42437	0.61743474	7172.32972407341
96	985.75	10.8714075	998.0	969.0	783.3	390.42236	997.0	0.0	1000.0	1000.0	383999	106.08422	35.950554	149.52475	-6.3583107	-106.62427	0.6392339	7252.059860467911
97	744.5	250.08548	996.0	426.0	802.6	356.58893	1000.0	0.0	1000.0	1000.0	387999	106.75828	34.98994	150.79488	-10.047423	-107.278725	0.63603693	7332.1404185295105
98	973.25	21.463633	1000.0	940.0	911.5	160.22188	1000.0	438.0	1000.0	1000.0	391999	106.51837	34.334675	149.6291	-15.92773	-107.01288	0.6334748	7411.738390207291
99	901.5	125.587616	977.0	684.0	970.4	19.566298	997.0	930.0	1000.0	1000.0	395999	106.57376	34.229218	144.8763	-20.055748	-107.06972	0.65166795	7491.194097042084
100	954.75	25.616158	997.0	929.0	800.0	362.30127	999.0	7.0	1000.0	1000.0	399999	106.47187	35.228428	145.42503	-20.034359	-106.986	0.6467692	7571.0011167526245
101	953.75	64.70848	999.0	842.0	689.9	450.42368	1000.0	0.0	1000.0	1000.0	403999	107.06137	35.112354	145.31213	-17.78612	-107.60544	0.6310575	7650.7332236766815
102	980.5	27.518175	1000.0	933.0	689.5	435.52203	996.0	10.0	1000.0	1000.0	407999	107.62354	34.457943	141.6564	-8.017101	-108.12756	0.5913512	7730.462585926056
103	961.0	31.70962	997.0	910.0	972.5	18.88518	996.0	925.0	1000.0	1000.0	411999	107.66182	34.742035	142.7619	-11.869473	-108.15652	0.5790914	7810.3041224479675
104	716.75	408.47116	982.0	12.0	783.5	391.79745	987.0	0.0	1000.0	1000.0	415999	107.32872	35.22971	140.45482	-6.023839	-107.81072	0.55366415	7890.188687801361
105	974.75	7.292976	983.0	963.0	974.1	9.700001	990.0	955.0	1000.0	1000.0	419999	107.08703	36.07425	138.79524	-12.768699	-107.57704	0.5372251	7970.212789058685
106	888.25	154.32494	982.0	621.0	768.1	380.73492	983.0	0.0	1000.0	1000.0	423999	107.3751	36.22519	140.03986	-4.7599125	-107.8836	0.5199655	8050.3173661231995
107	976.0	15.264338	997.0	957.0	962.7	52.9	989.0	806.0	1000.0	1000.0	427999	108.04468	35.672543	141.28853	-4.6899047	-108.563354	0.55868673	8130.221755743027
108	975.5	15.05822	994.0	954.0	978.9	16.232376	997.0	941.0	1000.0	1000.0	431999	108.40505	35.46393	145.23183	-9.245123	-108.9059	0.5793655	8209.979346752167
109	722.5	417.37604	986.0	0.0	978.2	12.464349	989.0	949.0	1000.0	1000.0	435999	108.51718	36.183765	147.91147	-15.50291	-109.01879	0.6020918	8289.874772071838
110	980.0	25.96151	1000.0	936.0	887.0	295.97635	1000.0	0.0	1000.0	1000.0	439999	108.81232	36.709026	165.39647	-11.376357	-109.321075	0.62597924	8369.428171873093
111	744.5	407.87405	998.0	39.0	706.6	345.00323	992.0	0.0	1000.0	1000.0	443999	108.95544	36.796234	178.01457	-9.587396	-109.46229	0.651717	8449.62703537941
112	713.25	413.61057	987.0	0.0	715.4	352.15912	1000.0	0.0	1000.0	1000.0	447999	110.01732	36.744587	204.62692	-10.397809	-110.57816	0.67547554	8529.456235170364
113	921.25	87.23352	996.0	778.0	786.6	391.6874	992.0	0.0	1000.0	1000.0	451999	111.38472	36.73629	210.42856	-1.4960728	-111.97231	0.6774941	8609.236785411835
114	738.75	425.40533	994.0	2.0	688.2	450.7349	999.0	0.0	1000.0	1000.0	455999	112.75672	35.976112	207.71889	2.2401626	-113.33133	0.69622976	8688.944998025894
115	760.0	234.99467	983.0	406.0	685.7	372.0277	990.0	0.0	1000.0	1000.0	459999	113.42994	35.32356	199.276	3.3570497	-113.97524	0.66658485	8768.796050071716
116	708.75	408.0909	975.0	4.0	612.2	466.97748	1000.0	0.0	1000.0	1000.0	463999	113.60708	35.28186	184.21472	4.1954274	-114.161606	0.6979673	8848.534649848938
117	741.5	428.18076	998.0	0.0	842.7	302.85312	1000.0	0.0	1000.0	1000.0	467999	114.25001	34.798187	173.16333	2.039968	-114.83449	0.70743	8928.351197242737
118	731.75	415.02612	980.0	13.0	593.1	484.30164	997.0	0.0	1000.0	1000.0	471999	115.14436	33.99724	173.21104	3.1954024	-115.73531	0.69895583	9008.15676856041
119	678.75	395.67813	991.0	0.0	705.5	416.34247	1000.0	0.0	1000.0	1000.0	475999	115.76172	33.84119	176.66187	2.905809	-116.32215	0.6869725	9088.141682863235
120	717.25	414.9948	980.0	0.0	791.0	315.11142	981.0	5.0	1000.0	1000.0	479999	116.2526	34.600105	182.77994	2.3015246	-116.83547	0.7169322	9168.007817983627
121	791.25	340.29205	1000.0	202.0	680.9	446.1857	993.0	0.0	1000.0	1000.0	483999	116.82009	35.31905	188.20097	2.302432	-117.38808	0.65826523	9247.778244972229
122	904.25	143.41788	995.0	656.0	881.3	293.7196	997.0	1.0	1000.0	1000.0	487999	116.82542	35.902718	186.87073	2.316015	-117.3757	0.6459794	9327.606197595596
123	975.25	15.155444	998.0	961.0	783.7	391.8967	989.0	0.0	1000.0	1000.0	491999	116.45447	35.655865	182.99	0.45422173	-116.96763	0.6174115	9407.587692975998
124	847.0	214.0479	986.0	477.0	977.8	15.73404	1000.0	948.0	1000.0	1000.0	495999	116.11892	35.127636	177.16188	-13.083883	-116.65186	0.63200754	9487.265362977982
125	972.0	17.62101	992.0	953.0	827.8	308.975	997.0	6.0	1000.0	1000.0	499999	115.63081	34.58396	172.2443	-12.501239	-116.13491	0.5724734	9567.189493894577
126	698.0	405.31036	976.0	0.0	874.5	289.9142	993.0	6.0	1000.0	1000.0	503999	115.27669	34.114285	168.74902	-10.6123495	-115.80836	0.5771767	9647.009420871735
127	958.75	34.53531	980.0	899.0	687.4	444.66577	994.0	0.0	1000.0	1000.0	507999	115.34367	33.598347	166.88666	-8.226308	-115.878075	0.55479693	9726.803733825684
128	962.75	13.772709	980.0	942.0	956.0	59.86318	998.0	782.0	1000.0	1000.0	511999	115.23235	33.315903	166.01593	-1.8080921	-115.73633	0.57362795	9806.63452386856
129	993.5	4.609772	999.0	988.0	979.3	16.994411	1000.0	950.0	1000.0	1000.0	515999	114.6396	33.80302	167.13329	-1.9524612	-115.14378	0.57318157	9886.619713544846
130	985.5	12.379418	1000.0	970.0	970.8	16.406097	998.0	950.0	1000.0	1000.0	519999	114.69424	33.5233	162.1251	-0.1889205	-115.21019	0.59286964	9966.59689950943
131	964.5	35.808517	1000.0	912.0	980.8	8.908423	991.0	961.0	1000.0	1000.0	523999	114.656	33.707493	158.4625	-1.6142993	-115.16112	0.5701512	10046.703669786453
132	936.5	48.777557	975.0	853.0	968.3	28.057262	996.0	900.0	1000.0	1000.0	527999	114.29919	33.842606	155.72008	-4.133853	-114.776535	0.54866767	10126.785593509674
133	973.25	14.720309	992.0	952.0	986.3	11.118004	1000.0	964.0	1000.0	1000.0	531999	113.63948	33.547337	156.07793	-3.7113006	-114.09019	0.52767843	10206.919168233871
134	729.0	421.038	990.0	0.0	705.0	418.34412	994.0	6.0	1000.0	1000.0	535999	112.77261	33.58262	155.70001	-5.3075275	-113.23475	0.51339626	10286.957336425781
135	979.25	16.083765	1000.0	956.0	983.3	9.920181	1000.0	969.0	1000.0	1000.0	539999	112.3219	34.227863	156.21898	-7.670513	-112.78636	0.5026623	10367.026242256165
136	977.0	10.099504	989.0	961.0	875.2	292.0828	990.0	0.0	1000.0	1000.0	543999	112.3041	35.054432	156.71077	-13.202204	-112.765236	0.48612154	10447.214101076126
137	966.75	15.449514	976.0	940.0	882.3	289.4208	1000.0	15.0	1000.0	1000.0	547999	112.24582	35.737675	155.82692	-17.594704	-112.71614	0.48683986	10527.485481977463
138	957.25	16.452583	974.0	930.0	975.9	7.489326	989.0	964.0	1000.0	1000.0	551999	112.05997	36.04948	153.50908	-23.265505	-112.51693	0.46789756	10607.55624628067
139	822.0	288.2126	1000.0	323.0	787.6	391.21176	1000.0	0.0	1000.0	1000.0	555999	111.56229	35.990887	152.6262	-28.802565	-111.99804	0.44821236	10687.592279434204
140	809.25	279.1804	986.0	326.0	889.2	163.16483	1000.0	489.0	1000.0	1000.0	559999	111.06341	35.827915	153.12837	-30.524788	-111.50128	0.44877166	10767.759880304337
141	913.5	90.13462	991.0	760.0	969.3	18.330576	991.0	928.0	1000.0	1000.0	563999	110.5582	35.83989	151.47414	-30.70148	-110.990326	0.46405834	10847.778084516525
142	939.75	51.299976	983.0	855.0	981.1	14.067339	997.0	959.0	1000.0	1000.0	567999	109.91179	35.609737	151.86792	-28.330254	-110.30549	0.46186513	10927.91276550293
143	807.75	266.25305	991.0	351.0	903.1	227.53392	996.0	221.0	1000.0	1000.0	571999	109.44715	35.402725	154.40982	-21.915134	-109.8672	0.45140108	11008.296558618546
144	970.5	19.18984	1000.0	948.0	974.2	21.357903	994.0	917.0	1000.0	1000.0	575999	109.51328	35.13516	154.18379	-17.281868	-109.96866	0.45753613	11088.445373535156
145	974.0	8.276473	987.0	964.0	877.2	290.65228	993.0	6.0	1000.0	1000.0	579999	110.10814	34.89158	152.33119	-17.632483	-110.5902	0.4630762	11168.812627792358
146	945.75	72.11579	993.0	821.0	978.6	10.423051	994.0	959.0	1000.0	1000.0	583999	111.15191	34.511387	151.50584	-17.734966	-111.64442	0.47770435	11249.005986213684
147	963.75	41.172653	1000.0	894.0	976.3	14.318171	1000.0	949.0	1000.0	1000.0	587999	111.81441	33.789055	152.13951	-11.250118	-112.29865	0.45781425	11329.406038761139
148	981.75	11.966098	1000.0	968.0	882.3	289.73923	995.0	14.0	1000.0	1000.0	591999	112.28482	32.990295	151.54558	-2.2875752	-112.760925	0.49125177	11409.939081430435
149	740.75	427.91785	1000.0	0.0	974.7	13.638548	993.0	944.0	1000.0	1000.0	595999	112.85332	32.715897	152.34209	0.5043831	-113.32989	0.5219988	11490.364199399948
150	983.25	12.65652	1000.0	971.0	930.0	99.19375	1000.0	668.0	1000.0	1000.0	599999	113.1767	32.9173	153.05217	0.45037532	-113.6467	0.53069794	11570.85109949112
151	722.75	397.67346	991.0	38.0	974.4	16.906803	1000.0	953.0	1000.0	1000.0	603999	113.00604	33.1494	151.52408	-2.750205	-113.439186	0.5191194	11651.2364590168
152	949.75	38.6159	990.0	886.0	970.2	30.632662	998.0	888.0	1000.0	1000.0	607999	112.53346	33.305588	149.91306	-4.2590885	-112.96089	0.50150883	11731.71446442604
153	985.75	17.078861	1000.0	957.0	965.8	32.55088	1000.0	880.0	1000.0	1000.0	611999	112.14461	32.720703	146.51363	-4.439788	-112.577545	0.47727284	11812.10170173645
154	980.5	18.062391	1000.0	961.0	973.9	30.781326	1000.0	886.0	1000.0	1000.0	615999	111.96808	31.852724	146.01355	1.9861953	-112.388016	0.47119454	11892.37604022026
155	901.5	96.62945	987.0	738.0	887.3	296.01486	999.0	0.0	1000.0	1000.0	619999	111.29251	31.833227	146.63896	3.3980258	-111.68817	0.46649316	11973.052716255188
156	973.5	11.101802	989.0	958.0	981.6	16.89497	999.0	943.0	1000.0	1000.0	623999	110.91175	31.898207	147.01657	3.425951	-111.32636	0.48025104	12053.440104007721
157	806.25	303.03827	999.0	282.0	885.3	295.20062	997.0	0.0	1000.0	1000.0	627999	110.90702	31.870144	145.58705	3.4565787	-111.32779	0.48701122	12133.838187932968
158	985.5	9.656604	998.0	971.0	973.1	20.70966	993.0	929.0	1000.0	1000.0	631999	110.75464	31.88273	144.50336	2.9465897	-111.166115	0.47387296	12214.403322935104
159	979.25	11.5406885	997.0	969.0	950.8	51.248024	1000.0	832.0	1000.0	1000.0	635999	110.7028	32.15301	142.76118	2.4620924	-111.10653	0.48363918	12295.031222581863
160	978.25	12.910751	990.0	957.0	881.0	293.99933	1000.0	0.0	1000.0	1000.0	639999	110.50637	32.27782	140.84775	1.356816	-110.91719	0.47239375	12375.569440364838
161	918.5	108.71638	997.0	731.0	976.8	14.77701	1000.0	947.0	1000.0	1000.0	643999	110.73572	32.590412	143.28459	-5.806199	-111.16937	0.47479224	12456.087354183197
162	879.0	177.01836	992.0	573.0	972.7	23.392519	1000.0	911.0	1000.0	1000.0	647999	110.95215	32.82508	144.85158	-10.023441	-111.367546	0.46633178	12536.557643413544
163	984.25	7.084314	994.0	977.0	978.4	14.833746	1000.0	958.0	1000.0	1000.0	651999	110.67161	32.434734	142.64586	-10.252422	-111.06112	0.44902924	12617.023314237595
164	980.0	9.617692	996.0	972.0	887.4	295.93994	998.0	0.0	1000.0	1000.0	655999	110.26841	32.3413	140.87451	-10.496058	-110.646545	0.44125426	12697.484246253967
165	883.0	174.94713	987.0	580.0	842.0	312.92844	1000.0	5.0	1000.0	1000.0	659999	109.6576	32.012577	139.32297	-8.715231	-110.01734	0.4217174	12778.021387338638
166	962.25	41.12405	996.0	893.0	979.5	10.012492	1000.0	962.0	1000.0	1000.0	663999	109.0084	31.035616	138.6183	-5.057784	-109.3865	0.4241713	12858.450370311737
167	979.25	15.105876	995.0	960.0	937.5	75.48013	1000.0	760.0	1000.0	1000.0	667999	109.05296	29.887136	135.43913	2.3678381	-109.450806	0.41898242	12939.2224984169
168	979.0	8.803409	992.0	968.0	981.1	10.37738	998.0	965.0	1000.0	1000.0	671999	109.44389	29.596228	135.52757	3.4923663	-109.86741	0.44078758	13019.776332139969
169	951.5	49.822186	986.0	866.0	980.7	14.2481575	997.0	952.0	1000.0	1000.0	675999	110.17086	29.057827	136.94934	0.6114466	-110.59023	0.45074084	13100.269179344177
170	986.5	5.6789083	993.0	978.0	977.1	16.238535	997.0	950.0	1000.0	1000.0	679999	110.44918	28.965014	137.42119	-0.16780782	-110.85242	0.46855888	13181.252956151962
171	977.75	10.825317	996.0	968.0	874.5	292.2161	1000.0	0.0	1000.0	1000.0	683999	110.43626	29.076677	138.03198	-2.620723	-110.825325	0.49832842	13261.780981063843
172	746.75	419.01932	992.0	21.0	981.4	15.001333	1000.0	952.0	1000.0	1000.0	687999	109.99719	29.650818	139.55327	-3.5694995	-110.36586	0.5057568	13342.37151479721
173	907.75	78.20286	965.0	773.0	887.4	277.9274	997.0	54.0	1000.0	1000.0	691999	109.87974	30.387423	140.12183	-9.253296	-110.25947	0.5161411	13423.098777770996
174	936.25	72.440926	995.0	814.0	975.5	10.623088	999.0	954.0	1000.0	1000.0	695999	109.8321	30.56791	141.33368	-10.470051	-110.22606	0.5144855	13503.647396326065
175	859.5	224.34181	996.0	471.0	857.3	292.58197	1000.0	14.0	1000.0	1000.0	699999	110.20446	30.02085	135.91122	-9.674985	-110.613815	0.50798625	13584.30072259903
176	983.25	11.776566	1000.0	968.0	963.4	24.715178	986.0	899.0	1000.0	1000.0	703999	110.59471	29.983965	136.0249	-5.863988	-110.99321	0.48492557	13665.228793859482
177	930.25	78.24441	982.0	795.0	971.4	17.45394	1000.0	943.0	1000.0	1000.0	707999	110.6818	30.214863	136.84164	-10.687704	-111.08139	0.48456952	13745.884713411331
178	969.25	11.143945	981.0	953.0	981.2	9.442457	1000.0	969.0	1000.0	1000.0	711999	110.70742	30.007132	137.35686	-12.14978	-111.09813	0.4765324	13826.775868177414
179	979.5	19.931131	1000.0	947.0	980.3	11.61938	993.0	955.0	1000.0	1000.0	715999	110.6419	29.96408	138.80278	-15.67197	-111.013374	0.4837426	13907.592515230179
180	978.75	13.254716	1000.0	964.0	851.6	292.4935	1000.0	29.0	1000.0	1000.0	719999	110.26881	30.51925	139.16116	-14.98926	-110.642624	0.50812477	13988.405430793762
181	979.25	12.735286	1000.0	967.0	948.7	83.327126	991.0	700.0	1000.0	1000.0	723999	110.53155	30.65222	138.63455	-10.060978	-110.94822	0.5029522	14069.224482536316
182	977.0	16.015617	998.0	960.0	984.0	12.884099	1000.0	959.0	1000.0	1000.0	727999	111.36162	30.174368	137.08875	-8.5622425	-111.786125	0.5248368	14150.034240722656
183	981.25	7.1195154	990.0	972.0	982.1	13.938795	997.0	958.0	1000.0	1000.0	731999	112.1345	29.99657	137.29877	-8.8582535	-112.562035	0.5134077	14230.935259580612
184	918.75	68.30584	980.0	804.0	974.6	27.159529	1000.0	901.0	1000.0	1000.0	735999	112.2241	30.27373	139.67044	-4.9998527	-112.63276	0.4958721	14311.74834561348
185	962.75	22.40954	993.0	931.0	931.0	92.71354	993.0	686.0	1000.0	1000.0	739999	112.62504	29.968819	139.7261	-2.269381	-113.03004	0.49707612	14392.784148216248
186	970.0	9.513149	980.0	960.0	965.6	24.137938	993.0	898.0	1000.0	1000.0	743999	112.64319	29.918793	139.01106	-2.1174307	-113.05412	0.45899847	14473.845349788666
187	973.5	15.692355	995.0	952.0	813.9	323.84268	1000.0	4.0	1000.0	1000.0	747999	112.89624	29.41779	138.95125	2.029265	-113.3038	0.46552894	14554.77331995964
188	812.75	264.37698	975.0	355.0	922.8	156.48949	989.0	455.0	1000.0	1000.0	751999	113.18839	28.392193	136.82918	4.4676805	-113.60799	0.43653384	14635.933035373688
189	756.5	195.45908	963.0	435.0	824.0	226.32365	985.0	403.0	1000.0	1000.0	755999	113.3448	27.203794	136.65619	4.499919	-113.74524	0.43127826	14716.914318561554
190	951.5	30.020826	980.0	901.0	981.8	10.703271	1000.0	970.0	1000.0	1000.0	759999	113.36444	26.137844	137.31438	4.532699	-113.775375	0.43654335	14797.92372226715
191	975.0	4.0620193	978.0	968.0	949.8	101.3566	997.0	647.0	1000.0	1000.0	763999	113.68652	25.360245	137.74803	4.55903	-114.10574	0.46720675	14878.689470291138
192	917.25	102.638626	989.0	740.0	972.3	17.20494	1000.0	945.0	1000.0	1000.0	767999	114.02142	24.844837	138.3792	4.585733	-114.43158	0.45824164	14959.469631671906
193	979.25	10.034316	995.0	968.0	867.6	187.89314	1000.0	443.0	1000.0	1000.0	771999	114.17871	24.922459	139.02786	4.608501	-114.592834	0.4488457	15040.298412799835
194	930.5	83.69737	988.0	786.0	898.4	218.1207	1000.0	246.0	1000.0	1000.0	775999	114.08531	25.288496	139.57344	4.626706	-114.47485	0.4339112	15120.988075017929
195	870.25	143.70174	990.0	630.0	978.4	22.450834	1000.0	928.0	1000.0	1000.0	779999	114.06364	25.351412	139.14987	4.645844	-114.47604	0.46814865	15201.827884435654
196	955.75	19.136026	980.0	932.0	973.4	29.85699	1000.0	891.0	1000.0	1000.0	783999	114.04846	24.907013	137.65889	4.668934	-114.43011	0.44153506	15282.766712665558
197	972.5	6.8738637	983.0	965.0	779.0	386.40857	999.0	0.0	1000.0	1000.0	787999	113.70351	25.119104	138.76016	4.6881785	-114.07887	0.41277373	15363.581779241562
198	977.0	8.514693	986.0	968.0	960.5	16.21265	985.0	928.0	1000.0	1000.0	791999	113.20245	25.29731	139.43758	4.707297	-113.56544	0.424426	15444.37932753563
199	941.75	54.783096	999.0	856.0	862.0	289.21133	999.0	46.0	1000.0	1000.0	795999	112.80272	25.87715	139.11017	4.7192273	-113.17092	0.43565753	15525.336056947708
200	905.5	137.69986	986.0	667.0	979.2	14.260435	996.0	957.0	1000.0	1000.0	799999	112.63809	26.425177	139.84805	4.739444	-113.005066	0.42574796	15606.711699008942
201	910.25	133.58963	992.0	679.0	972.6	27.756802	989.0	891.0	1000.0	1000.0	803999	112.63121	27.042948	140.66676	4.7603264	-113.01144	0.44489458	15687.635761737823
202	989.75	6.941722	1000.0	982.0	981.1	11.945292	1000.0	962.0	1000.0	1000.0	807999	112.81125	27.640682	142.30385	4.7865934	-113.21231	0.46609282	15768.616293430328
203	984.5	10.307764	995.0	971.0	939.3	107.71727	1000.0	619.0	1000.0	1000.0	811999	113.39774	28.09236	144.14433	3.2066393	-113.81909	0.47490832	15849.717768192291
204	954.0	26.99074	994.0	923.0	887.2	292.8521	999.0	9.0	1000.0	1000.0	815999	113.99859	28.288893	146.8292	-1.0225506	-114.41661	0.48443985	15930.942372560501
205	921.25	105.30759	988.0	739.0	816.1	314.35538	1000.0	8.0	1000.0	1000.0	819999	114.4947	28.545855	149.25497	-2.584457	-114.91478	0.48814467	16011.971618652344
206	959.25	23.794695	987.0	928.0	898.8	101.24307	1000.0	702.0	1000.0	1000.0	823999	114.68039	28.936079	151.71825	-5.5945363	-115.06514	0.4741434	16093.044810295105
207	797.5	299.07065	987.0	280.0	976.6	14.185909	1000.0	956.0	1000.0	1000.0	827999	114.3389	29.13915	152.02603	-6.1218095	-114.71492	0.4789721	16174.231210947037
208	968.0	3.391165	972.0	963.0	952.2	63.26895	989.0	766.0	1000.0	1000.0	831999	114.00182	29.246944	153.0105	-3.6867085	-114.37753	0.4625113	16255.156623125076
209	955.5	33.797188	996.0	908.0	974.4	16.74037	1000.0	948.0	1000.0	1000.0	835999	113.8044	29.266132	154.51753	-6.4893975	-114.18475	0.48479116	16336.331452608109
210	976.25	11.627016	995.0	964.0	835.5	308.1234	994.0	0.0	1000.0	1000.0	839999	113.7953	29.108137	153.70267	-9.345182	-114.17374	0.4764714	16417.561025619507
211	962.5	20.70628	987.0	931.0	935.0	102.28099	1000.0	649.0	1000.0	1000.0	843999	113.75377	28.98136	152.67581	-9.314102	-114.135376	0.4604987	16498.818335294724
212	700.0	306.21317	991.0	253.0	803.7	190.43164	978.0	471.0	1000.0	1000.0	847999	113.62202	28.88077	153.01965	-9.743733	-113.99361	0.46541476	16580.164913654327
213	891.75	84.41675	986.0	763.0	837.2	298.1868	1000.0	30.0	1000.0	1000.0	851999	113.72536	28.610413	152.5734	-6.949304	-114.114784	0.46860048	16661.442838668823
214	968.0	10.816654	985.0	955.0	737.1	335.96143	996.0	0.0	1000.0	1000.0	855999	113.80882	28.698378	152.25174	-4.989658	-114.19597	0.48495996	16742.618195056915
215	971.75	22.026972	997.0	938.0	935.4	103.220345	994.0	651.0	1000.0	1000.0	859999	114.01059	28.46579	151.01678	-3.3523011	-114.40668	0.502201	16823.761122465134
216	972.75	19.803724	989.0	939.0	879.6	288.64343	1000.0	17.0	1000.0	1000.0	863999	114.55565	28.039837	150.25041	-0.92071533	-114.966644	0.5022844	16904.987641572952
217	922.75	102.26772	991.0	746.0	873.5	286.87463	992.0	15.0	1000.0	1000.0	867999	114.7975	27.76192	150.26501	0.9120183	-115.189285	0.49521178	16986.26342344284
218	977.5	21.68525	1000.0	943.0	659.2	427.26544	1000.0	7.0	1000.0	1000.0	871999	114.94736	27.210932	149.61536	3.885221	-115.3455	0.4769515	17067.384647130966
219	974.75	8.13557	987.0	966.0	900.7	218.53926	991.0	247.0	1000.0	1000.0	875999	115.25167	27.006899	147.00655	-2.7137847	-115.660736	0.4819737	17148.582973480225
220	969.5	30.54914	1000.0	927.0	882.3	294.31174	995.0	0.0	1000.0	1000.0	879999	115.35843	27.47133	145.02272	-7.304852	-115.74069	0.46691766	17229.860218286514
221	956.75	18.294466	972.0	926.0	781.4	387.90262	996.0	0.0	1000.0	1000.0	883999	114.82661	28.166945	143.43204	-8.476554	-115.1665	0.46925196	17311.121002197266
222	978.0	16.232683	1000.0	955.0	873.9	280.12515	1000.0	60.0	1000.0	1000.0	887999	113.95187	28.03384	144.11761	-8.155291	-114.29072	0.45206058	17392.292775392532
223	978.5	20.475595	1000.0	946.0	779.3	386.46942	986.0	0.0	1000.0	1000.0	891999	113.31727	27.934738	145.0297	-7.467788	-113.65684	0.41622522	17473.508394002914
224	959.5	16.37834	985.0	942.0	983.5	12.347064	1000.0	966.0	1000.0	1000.0	895999	112.82219	27.5165	145.78499	-7.8751807	-113.172165	0.4222196	17554.54612016678
225	983.75	17.32592	1000.0	959.0	979.6	11.101352	994.0	956.0	1000.0	1000.0	899999	112.71347	26.90014	145.93936	-8.20599	-113.07307	0.4249413	17635.8417096138
226	982.75	7.7902184	996.0	976.0	935.7	138.17964	997.0	522.0	1000.0	1000.0	903999	112.93747	26.085629	144.77858	-7.655801	-113.31034	0.4253786	17717.074578523636
227	983.25	6.417749	991.0	974.0	884.3	294.9878	998.0	0.0	1000.0	1000.0	907999	112.95973	25.764914	141.3199	-9.03088	-113.3119	0.40654486	17798.02353143692
228	948.25	59.02277	993.0	847.0	958.1	84.37233	1000.0	709.0	1000.0	1000.0	911999	112.77924	25.677359	139.71124	-10.896034	-113.12324	0.39947063	17879.16143989563
229	970.0	22.079403	992.0	938.0	975.1	23.088741	1000.0	937.0	1000.0	1000.0	915999	112.41796	26.026861	138.50407	-11.603938	-112.74991	0.3999533	17960.268080234528
230	976.25	13.808965	1000.0	967.0	982.6	11.586199	1000.0	964.0	1000.0	1000.0	919999	111.87595	26.431791	137.40057	-9.854634	-112.17979	0.40037304	18041.49302148819
231	781.0	329.136	976.0	211.0	880.2	290.65436	998.0	9.0	1000.0	1000.0	923999	111.32434	27.000296	138.21751	-9.017792	-111.652756	0.40772125	18122.713178396225
232	973.25	9.549214	984.0	961.0	982.7	12.712592	999.0	961.0	1000.0	1000.0	927999	111.19562	27.454952	140.79448	-11.148714	-111.528984	0.40292433	18203.915994405746
233	910.0	106.646614	991.0	727.0	779.4	386.88403	994.0	0.0	1000.0	1000.0	931999	111.02355	28.013054	142.48378	-14.370594	-111.35317	0.40267417	18285.141736507416
234	970.0	17.073372	997.0	953.0	928.5	172.0327	996.0	413.0	1000.0	1000.0	935999	111.15968	28.109518	142.99355	-18.417282	-111.50686	0.42371407	18366.335670232773
235	970.25	2.4874685	972.0	966.0	985.0	11.696154	1000.0	967.0	1000.0	1000.0	939999	111.41106	28.471546	141.8126	-26.424316	-111.76064	0.42351136	18447.60202383995
236	974.5	13.5	990.0	957.0	975.9	18.398098	1000.0	937.0	1000.0	1000.0	943999	111.37881	28.74886	139.96341	-28.104748	-111.70271	0.40951714	18529.068417549133
237	759.25	361.20172	986.0	134.0	884.3	294.12415	996.0	3.0	1000.0	1000.0	947999	111.31592	28.806614	139.17102	-28.52048	-111.66299	0.41168827	18610.44469642639
238	925.75	73.50978	976.0	799.0	979.0	17.023512	998.0	935.0	1000.0	1000.0	951999	111.50689	28.936527	138.2082	-28.732782	-111.850266	0.41597	18691.905678510666
239	982.25	9.202581	993.0	970.0	979.9	18.970768	1000.0	934.0	1000.0	1000.0	955999	111.50252	29.033464	139.0766	-30.083654	-111.83586	0.412218	18773.258999824524
240	985.25	8.317903	997.0	976.0	933.3	119.67293	987.0	576.0	1000.0	1000.0	959999	111.6338	28.973007	140.48131	-28.899967	-111.984985	0.41529065	18854.705325126648
241	835.75	250.65152	990.0	402.0	979.0	17.731329	1000.0	934.0	1000.0	1000.0	963999	111.96597	29.01822	143.44312	-26.693575	-112.337	0.43428022	18936.219478845596
242	975.5	15.041609	989.0	950.0	970.1	16.914196	1000.0	942.0	1000.0	1000.0	967999	112.6532	28.649035	144.64322	-22.410759	-113.02308	0.4317989	19017.522538900375
243	974.0	9.974969	982.0	957.0	875.6	285.92593	988.0	19.0	1000.0	1000.0	971999	112.89638	28.841192	144.10817	-18.85716	-113.25452	0.4325288	19098.80911231041
244	736.75	425.55338	1000.0	0.0	954.3	58.167084	988.0	782.0	1000.0	1000.0	975999	113.05775	28.955336	145.08336	-17.26543	-113.41624	0.44556153	19180.322563171387
245	985.0	9.192389	997.0	973.0	772.0	386.5742	983.0	0.0	1000.0	1000.0	979999	113.36236	28.607077	143.55681	-17.877895	-113.72688	0.4496402	19261.793241262436
246	943.0	46.973396	975.0	862.0	885.5	209.46133	1000.0	350.0	1000.0	1000.0	983999	113.57217	28.2344	142.79231	-17.121021	-113.93064	0.4532416	19343.43899822235
247	927.5	74.58385	997.0	809.0	883.1	294.5262	996.0	0.0	1000.0	1000.0	987999	113.87449	28.415098	143.6506	-19.648804	-114.24599	0.47269112	19424.89209318161
248	725.25	415.83734	996.0	6.0	969.5	16.46967	987.0	929.0	1000.0	1000.0	991999	114.31174	28.572811	146.61993	-20.967865	-114.70439	0.4954044	19507.140191555023
249	880.25	170.49101	1000.0	587.0	793.3	330.96436	1000.0	15.0	1000.0	1000.0	995999	114.90402	28.32904	144.90578	-21.176514	-115.307846	0.49133924	19589.46590089798
250	680.75	330.45074	998.0	222.0	788.4	373.1965	1000.0	16.0	1000.0	1000.0	999999	115.85929	28.213688	147.19548	-19.050848	-116.28613	0.52419627	19671.46293091774
251	973.25	7.8859053	983.0	961.0	881.2	293.90536	995.0	0.0	1000.0	1000.0	1003999	116.99671	27.70019	147.60162	-16.960981	-117.42147	0.5040024	19753.142416477203
252	868.5	158.44637	996.0	597.0	804.9	347.87567	995.0	0.0	1000.0	1000.0	1007999	117.31802	27.020119	147.87529	-12.380135	-117.68718	0.4736145	19834.79951620102
253	918.25	72.119255	996.0	817.0	898.8	258.50873	1000.0	124.0	1000.0	1000.0	1011999	116.84265	26.680895	146.49901	-8.891656	-117.19469	0.4596745	19916.58205151558
254	951.0	19.634153	975.0	922.0	928.2	143.03412	1000.0	502.0	1000.0	1000.0	1015999	117.10632	26.232727	145.4001	-7.520273	-117.4859	0.4688135	19998.271117448807
255	942.0	20.868637	957.0	906.0	804.1	353.08655	996.0	32.0	1000.0	1000.0	1019999	117.68653	26.175524	145.73193	-8.700575	-118.083244	0.474289	20079.77632689476
256	975.75	22.230328	999.0	944.0	880.6	293.7976	997.0	0.0	1000.0	1000.0	1023999	118.61207	26.39668	149.53587	-10.467874	-119.025406	0.47795513	20161.478544950485
257	953.25	21.924587	978.0	921.0	781.8	384.6884	1000.0	13.0	1000.0	1000.0	1027999	119.1752	26.252396	151.02074	-11.297932	-119.56261	0.45750234	20243.01079726219
258	966.0	19.723083	985.0	933.0	980.9	15.109269	1000.0	956.0	1000.0	1000.0	1031999	119.55678	25.540752	150.09497	-11.94478	-119.9317	0.4344706	20324.71449160576
259	973.75	22.230328	997.0	940.0	955.0	56.448204	999.0	791.0	1000.0	1000.0	1035999	119.72406	24.571404	147.29404	-12.607728	-120.09723	0.437146	20406.759494304657
260	976.25	10.544548	987.0	960.0	930.3	134.91483	995.0	527.0	1000.0	1000.0	1039999	120.22953	23.575836	144.45189	-10.80908	-120.6276	0.4342953	20488.427683591843
261	969.5	4.7169905	974.0	963.0	984.1	8.018105	994.0	970.0	1000.0	1000.0	1043999	121.00191	22.481506	145.9593	-9.523681	-121.38232	0.42304423	20570.21877837181
262	855.5	197.22133	987.0	515.0	930.7	89.38349	1000.0	672.0	1000.0	1000.0	1047999	121.35713	21.134317	144.96881	-9.07329	-121.738655	0.44801897	20651.840943574905
263	974.5	18.33712	999.0	948.0	982.4	15.219724	1000.0	961.0	1000.0	1000.0	1051999	121.45377	20.23373	147.11475	-9.376292	-121.820404	0.44906372	20733.600561380386
264	904.75	139.1337	995.0	664.0	812.5	335.31424	990.0	0.0	1000.0	1000.0	1055999	121.20948	19.92431	146.93773	-9.320425	-121.55793	0.44300678	20815.251918315887
265	946.5	57.677986	990.0	848.0	981.0	13.228757	996.0	963.0	1000.0	1000.0	1059999	120.85381	19.725315	146.73642	-9.416411	-121.1987	0.4256181	20897.14690232277
266	980.5	10.012492	991.0	964.0	907.8	221.31462	1000.0	245.0	1000.0	1000.0	1063999	120.72193	19.016315	144.22827	-7.3789287	-121.078125	0.41741478	20978.738668441772
267	917.25	73.80845	970.0	790.0	937.3	81.57947	995.0	703.0	1000.0	1000.0	1067999	120.78839	18.780436	141.89474	-2.300466	-121.147575	0.40118894	21060.277033805847
268	961.25	21.672276	996.0	942.0	916.4	83.32731	983.0	696.0	1000.0	1000.0	1071999	121.07995	18.558683	140.74934	-0.5078516	-121.45204	0.39283857	21141.75631594658
269	973.25	18.444172	993.0	943.0	931.7	105.5633	1000.0	621.0	1000.0	1000.0	1075999	121.77445	17.982903	139.72104	0.82512236	-122.15401	0.3849314	21223.615191459656
270	950.0	59.055058	989.0	848.0	977.3	11.515641	989.0	953.0	1000.0	1000.0	1079999	121.87791	17.01784	139.07594	1.6380973	-122.20842	0.35902765	21305.23327088356
271	982.0	5.7879186	989.0	973.0	974.1	11.255666	991.0	950.0	1000.0	1000.0	1083999	121.81081	15.644303	139.91362	2.081384	-122.15252	0.33743885	21387.309960126877
272	971.0	9.486833	987.0	963.0	880.2	284.73526	992.0	27.0	1000.0	1000.0	1087999	121.68474	14.547916	137.94203	1.252687	-122.00256	0.3284568	21468.97964167595
273	924.75	44.398056	983.0	858.0	977.7	14.893287	999.0	947.0	1000.0	1000.0	1091999	121.01298	13.5910845	137.53406	0.22161531	-121.30791	0.3312997	21550.52152776718
274	980.5	25.24381	1000.0	938.0	822.9	283.318	992.0	33.0	1000.0	1000.0	1095999	120.33123	13.472637	136.85667	-0.98864746	-120.63575	0.32337648	21632.125819206238
275	956.5	11.715375	973.0	944.0	877.1	285.6804	996.0	27.0	1000.0	1000.0	1099999	119.91476	13.0587845	137.38988	-1.403223	-120.21191	0.31920502	21713.95037460327
276	956.0	24.155745	977.0	916.0	962.7	31.97202	989.0	871.0	1000.0	1000.0	1103999	119.52831	12.695632	137.52084	-6.0229216	-119.81517	0.3191554	21795.483068227768
277	815.5	267.62146	974.0	352.0	896.8	240.85464	1000.0	177.0	1000.0	1000.0	1107999	119.11235	12.507309	135.8861	-8.830546	-119.39706	0.31192705	21877.139716148376
278	737.0	422.7523	992.0	5.0	936.6	68.71419	992.0	774.0	1000.0	1000.0	1111999	119.22109	11.947287	135.13727	-19.02371	-119.53606	0.31633005	21958.913189172745
279	894.25	159.54056	990.0	618.0	886.6	295.87607	1000.0	0.0	1000.0	1000.0	1115999	119.45984	10.829493	133.87215	-19.769573	-119.76039	0.30375183	22040.55629301071
280	955.25	19.511215	976.0	924.0	811.9	313.86765	1000.0	2.0	1000.0	1000.0	1119999	119.28366	10.253686	133.54172	-25.00234	-119.56606	0.2842045	22122.246610879898
281	954.5	50.12734	990.0	868.0	783.0	389.94333	998.0	0.0	1000.0	1000.0	1123999	118.9807	9.58307	135.34517	-31.451433	-119.25559	0.29439488	22203.95796585083
282	904.75	100.04093	983.0	733.0	802.4	324.60104	1000.0	9.0	1000.0	1000.0	1127999	118.8527	7.5335627	139.59271	-20.939632	-119.13053	0.285336	22285.866527318954
283	934.0	62.597923	993.0	844.0	652.0	431.57617	992.0	7.0	1000.0	1000.0	1131999	119.02809	7.4824977	146.54022	-19.891064	-119.34645	0.2899884	22368.227927446365
284	728.75	405.65958	994.0	27.0	814.4	337.04517	1000.0	0.0	1000.0	1000.0	1135999	119.75216	7.525028	152.10861	-11.793148	-120.079185	0.2984191	22450.15354847908
285	859.5	114.33394	949.0	669.0	880.4	289.9342	988.0	11.0	1000.0	1000.0	1139999	120.16057	7.548623	152.73692	-9.881311	-120.469284	0.3061935	22531.917869329453
286	854.0	170.84058	981.0	562.0	988.7	7.5637293	999.0	979.0	1000.0	1000.0	1143999	120.06362	7.528945	146.04391	-14.9389	-120.33597	0.30164447	22613.71883034706
287	724.25	418.37445	982.0	0.0	761.5	393.58563	1000.0	0.0	1000.0	1000.0	1147999	119.53056	7.6062026	144.19182	-22.145378	-119.79993	0.30059457	22695.59952735901
288	985.25	12.597123	997.0	964.0	747.7	382.66174	1000.0	17.0	1000.0	1000.0	1151999	119.23789	7.852667	143.41753	-37.63905	-119.5146	0.30498207	22777.461276054382
289	946.75	45.449837	982.0	869.0	837.8	295.8918	994.0	9.0	1000.0	1000.0	1155999	119.48551	7.7066627	143.67302	-27.265682	-119.80788	0.29694223	22859.302045583725
290	990.25	6.759253	1000.0	983.0	854.0	295.24905	1000.0	0.0	1000.0	1000.0	1159999	120.34812	8.076487	149.97136	-16.393839	-120.67484	0.30092174	22940.983304023743
291	675.25	391.8146	974.0	8.0	896.6	262.99817	1000.0	108.0	1000.0	1000.0	1163999	120.68168	8.145191	151.51434	-10.91662	-120.97736	0.29839715	23022.819539546967
292	940.5	41.67433	982.0	876.0	782.7	391.5541	998.0	0.0	1000.0	1000.0	1167999	120.50327	7.9080286	150.53989	-7.1926503	-120.77896	0.2934306	23104.587456703186
293	969.75	16.708904	986.0	944.0	691.2	449.77255	999.0	0.0	1000.0	1000.0	1171999	120.02054	8.022153	141.68163	-5.3161263	-120.27184	0.28277227	23186.313520669937
294	804.5	190.76884	977.0	513.0	975.4	10.002	987.0	959.0	1000.0	1000.0	1175999	119.23195	7.808755	139.35208	-8.479425	-119.46713	0.24513656	23268.083336114883
295	782.5	261.3403	997.0	353.0	833.7	314.64172	1000.0	1.0	1000.0	1000.0	1179999	118.59251	7.5949078	140.76978	-0.9622288	-118.83747	0.2470753	23349.836871623993
296	749.0	379.70053	993.0	92.0	763.4	387.239	996.0	0.0	1000.0	1000.0	1183999	118.17814	7.3081307	151.39146	-2.164225	-118.431465	0.2570079	23431.531989336014
297	979.25	8.466847	993.0	970.0	688.4	431.89404	989.0	3.0	1000.0	1000.0	1187999	117.98167	6.944182	154.33675	-2.2054605	-118.23642	0.23980625	23513.23124241829
298	857.75	181.32205	975.0	544.0	968.1	41.37982	996.0	847.0	1000.0	1000.0	1191999	117.93365	6.111809	155.80298	1.4832597	-118.186935	0.23878391	23595.099900484085
299	929.5	80.244934	985.0	791.0	977.1	16.1149	1000.0	956.0	1000.0	1000.0	1195999	117.84644	5.937732	155.884	62.864388	-118.104294	0.22226962	23677.527157068253
300	968.5	4.031129	973.0	964.0	973.6	17.089178	995.0	949.0	1000.0	1000.0	1199999	117.86036	6.03866	155.18332	59.094173	-118.12384	0.22559083	23759.439366579056
301	978.0	13.247642	997.0	961.0	983.0	11.018167	1000.0	971.0	1000.0	1000.0	1203999	117.98986	6.216301	153.08318	57.195457	-118.25583	0.2386016	23841.45726799965
302	976.0	11.113055	991.0	963.0	966.4	36.21933	996.0	862.0	1000.0	1000.0	1207999	118.16173	6.3784785	139.65465	55.30665	-118.42791	0.2469811	23923.45720219612
303	981.75	18.606115	997.0	950.0	769.9	385.5589	996.0	0.0	1000.0	1000.0	1211999	118.04403	6.3840895	141.52354	47.497803	-118.27912	0.23923361	24005.56313943863
304	795.0	324.4996	989.0	233.0	953.3	75.994804	989.0	727.0	1000.0	1000.0	1215999	117.78143	6.212924	146.20782	44.08798	-118.02469	0.23489831	24087.718933582306
305	981.0	5.4313903	989.0	974.0	824.7	295.03256	997.0	23.0	1000.0	1000.0	1219999	117.72782	6.379296	156.07289	37.241364	-117.98321	0.23619388	24169.665018558502
306	942.25	40.922947	985.0	887.0	982.7	10.872442	1000.0	967.0	1000.0	1000.0	1223999	118.1958	7.290835	176.82724	34.7017	-118.49494	0.25057277	24251.65222120285
307	737.5	412.73022	996.0	23.0	769.9	381.98965	990.0	9.0	1000.0	1000.0	1227999	119.74957	10.536635	705.547	31.86373	-120.1441	0.33318478	24333.53019475937
308	876.5	173.6325	988.0	576.0	771.4	337.5613	996.0	21.0	1000.0	1000.0	1231999	122.77868	16.281847	739.41437	43.585136	-123.22127	0.49490604	24415.53627371788
309	741.0	418.7517	1000.0	16.0	482.7	431.04477	1000.0	0.0	1000.0	1000.0	1235999	125.16452	17.051397	759.3979	44.46721	-125.56326	0.46827403	24497.366223573685
310	486.25	421.52246	984.0	0.0	522.7	400.29117	991.0	0.0	1000.0	1000.0	1239999	125.95992	19.920341	715.4104	31.085896	-126.27733	0.47488874	24578.96785759926
311	519.25	321.31088	844.0	2.0	874.5	287.42035	997.0	14.0	1000.0	1000.0	1243999	125.88919	18.86058	615.90625	40.018017	-126.1837	0.4241262	24660.804687976837
312	668.5	338.52438	963.0	99.0	791.7	373.31866	996.0	0.0	1000.0	1000.0	1247999	124.96394	15.516283	539.2428	40.5849	-125.23294	0.4574052	24742.647478818893
313	729.0	416.18085	997.0	9.0	874.6	291.2807	1000.0	2.0	1000.0	1000.0	1251999	123.67162	12.704581	438.81943	46.29913	-123.91302	0.28646722	24824.788015127182
314	252.0	428.43204	994.0	0.0	964.7	38.667946	990.0	850.0	1000.0	1000.0	1255999	122.50663	11.555105	387.71704	36.206223	-122.74031	0.35674006	24906.554203271866
315	974.25	3.9607449	979.0	969.0	787.3	392.27646	996.0	0.0	1000.0	1000.0	1259999	121.28736	9.80422	319.51892	27.985485	-121.518654	0.25366038	24988.549609422684
316	976.25	13.953046	991.0	957.0	977.6	13.116403	988.0	941.0	1000.0	1000.0	1263999	120.16972	8.167151	276.25427	26.188684	-120.39053	0.26392156	25070.555943965912
317	802.5	323.0654	997.0	243.0	980.8	12.319091	998.0	968.0	1000.0	1000.0	1267999	119.06622	6.9827843	229.7202	29.68462	-119.29021	0.27315295	25152.499943256378
318	976.5	13.200378	995.0	958.0	985.0	9.497368	996.0	964.0	1000.0	1000.0	1271999	118.35404	6.415581	187.56158	33.257195	-118.57892	0.25041413	25234.57185459137
319	975.5	7.228416	984.0	964.0	977.2	11.178551	992.0	962.0	1000.0	1000.0	1275999	117.65705	6.399307	159.09285	26.532883	-117.87756	0.26457167	25316.580154180527
320	949.25	51.44111	990.0	863.0	783.6	391.21533	1000.0	0.0	1000.0	1000.0	1279999	117.03346	6.4106293	141.22055	26.791084	-117.25661	0.23665084	25398.523205518723
321	978.75	14.042347	993.0	959.0	691.7	451.64587	999.0	0.0	1000.0	1000.0	1283999	116.71841	6.7553124	130.82777	25.484962	-116.95024	0.24393572	25480.508734464645
322	987.25	10.848387	1000.0	976.0	875.1	291.88162	994.0	0.0	1000.0	1000.0	1287999	116.44729	7.4108925	130.64484	20.707859	-116.67321	0.23701215	25562.65527510643
323	969.25	6.7221646	977.0	959.0	884.6	295.1302	1000.0	0.0	1000.0	1000.0	1291999	116.15774	7.806036	130.60667	11.766856	-116.37655	0.23869258	25644.90575003624
324	973.75	19.162138	995.0	950.0	975.2	10.409612	994.0	955.0	1000.0	1000.0	1295999	115.86251	8.212999	130.9057	17.326523	-116.08714	0.24586527	25726.856481552124
325	980.25	10.520813	995.0	968.0	838.7	316.18857	997.0	0.0	1000.0	1000.0	1299999	115.70357	8.836461	131.46361	17.66068	-115.93769	0.24517468	25808.937396526337
326	970.5	11.521719	987.0	957.0	981.7	9.879777	996.0	963.0	1000.0	1000.0	1303999	116.2709	8.822951	133.53275	17.798714	-116.54846	0.2560728	25890.958674430847
327	782.75	324.35657	975.0	221.0	943.0	124.8399	997.0	570.0	1000.0	1000.0	1307999	117.13551	8.973997	136.17023	20.025192	-117.42316	0.27759942	25973.000359535217
328	986.5	9.233092	999.0	973.0	873.1	291.3841	992.0	0.0	1000.0	1000.0	1311999	117.79238	9.275351	139.91818	12.010988	-118.07762	0.3025913	26055.02792429924
329	734.0	236.7731	977.0	390.0	688.0	441.80515	994.0	10.0	1000.0	1000.0	1315999	118.68037	9.88265	140.03264	12.571972	-119.00177	0.30229193	26136.957620620728
330	722.25	212.39748	890.0	359.0	839.2	311.50565	998.0	14.0	1000.0	1000.0	1319999	120.0625	10.6114	139.74458	6.55053	-120.39885	0.35621288	26219.009536981583
331	988.0	3.535534	994.0	985.0	909.0	148.1533	998.0	524.0	1000.0	1000.0	1323999	120.76379	11.302136	138.59477	3.5235057	-121.05772	0.32516405	26301.168490171432
332	982.0	7.5828753	988.0	969.0	688.7	445.50333	989.0	0.0	1000.0	1000.0	1327999	120.55993	11.121645	137.08199	7.007761	-120.80747	0.28933558	26383.167906999588
333	984.0	11.683321	1000.0	967.0	978.9	12.778498	1000.0	956.0	1000.0	1000.0	1331999	119.61306	10.69411	139.10565	7.918133	-119.83374	0.25091463	26465.320418596268
334	988.0	15.795569	1000.0	961.0	922.7	119.42366	989.0	606.0	1000.0	1000.0	1335999	118.75352	10.265309	135.49265	7.69036	-118.98173	0.24208914	26547.365017414093
335	753.0	393.18124	983.0	72.0	808.4	353.73468	1000.0	0.0	1000.0	1000.0	1339999	118.123	10.125834	129.7928	7.5961213	-118.34341	0.23861292	26630.148978233337
336	986.25	9.229708	1000.0	976.0	879.4	293.3289	997.0	0.0	1000.0	1000.0	1343999	117.39374	10.206393	127.462074	7.3433003	-117.61391	0.23639145	26712.29115486145
337	758.25	388.84598	998.0	85.0	885.2	288.23804	996.0	21.0	1000.0	1000.0	1347999	116.97659	9.9382515	129.35165	7.043357	-117.19564	0.23650047	26794.719530820847
338	967.25	12.173229	985.0	955.0	970.3	6.8563843	981.0	961.0	1000.0	1000.0	1351999	116.5462	10.081975	133.92639	6.7921314	-116.77214	0.24015357	26877.08046770096
339	972.25	7.084314	980.0	961.0	920.2	159.6	999.0	443.0	1000.0	1000.0	1355999	116.38191	10.01733	139.73494	6.5667453	-116.61559	0.23184857	26959.48476457596
340	731.0	422.05273	979.0	0.0	949.4	81.66786	984.0	705.0	1000.0	1000.0	1359999	116.21577	10.226322	142.97581	6.3234205	-116.44725	0.23616977	27041.716338396072
341	863.75	174.51271	1000.0	565.0	765.6	381.67767	998.0	4.0	1000.0	1000.0	1363999	116.22102	10.48187	146.50723	5.964122	-116.463905	0.2291766	27123.95166516304
342	910.75	86.35501	1000.0	771.0	951.8	96.70139	1000.0	665.0	1000.0	1000.0	1367999	116.51413	10.565095	149.1501	5.8573794	-116.76893	0.2448121	27206.311619997025
343	495.5	412.50607	989.0	0.0	872.3	286.98083	998.0	16.0	1000.0	1000.0	1371999	116.88586	10.76022	148.7763	5.772029	-117.148766	0.25365368	27288.672239542007
344	825.5	142.09944	982.0	607.0	978.1	15.009664	1000.0	953.0	1000.0	1000.0	1375999	117.45308	10.641371	146.87053	5.8748407	-117.74666	0.25051913	27370.967702627182
345	773.75	201.83704	1000.0	456.0	978.5	17.112862	1000.0	948.0	1000.0	1000.0	1379999	118.07281	10.590789	146.18544	5.8858547	-118.338585	0.25412214	27453.23821258545
346	760.75	381.66568	993.0	100.0	954.1	90.54662	1000.0	684.0	1000.0	1000.0	1383999	117.86576	10.594914	220.90855	5.892279	-118.10565	0.2720846	27535.39991044998
347	735.25	422.8489	993.0	3.0	880.3	285.06808	994.0	26.0	1000.0	1000.0	1387999	117.69142	10.916553	242.77669	5.8940854	-117.95464	0.30749324	27617.60474061966
348	737.5	404.51236	1000.0	39.0	976.0	14.163333	1000.0	951.0	1000.0	1000.0	1391999	118.27821	11.427479	160.39688	5.896743	-118.57196	0.3172268	27699.69709420204
349	737.0	411.6048	1000.0	25.0	935.1	146.00168	1000.0	498.0	1000.0	1000.0	1395999	118.53582	11.48612	143.74536	5.893333	-118.79802	0.31868178	27781.82627058029
350	984.25	2.58602	987.0	980.0	886.3	286.29987	1000.0	28.0	1000.0	1000.0	1399999	118.5031	11.6290045	142.83376	5.8879085	-118.76381	0.30220252	27864.11224412918
351	962.25	17.55527	984.0	944.0	924.3	145.19232	1000.0	492.0	1000.0	1000.0	1403999	118.52329	11.725035	141.9432	5.8873086	-118.79498	0.28687933	27946.581812620163
352	970.75	18.632969	991.0	943.0	982.0	24.62519	1000.0	918.0	1000.0	1000.0	1407999	118.7208	11.512015	140.82048	5.8855166	-118.996796	0.27848852	28028.821205615997
353	858.5	217.58275	997.0	482.0	885.1	295.2045	995.0	0.0	1000.0	1000.0	1411999	118.72968	11.222576	138.42458	5.885265	-118.9908	0.3002643	28111.128940582275
354	977.75	10.108784	993.0	966.0	980.5	11.011357	992.0	961.0	1000.0	1000.0	1415999	118.54051	11.171406	138.29712	5.8890853	-118.79067	0.2799289	28193.99355649948
355	980.5	10.641898	995.0	965.0	684.3	448.11185	999.0	0.0	1000.0	1000.0	1419999	118.2994	11.175817	136.98878	5.891767	-118.54722	0.2517939	28276.2006213665
356	875.0	179.14519	1000.0	566.0	989.1	8.3600235	1000.0	978.0	1000.0	1000.0	1423999	118.06696	10.957053	135.711	5.8955517	-118.31077	0.25934026	28358.580983400345
357	976.75	10.207228	991.0	963.0	836.8	299.7742	991.0	16.0	1000.0	1000.0	1427999	117.80011	10.868162	132.9949	5.898587	-118.04773	0.2525564	28440.838210105896
358	979.0	14.3178215	996.0	962.0	975.9	29.128853	1000.0	893.0	1000.0	1000.0	1431999	117.64201	10.9451065	131.6884	5.8988533	-117.88722	0.25685734	28522.92590403557
359	964.0	30.683872	987.0	912.0	978.6	9.8	994.0	959.0	1000.0	1000.0	1435999	117.47621	10.896072	135.39217	5.897462	-117.71039	0.25245735	28604.965202331543
360	974.0	14.713939	990.0	950.0	980.4	12.650692	998.0	963.0	1000.0	1000.0	1439999	116.94303	10.63353	137.10527	5.8965106	-117.16484	0.24724232	28686.945801258087
361	984.75	7.3271756	994.0	974.0	974.1	37.65488	1000.0	863.0	1000.0	1000.0	1443999	116.4861	10.426907	135.9334	5.8973103	-116.70586	0.24719329	28769.135479211807
362	721.0	416.27936	966.0	0.0	978.7	11.189727	993.0	955.0	1000.0	1000.0	1447999	116.06914	10.511493	134.58661	5.900633	-116.28612	0.2502693	28851.310887098312
363	860.0	221.18883	995.0	477.0	813.7	337.00772	998.0	9.0	1000.0	1000.0	1451999	115.82621	10.335986	134.5259	5.9021835	-116.05013	0.25171044	28933.382987976074
364	821.5	233.17	986.0	422.0	819.5	334.21497	1000.0	11.0	1000.0	1000.0	1455999	115.79725	10.439985	133.53296	5.9021554	-116.04126	0.2659187	29015.553442955017
365	816.5	271.11023	981.0	347.0	984.4	16.511814	1000.0	940.0	1000.0	1000.0	1459999	116.09766	10.393027	132.39854	5.902019	-116.343506	0.27890545	29097.743646383286
366	846.25	216.8852	1000.0	472.0	965.5	39.792587	1000.0	854.0	1000.0	1000.0	1463999	116.25964	10.581316	133.8812	5.8989625	-116.50922	0.27409503	29180.03082728386
367	984.25	8.257572	997.0	974.0	869.3	290.60492	1000.0	8.0	1000.0	1000.0	1467999	116.46896	10.529007	132.1369	5.897511	-116.71159	0.2598841	29262.41331076622
368	987.25	5.584577	995.0	981.0	856.1	291.01013	998.0	0.0	1000.0	1000.0	1471999	116.72345	10.558528	133.58325	5.894682	-116.98688	0.26544657	29344.646129608154
369	919.5	98.728165	994.0	752.0	691.1	441.6081	995.0	0.0	1000.0	1000.0	1475999	117.19772	10.877717	137.67369	5.892527	-117.45733	0.27450174	29426.817682504654
370	483.0	482.50128	967.0	0.0	971.6	28.990345	997.0	891.0	1000.0	1000.0	1479999	117.64834	11.011587	139.80112	5.8915076	-117.92103	0.29227716	29509.15898180008
371	967.25	9.256754	977.0	958.0	876.6	292.77197	1000.0	0.0	1000.0	1000.0	1483999	117.93745	11.135634	139.16339	5.8915443	-118.18742	0.29137775	29591.261195659637
372	759.5	392.98505	994.0	79.0	873.3	291.5006	988.0	0.0	1000.0	1000.0	1487999	117.73972	11.152642	141.97865	5.8915815	-117.982285	0.29379424	29673.470280647278
373	900.0	151.45462	994.0	638.0	783.2	391.7057	988.0	0.0	1000.0	1000.0	1491999	117.75223	11.2276325	141.91359	5.8954062	-118.00626	0.295662	29755.46259188652
374	836.5	147.10625	1000.0	672.0	964.3	64.22157	1000.0	773.0	1000.0	1000.0	1495999	117.92836	11.395404	142.58624	5.895595	-118.19576	0.30524835	29837.677790164948
375	989.0	8.514693	998.0	977.0	892.0	280.51276	999.0	51.0	1000.0	1000.0	1499999	118.25116	11.329026	142.32585	5.895255	-118.532166	0.29187158	29919.938011169434
376	669.75	328.5174	995.0	128.0	978.0	11.009087	994.0	957.0	1000.0	1000.0	1503999	118.81419	11.17167	143.83026	5.897424	-119.0887	0.30923176	30002.004561185837
377	904.25	105.50444	984.0	723.0	957.6	66.56756	996.0	761.0	1000.0	1000.0	1507999	118.94709	11.282459	143.3405	5.907372	-119.21475	0.3065958	30084.187476873398
378	990.5	3.640055	995.0	986.0	692.4	436.86914	986.0	6.0	1000.0	1000.0	1511999	119.21698	11.462502	144.28568	5.9071174	-119.501	0.30523267	30166.49383854866
379	727.75	418.07498	981.0	4.0	576.3	421.43567	993.0	0.0	1000.0	1000.0	1515999	119.92567	11.701195	145.19824	5.9072313	-120.23611	0.32323864	30248.86062836647
380	961.5	35.10342	995.0	903.0	830.9	313.5594	997.0	33.0	1000.0	1000.0	1519999	120.40062	11.922316	146.92589	5.91053	-120.702736	0.32138482	30331.540147304535
381	562.5	436.31497	1000.0	12.0	665.1	426.60037	1000.0	5.0	1000.0	1000.0	1523999	121.20203	12.043612	151.79547	5.9142027	-121.531876	0.3317406	30413.9080286026
382	942.25	28.498903	968.0	894.0	934.6	81.41523	991.0	704.0	1000.0	1000.0	1527999	121.89321	12.241603	155.95763	5.9160624	-122.204765	0.33960608	30496.03895020485
383	822.0	249.7809	992.0	391.0	900.8	166.26653	993.0	498.0	1000.0	1000.0	1531999	121.97024	12.320591	152.14359	5.928869	-122.261986	0.34264797	30578.1756067276
384	840.25	246.37611	1000.0	414.0	935.1	146.32735	1000.0	498.0	1000.0	1000.0	1535999	122.03533	12.291893	151.80547	5.942173	-122.33245	0.3412411	30660.325310230255
385	985.75	9.1480875	999.0	975.0	950.0	87.52142	993.0	690.0	1000.0	1000.0	1539999	122.01777	11.825366	146.89146	5.9575214	-122.32085	0.33726043	30742.711911439896
386	982.25	15.270478	993.0	956.0	780.0	388.86014	995.0	0.0	1000.0	1000.0	1543999	122.25031	11.69784	145.18584	5.9701824	-122.563576	0.3361473	30824.810725212097
387	978.5	24.19194	996.0	937.0	966.7	24.116592	997.0	922.0	1000.0	1000.0	1547999	122.51349	11.578202	171.26276	5.9857273	-122.8172	0.33407593	30907.031034708023
388	984.75	13.608361	997.0	962.0	814.9	334.81738	1000.0	21.0	1000.0	1000.0	1551999	122.56532	11.362147	166.48802	5.9924765	-122.87676	0.32941112	30989.360694885254
389	838.25	202.03635	981.0	491.0	912.2	150.55151	1000.0	487.0	1000.0	1000.0	1555999	122.81092	11.277857	178.43881	6.004418	-123.130936	0.33191758	31071.76013302803
390	810.0	248.07458	969.0	381.0	638.5	360.30023	995.0	0.0	1000.0	1000.0	1559999	123.02207	11.180595	198.60947	6.0116215	-123.34	0.32711554	31154.089307785034
391	877.0	147.17506	976.0	623.0	871.4	286.8066	1000.0	16.0	1000.0	1000.0	1563999	123.09729	11.030561	200.65111	6.021041	-123.39137	0.32126105	31236.44271659851
392	918.75	113.78351	995.0	722.0	950.3	89.29731	993.0	684.0	1000.0	1000.0	1567999	122.46468	11.306669	194.8515	6.0292835	-122.735275	0.297614	31318.798003196716
393	948.0	44.519657	986.0	876.0	809.6	340.37192	994.0	28.0	1000.0	1000.0	1571999	121.83305	11.594596	195.16194	6.029254	-122.09191	0.2977512	31401.08678340912
394	986.25	6.0570207	993.0	978.0	976.9	15.3522	1000.0	949.0	1000.0	1000.0	1575999	121.24844	11.830429	186.6399	6.028974	-121.51079	0.299789	31483.62550354004
395	871.5	115.044556	988.0	711.0	960.9	70.11768	994.0	752.0	1000.0	1000.0	1579999	120.67612	11.801864	188.2815	6.0300207	-120.92706	0.31911832	31566.26496577263
396	969.75	12.871965	984.0	949.0	933.6	125.018555	996.0	561.0	1000.0	1000.0	1583999	120.05575	11.570087	185.03531	6.034374	-120.303986	0.29688132	31648.538975954056
397	926.0	86.02907	977.0	777.0	853.5	294.0688	993.0	0.0	1000.0	1000.0	1587999	119.55507	11.388585	183.14848	6.0367126	-119.809044	0.29318178	31730.581654071808
398	966.75	7.7902184	980.0	960.0	982.4	15.081114	1000.0	949.0	1000.0	1000.0	1591999	119.33965	11.343206	155.85023	6.0365067	-119.60405	0.29796782	31812.812249660492
399	965.25	31.027206	994.0	913.0	879.2	293.43713	994.0	0.0	1000.0	1000.0	1595999	119.22471	11.445359	151.5869	6.035949	-119.4894	0.31352967	31895.084359169006
400	941.75	28.92555	985.0	913.0	979.4	12.54751	1000.0	951.0	1000.0	1000.0	1599999	119.27346	11.3992195	150.30704	6.0351205	-119.5414	0.30056795	31977.311566352844
401	767.5	249.0276	987.0	377.0	938.5	108.54331	992.0	615.0	1000.0	1000.0	1603999	119.27844	11.457745	145.5776	6.0368776	-119.547935	0.28648755	32059.384283065796
402	722.75	294.7782	995.0	257.0	975.1	19.79116	993.0	924.0	1000.0	1000.0	1607999	119.38185	11.3499155	144.85371	6.0360117	-119.65704	0.2955739	32141.66995859146
403	967.25	13.442005	983.0	946.0	982.0	7.183314	992.0	966.0	1000.0	1000.0	1611999	119.3701	11.294834	142.96838	6.0391164	-119.63205	0.29478008	32224.054190397263
404	969.25	14.0779085	983.0	946.0	984.1	12.437444	996.0	954.0	1000.0	1000.0	1615999	119.60421	11.32633	142.39786	6.0400095	-119.90275	0.30888385	32306.27605652809
405	875.5	136.96806	1000.0	663.0	898.5	261.65063	996.0	114.0	1000.0	1000.0	1619999	120.10166	11.157264	140.32219	6.0404525	-120.392166	0.3311128	32388.660294294357
406	983.75	12.457428	1000.0	966.0	982.8	16.222208	1000.0	946.0	1000.0	1000.0	1623999	119.89041	10.713115	140.33424	6.048533	-120.13894	0.30771133	32470.833052158356
407	985.5	15.239751	999.0	962.0	975.6	18.271288	996.0	938.0	1000.0	1000.0	1627999	119.24789	10.705159	141.00874	6.053062	-119.48118	0.28490612	32553.00651192665
408	975.25	26.022827	997.0	931.0	873.2	278.57956	999.0	41.0	1000.0	1000.0	1631999	118.74134	10.705697	140.01585	6.055395	-118.99254	0.28162125	32635.312115430832
409	714.5	363.8719	987.0	93.0	896.9	135.29851	989.0	552.0	1000.0	1000.0	1635999	118.74208	10.614726	141.26892	6.058502	-119.004906	0.28540215	32717.560762405396
410	972.0	17.248188	991.0	944.0	971.1	15.9840555	992.0	939.0	1000.0	1000.0	1639999	118.45826	10.825164	142.40503	6.0590034	-118.704155	0.29398873	32799.745508909225
411	979.25	9.364161	989.0	964.0	877.7	292.74292	987.0	0.0	1000.0	1000.0	1643999	118.16781	10.760559	143.73248	6.054717	-118.41294	0.2814687	32881.91306757927
412	922.0	109.93635	994.0	732.0	820.0	314.6023	987.0	5.0	1000.0	1000.0	1647999	118.1177	10.952181	142.56238	6.0514073	-118.380424	0.2895661	32964.246119976044
413	964.75	20.607948	1000.0	948.0	979.6	17.505428	1000.0	944.0	1000.0	1000.0	1651999	117.85639	11.240267	141.86353	6.044989	-118.08519	0.29693627	33046.62139391899
414	852.5	173.926	988.0	557.0	883.7	291.36026	999.0	10.0	1000.0	1000.0	1655999	117.5649	11.500385	143.53233	6.0412364	-117.80898	0.28165674	33128.88964152336
415	788.5	342.22324	1000.0	196.0	983.9	14.306992	1000.0	950.0	1000.0	1000.0	1659999	117.35329	11.375966	141.82681	6.0402703	-117.58768	0.27204326	33211.214530706406
416	871.5	195.67639	1000.0	533.0	885.6	285.1716	996.0	31.0	1000.0	1000.0	1663999	116.9497	11.39035	139.04355	6.0393276	-117.17525	0.27388877	33293.49628329277
417	965.75	10.42533	979.0	950.0	872.7	293.9711	1000.0	0.0	1000.0	1000.0	1667999	116.57157	11.176537	138.36859	6.0380464	-116.80242	0.2771664	33375.79526948929
418	987.25	13.917166	1000.0	965.0	826.3	312.0548	992.0	0.0	1000.0	1000.0	1671999	116.56829	11.114843	136.2998	6.036923	-116.81497	0.28324372	33458.10638046265
419	948.0	47.92703	977.0	865.0	916.0	147.62114	1000.0	535.0	1000.0	1000.0	1675999	116.85528	11.19875	136.40912	6.035715	-117.11722	0.28583956	33540.53483963013
420	975.5	17.124544	993.0	951.0	970.1	22.469759	995.0	930.0	1000.0	1000.0	1679999	116.9863	11.272342	135.99246	6.035955	-117.235985	0.2933252	33622.85611486435
421	923.25	81.253845	991.0	785.0	976.1	15.693629	993.0	947.0	1000.0	1000.0	1683999	117.20329	10.935283	150.6591	6.0351005	-117.46219	0.28687268	33705.680159807205
422	790.25	311.78467	987.0	251.0	981.0	13.076696	1000.0	960.0	1000.0	1000.0	1687999	117.28003	11.0063	147.36781	6.033487	-117.532074	0.28745192	33788.133667230606
423	984.5	7.5332594	992.0	972.0	977.0	14.642404	1000.0	946.0	1000.0	1000.0	1691999	117.17014	10.929542	176.52512	6.0352883	-117.4103	0.29897255	33870.53808093071
424	989.5	6.0207973	996.0	983.0	981.3	11.46342	999.0	958.0	1000.0	1000.0	1695999	116.98793	10.763101	133.5447	6.0355124	-117.21306	0.27082136	33952.648576021194
425	980.0	12.267844	995.0	966.0	979.4	13.8	1000.0	959.0	1000.0	1000.0	1699999	116.42503	10.692487	131.78484	6.0368433	-116.64019	0.27625784	34035.4829313755
426	939.75	63.037193	989.0	833.0	970.7	37.91319	1000.0	865.0	1000.0	1000.0	1703999	115.90505	10.659904	134.27869	6.0417733	-116.120705	0.27032897	34117.79016327858
427	896.25	123.706055	980.0	683.0	786.6	388.8342	999.0	6.0	1000.0	1000.0	1707999	115.51202	10.703264	137.13971	6.0437016	-115.73285	0.29548135	34200.091183662415
428	986.5	3.354102	990.0	981.0	982.8	13.644047	1000.0	952.0	1000.0	1000.0	1711999	115.46701	10.904699	141.94572	6.0462303	-115.700966	0.2807209	34282.485006570816
429	774.75	379.77585	1000.0	117.0	889.5	296.707	1000.0	0.0	1000.0	1000.0	1715999	115.44378	11.053935	142.09224	6.04491	-115.676285	0.28863636	34364.963886499405
430	986.75	8.84237	995.0	973.0	886.2	295.62268	997.0	0.0	1000.0	1000.0	1719999	115.51609	10.999505	141.4074	6.04505	-115.74946	0.2640106	34447.67512202263
431	986.5	6.344289	997.0	981.0	881.7	284.74515	994.0	28.0	1000.0	1000.0	1723999	115.46956	10.962572	137.70862	6.041256	-115.69579	0.26082316	34530.169974803925
432	771.0	327.3721	965.0	204.0	790.3	395.23007	1000.0	0.0	1000.0	1000.0	1727999	115.2021	11.108045	136.85403	6.0398803	-115.42389	0.24905035	34612.71995925903
433	706.0	400.09998	998.0	22.0	908.2	150.9906	994.0	497.0	1000.0	1000.0	1731999	115.24373	11.105741	136.67743	6.0399065	-115.48459	0.27976495	34695.21176934242
434	985.75	7.9490566	999.0	978.0	943.5	95.62453	992.0	673.0	1000.0	1000.0	1735999	115.50143	10.86277	136.38226	6.03894	-115.74318	0.27558777	34777.45544600487
435	967.75	18.060661	990.0	940.0	969.5	30.38832	1000.0	886.0	1000.0	1000.0	1739999	115.41457	10.847189	136.23424	6.036345	-115.64264	0.26144612	34859.844327926636
436	977.25	12.376894	995.0	960.0	989.9	7.4357247	995.0	975.0	1000.0	1000.0	1743999	115.30212	10.760627	136.37701	6.031915	-115.52292	0.2518699	34942.3783621788
437	980.0	4.7434163	988.0	976.0	915.7	164.35939	998.0	425.0	1000.0	1000.0	1747999	115.12259	10.775955	136.43925	6.025256	-115.348366	0.25913438	35024.7380464077
438	986.75	9.120718	1000.0	975.0	883.0	294.64148	1000.0	0.0	1000.0	1000.0	1751999	115.13073	10.835334	137.55933	6.0225406	-115.3647	0.26415038	35107.20865917206
439	963.5	10.452272	973.0	947.0	983.5	9.0581455	1000.0	964.0	1000.0	1000.0	1755999	115.02137	10.986462	140.81865	6.0197353	-115.24141	0.25540417	35190.33757567406
440	972.0	18.096962	989.0	945.0	875.8	292.12012	986.0	0.0	1000.0	1000.0	1759999	114.69377	10.920648	138.41353	6.0165806	-114.895935	0.25816575	35272.76513051987
441	738.5	405.66827	982.0	36.0	985.7	8.210359	996.0	967.0	1000.0	1000.0	1763999	114.31296	10.644667	139.38358	6.010976	-114.52235	0.2597234	35355.17027592659
442	984.25	5.402546	991.0	976.0	949.1	97.28973	996.0	659.0	1000.0	1000.0	1767999	114.15195	10.65491	145.35384	6.0029387	-114.36391	0.26827654	35437.54463148117
443	974.25	23.18809	1000.0	939.0	786.2	393.14267	991.0	0.0	1000.0	1000.0	1771999	114.00503	10.892741	157.98271	5.995687	-114.22146	0.26878035	35519.84392142296
444	974.0	17.507141	993.0	946.0	862.1	238.2043	1000.0	322.0	1000.0	1000.0	1775999	114.1548	10.895128	169.1608	5.984361	-114.392746	0.2999027	35602.09873008728
445	835.25	200.58337	988.0	498.0	781.1	390.00165	998.0	0.0	1000.0	1000.0	1779999	114.36436	10.933633	203.61151	5.977685	-114.5881	0.2892486	35684.60956740379
446	981.75	11.29989	992.0	963.0	987.2	7.782031	998.0	975.0	1000.0	1000.0	1783999	114.27667	11.052277	181.18544	5.972688	-114.493546	0.28159723	35766.86358475685
447	975.5	16.515144	992.0	958.0	961.6	55.218113	1000.0	832.0	1000.0	1000.0	1787999	114.03347	11.148363	157.6698	4.928349	-114.23091	0.26658744	35849.449553489685
448	879.5	164.68227	1000.0	600.0	974.9	15.181898	997.0	951.0	1000.0	1000.0	1791999	113.66976	11.094368	152.13596	0.5899706	-113.87475	0.26028848	35931.65241980553
449	941.5	60.239105	998.0	840.0	976.6	12.634873	997.0	953.0	1000.0	1000.0	1795999	113.34567	11.082327	169.06761	1.1721311	-113.540115	0.27339137	36014.02067184448
450	919.25	106.234116	993.0	736.0	981.1	11.013175	1000.0	957.0	1000.0	1000.0	1799999	113.05397	11.107354	139.4227	-1.0679016	-113.26241	0.27358523	36096.2668671608
451	972.0	19.532024	993.0	942.0	880.7	292.20987	1000.0	5.0	1000.0	1000.0	1803999	113.16092	10.987802	134.36742	5.938726	-113.38836	0.2771136	36178.58853960037
452	934.5	48.94129	969.0	850.0	884.7	291.03644	1000.0	12.0	1000.0	1000.0	1807999	113.74095	11.000973	134.69878	3.190806	-113.993095	0.29403448	36261.00447487831
453	494.25	481.77036	979.0	7.0	767.3	367.03732	991.0	0.0	1000.0	1000.0	1811999	114.50476	11.004323	153.22192	-5.083235	-114.773544	0.2959173	36343.408219099045
454	985.25	10.755813	1000.0	970.0	964.2	70.41563	1000.0	757.0	1000.0	1000.0	1815999	115.17164	11.349622	183.70665	-3.44099	-115.42758	0.30880433	36425.8263835907
455	750.0	393.76324	981.0	68.0	888.1	289.80008	996.0	19.0	1000.0	1000.0	1819999	115.50288	11.445089	190.96715	1.0111856	-115.7548	0.286574	36508.14550280571
456	969.75	16.5737	989.0	950.0	686.4	448.7657	996.0	0.0	1000.0	1000.0	1823999	115.61334	11.336634	181.3989	0.5004816	-115.84375	0.26958075	36590.431620121
457	985.25	11.691343	996.0	968.0	951.8	78.401276	993.0	718.0	1000.0	1000.0	1827999	115.48761	11.481108	167.15167	1.4150796	-115.73271	0.2708344	36672.81651353836
458	988.0	12.509996	1000.0	968.0	871.4	289.52243	997.0	10.0	1000.0	1000.0	1831999	115.65878	11.300124	155.32056	5.932844	-115.89682	0.26971433	36754.936094522476
459	972.25	18.457722	997.0	947.0	874.0	291.7797	988.0	0.0	1000.0	1000.0	1835999	115.53167	11.110662	147.69469	5.9341154	-115.75006	0.26524812	36837.304468393326
460	753.0	372.84915	1000.0	110.0	957.8	60.451305	997.0	780.0	1000.0	1000.0	1839999	115.00089	10.986747	134.30765	5.936546	-115.2105	0.26414356	36919.59464240074
461	739.0	412.28326	983.0	25.0	972.4	27.659355	997.0	899.0	1000.0	1000.0	1843999	114.7726	10.896813	134.74576	5.9375653	-115.00087	0.27150685	37001.879452228546
462	500.75	481.78336	983.0	11.0	965.7	50.07205	995.0	817.0	1000.0	1000.0	1847999	114.69483	11.006747	134.68524	5.941381	-114.9154	0.26581404	37084.21161055565
463	752.75	378.0525	976.0	98.0	981.3	19.758795	1000.0	934.0	1000.0	1000.0	1851999	114.47209	11.100144	134.57222	5.9472384	-114.68978	0.27041093	37166.664791584015
464	981.5	9.836158	990.0	966.0	977.7	14.690474	996.0	954.0	1000.0	1000.0	1855999	114.23679	10.849664	131.86542	5.9475207	-114.45314	0.27642527	37248.975240945816
465	949.75	28.119165	977.0	905.0	980.4	8.534636	1000.0	972.0	1000.0	1000.0	1859999	114.10951	10.517391	130.89076	5.947868	-114.3316	0.27443823	37331.44968414307
466	871.0	201.54652	992.0	522.0	948.3	118.79818	1000.0	593.0	1000.0	1000.0	1863999	114.0964	10.301216	130.1364	5.949663	-114.32319	0.26147118	37413.79053378105
467	839.0	223.93414	1000.0	454.0	985.3	11.2521105	1000.0	966.0	1000.0	1000.0	1867999	114.02595	10.239954	131.4781	5.953385	-114.24661	0.27670628	37496.36535167694
468	986.5	8.01561	1000.0	979.0	895.1	256.70117	1000.0	126.0	1000.0	1000.0	1871999	114.00324	9.726493	132.51152	5.9633684	-114.238625	0.27093092	37578.73300218582
469	857.25	219.0107	988.0	478.0	856.5	291.8843	1000.0	0.0	1000.0	1000.0	1875999	114.20449	9.821802	133.0795	5.9760566	-114.44158	0.26434913	37661.10941076279
470	905.75	100.61654	980.0	733.0	788.1	391.51334	1000.0	0.0	1000.0	1000.0	1879999	114.48282	9.764616	133.21503	5.986916	-114.72333	0.26970452	37743.42537879944
471	890.0	154.30327	986.0	623.0	759.6	376.7586	989.0	15.0	1000.0	1000.0	1883999	114.57589	9.519935	129.3785	5.991866	-114.812386	0.2728614	37825.93293762207
472	963.75	33.266914	992.0	907.0	868.8	266.94934	1000.0	103.0	1000.0	1000.0	1887999	114.68192	9.39958	127.35556	6.002985	-114.91898	0.2687164	37908.38604593277
473	948.75	49.55994	989.0	864.0	931.6	86.1501	1000.0	729.0	1000.0	1000.0	1891999	114.89732	9.580042	128.43253	6.0071025	-115.14308	0.2848152	37990.789058208466
474	983.75	16.708904	1000.0	962.0	892.4	273.2509	993.0	73.0	1000.0	1000.0	1895999	114.95577	9.501252	132.34554	8.547755	-115.19355	0.2720019	38073.21921610832
475	976.5	7.1589108	986.0	967.0	978.9	7.980602	992.0	962.0	1000.0	1000.0	1899999	114.95922	9.410702	134.71729	14.159655	-115.19486	0.2590455	38155.818982839584
476	981.25	13.045593	997.0	961.0	985.4	9.91161	1000.0	971.0	1000.0	1000.0	1903999	115.00198	9.420437	135.82635	16.718424	-115.23781	0.2564879	38238.24575591087
477	980.75	10.207228	992.0	967.0	971.9	40.812866	999.0	854.0	1000.0	1000.0	1907999	115.08436	9.576616	135.03528	15.854387	-115.32898	0.2564988	38320.6224565506
478	967.0	11.979149	978.0	947.0	980.9	11.17542	998.0	961.0	1000.0	1000.0	1911999	115.13412	9.605069	134.98273	15.175605	-115.3661	0.24653791	38402.78390312195
479	961.25	59.310097	1000.0	859.0	916.4	110.04018	1000.0	663.0	1000.0	1000.0	1915999	115.02587	9.507166	135.94995	15.8648405	-115.25761	0.2595085	38485.208929777145
480	977.75	10.108784	988.0	961.0	879.5	192.99443	997.0	495.0	1000.0	1000.0	1919999	115.02571	9.27793	136.85097	13.165192	-115.267685	0.25761753	38567.49086689949
481	900.5	103.383995	975.0	723.0	861.4	298.46515	1000.0	1.0	1000.0	1000.0	1923999	115.31492	9.270014	136.19434	6.6603303	-115.571335	0.26344702	38649.69460248947
482	961.5	36.561592	1000.0	914.0	981.8	17.468828	1000.0	944.0	1000.0	1000.0	1927999	115.4722	9.140967	133.93448	14.272675	-115.711105	0.2567629	38731.97723984718
483	973.25	23.392038	991.0	933.0	795.9	378.58804	996.0	8.0	1000.0	1000.0	1931999	115.35196	9.226884	132.32785	16.491297	-115.58377	0.25182673	38814.16807079315
484	976.75	16.902292	1000.0	954.0	955.9	60.030743	997.0	780.0	1000.0	1000.0	1935999	115.26165	9.4701395	131.30975	16.246336	-115.49897	0.2511071	38896.60670232773
485	877.25	193.16751	1000.0	543.0	800.6	362.84604	999.0	26.0	1000.0	1000.0	1939999	115.14941	9.603131	130.90332	13.883316	-115.37454	0.2486963	38979.07585763931
486	982.5	7.228416	992.0	972.0	979.2	14.358273	995.0	949.0	1000.0	1000.0	1943999	114.99514	9.671505	127.41433	12.186516	-115.233894	0.25268394	39061.396784067154
487	956.75	32.275185	1000.0	920.0	977.8	11.408769	995.0	952.0	1000.0	1000.0	1947999	115.04817	9.936295	126.55909	6.237507	-115.28459	0.24264583	39143.71313786507
488	979.5	10.523783	991.0	969.0	878.2	292.80942	987.0	0.0	1000.0	1000.0	1951999	115.04339	10.170362	127.82813	6.122322	-115.27658	0.24472485	39226.11948657036
489	741.5	405.81122	1000.0	40.0	984.5	13.101526	1000.0	955.0	1000.0	1000.0	1955999	115.07818	10.969616	130.48273	6.128296	-115.33278	0.25789708	39308.4319858551
490	981.5	11.58663	1000.0	968.0	879.9	292.1881	994.0	4.0	1000.0	1000.0	1959999	115.43963	11.233414	131.14822	6.1284537	-115.68637	0.2745882	39390.613512039185
491	921.25	86.36369	982.0	773.0	984.6	10.892199	1000.0	969.0	1000.0	1000.0	1963999	115.51443	11.557169	132.06801	6.12877	-115.757866	0.2576991	39472.97381877899
492	973.75	8.166242	985.0	963.0	982.8	8.975523	996.0	969.0	1000.0	1000.0	1967999	115.44012	11.2235565	130.4932	5.6535516	-115.66942	0.2558466	39555.15699696541
493	946.5	63.00992	997.0	840.0	967.4	24.220654	1000.0	929.0	1000.0	1000.0	1971999	115.12345	10.864953	128.54138	2.5059528	-115.34162	0.24039014	39638.20323419571
494	823.0	281.96365	1000.0	335.0	925.9	183.2749	1000.0	377.0	1000.0	1000.0	1975999	114.84775	10.568657	126.63698	6.1469126	-115.07287	0.24924175	39720.710238695145
495	582.25	416.98105	988.0	1.0	788.4	393.68646	1000.0	0.0	1000.0	1000.0	1979999	114.54457	10.171027	127.4998	6.1583447	-114.76057	0.2583272	39802.70537352562
496	985.75	11.211043	999.0	969.0	980.1	11.449454	994.0	951.0	1000.0	1000.0	1983999	114.26833	10.176201	128.97002	6.173496	-114.487816	0.2599571	39885.101487636566
497	987.75	11.053845	1000.0	972.0	983.4	6.4683847	997.0	973.0	1000.0	1000.0	1987999	114.22259	10.382654	133.58424	6.1766367	-114.45894	0.2766403	39967.54119181633
498	993.25	2.8613808	997.0	990.0	979.2	11.097748	992.0	960.0	1000.0	1000.0	1991999	114.66691	10.735879	140.6087	6.1783195	-114.94156	0.30722016	40049.9418926239
499	971.75	10.825317	984.0	960.0	926.0	98.45202	999.0	697.0	1000.0	1000.0	1995999	115.72139	11.201326	140.84532	6.185768	-116.00413	0.30668423	40132.19267868996
500	921.5	84.3875	997.0	788.0	899.2	109.088776	988.0	669.0	1000.0	1000.0	1999999	116.11668	11.192506	137.3418	6.189282	-116.37113	0.28752264	40214.741547346115
