Epoch	AverageEpRet	StdEpRet	MaxEpRet	MinEpRet	AverageTestEpRet	StdTestEpRet	MaxTestEpRet	MinTestEpRet	EpLen	TestEpLen	TotalEnvInteracts	AverageQVals	StdQVals	MaxQVals	MinQVals	LossPi	LossQ	Time
1	3.0250044	1.5737348	4.62022	1.3697661	0.43394142	0.16147594	0.6581278	0.1795898	1000.0	1000.0	3999	0.820461	0.29739195	1.5331895	-0.3015434	-0.90092856	0.0006878119	46.214067220687866
2	3.7942524	1.0798535	5.415233	2.5482285	7.174844	0.92368263	8.426568	5.3072095	1000.0	1000.0	7999	1.8351265	0.47191986	3.5077972	0.8973112	-1.9271997	0.0010054875	105.54584455490112
3	2.9848108	0.7825325	4.2944803	2.3453925	1.0305974	0.16508365	1.3773612	0.8600611	1000.0	1000.0	11999	2.860067	0.2779814	4.2977366	1.8014013	-2.9018276	0.0014831289	165.85316920280457
4	1.9630737	0.15009145	2.2040334	1.8059841	1.0643909	0.1836935	1.3505814	0.801606	1000.0	1000.0	15999	2.2515364	0.39286608	4.1716275	1.3816755	-2.2371974	0.0011233478	226.79522013664246
5	1.9753804	0.13911314	2.11528	1.7453749	0.8979949	0.081607096	1.0932393	0.76892936	1000.0	1000.0	19999	1.8889302	0.30249375	3.133906	1.3544186	-1.8954641	0.00034831994	287.53775000572205
6	1.879451	0.047405228	1.9437697	1.8113515	0.98209304	0.14030766	1.2549708	0.83900046	1000.0	1000.0	23999	1.5839003	0.3290613	2.6655464	1.122344	-1.5856106	0.00016170183	348.0096683502197
7	2.1091857	0.09384866	2.2254708	1.9633399	0.9424761	0.10329571	1.1093074	0.7852152	1000.0	1000.0	27999	1.3085008	0.31526077	2.5024836	0.91876227	-1.3098696	9.313338e-05	408.56195855140686
8	2.0390608	0.17607751	2.3415494	1.9118079	1.0027102	0.13895546	1.2262595	0.83247477	1000.0	1000.0	31999	1.0894966	0.29017976	2.192867	0.7590929	-1.0903322	7.20063e-05	469.4216227531433
9	2.072305	0.22464804	2.3413022	1.7258472	0.96899444	0.12949185	1.1211295	0.76273024	1000.0	1000.0	35999	0.9210983	0.27083114	2.1913652	0.63407904	-0.9221415	7.726863e-05	531.3156242370605
10	1.6339761	0.43247208	2.3757546	1.3024755	0.34233457	0.07273188	0.50155133	0.23862295	1000.0	1000.0	39999	0.959877	0.23749474	2.6573763	0.59319234	-0.97153586	0.00027366466	594.2586536407471
11	1.3725069	0.047886483	1.4285607	1.2976422	0.36819702	0.078060865	0.50665337	0.24422367	1000.0	1000.0	43999	0.75558186	0.12027692	2.3571944	0.38669905	-0.7485353	0.0003242602	657.7755262851715
12	1.417623	0.09284788	1.5530816	1.3101507	0.36182418	0.07441177	0.50493664	0.28335398	1000.0	1000.0	47999	0.58641464	0.09555257	2.3395004	0.22463007	-0.58356154	0.00022706353	720.5327708721161
13	1.4194598	0.04767431	1.4657485	1.3395826	0.3333197	0.05771769	0.42642012	0.25585407	1000.0	1000.0	51999	0.45626906	0.10900279	1.994558	0.046386212	-0.45445573	0.00024717077	783.3670506477356
14	1.434602	0.10735412	1.506059	1.2489952	0.36427888	0.0737451	0.48084456	0.2809833	1000.0	1000.0	55999	0.42768374	0.12276371	2.3428926	-0.06257287	-0.42717165	0.0004548803	846.2715470790863
15	1.3890418	0.056935474	1.4755809	1.3214285	0.30393088	0.06200682	0.3738946	0.15230684	1000.0	1000.0	59999	0.40134963	0.11799141	2.1629105	-0.17402893	-0.40268397	0.00033679235	909.4183111190796
16	1.404391	0.0455197	1.4501216	1.3292987	0.35311458	0.055720914	0.43000627	0.27756804	1000.0	1000.0	63999	0.35161683	0.060170297	1.1769327	-0.20512006	-0.35350642	6.221784e-05	974.2554314136505
17	1.4341631	0.05259904	1.4818674	1.3451576	0.33561552	0.089822926	0.5386286	0.2615212	1000.0	1000.0	67999	0.3407357	0.058153972	1.1496174	0.12798396	-0.34093362	5.144941e-05	1042.5465347766876
18	1.4563255	0.08031662	1.5499897	1.3632733	0.31842506	0.059189577	0.41987622	0.23283733	1000.0	1000.0	71999	0.2931409	0.066143125	1.0290097	-0.14772063	-0.29205218	3.4919805e-05	1114.7922015190125
19	1.4580363	0.08846831	1.5542172	1.3494028	0.3521644	0.089120634	0.51740855	0.23150606	1000.0	1000.0	75999	0.26543614	0.0552202	0.96188426	-0.04928443	-0.26418996	3.3815122e-05	1189.975185394287
20	1.4470847	0.026960831	1.478668	1.4147816	0.34974208	0.07405047	0.53320515	0.2628557	1000.0	1000.0	79999	0.22991703	0.061804336	0.9702517	-0.03769383	-0.23077817	3.683113e-05	1265.963135957718
21	1.2992737	0.16224675	1.4642613	1.0560553	0.33150738	0.079436004	0.55543983	0.23823915	1000.0	1000.0	83999	0.21926236	0.06039135	1.1146445	-0.033477128	-0.21705537	4.5401903e-05	1342.5533742904663
22	1.4073114	0.13404569	1.5600421	1.209955	0.38271588	0.07335793	0.48901668	0.25225085	1000.0	1000.0	87999	0.18249987	0.050189078	1.0876232	-0.10504091	-0.18098839	4.7619604e-05	1420.0281269550323
23	1.4664247	0.058752976	1.5420268	1.4072666	0.32701063	0.06388322	0.43709984	0.22304231	1000.0	1000.0	91999	0.16669498	0.046895307	1.078371	-0.09250516	-0.16656995	4.3112363e-05	1498.375328540802
24	1.3891425	0.09435717	1.5059189	1.2737279	0.3120222	0.05571112	0.39865175	0.21219829	1000.0	1000.0	95999	0.12834823	0.070307605	1.2407117	-0.578308	-0.12597679	0.0001195383	1578.6332461833954
25	1.381367	0.094877504	1.4751352	1.245225	0.3415284	0.07722416	0.45005685	0.19559993	1000.0	1000.0	99999	0.100758895	0.09601652	1.8340847	-1.1558213	-0.09845332	0.00022995361	1659.3953306674957
26	1.4493914	0.11506595	1.599397	1.2794824	0.38282248	0.09762383	0.51075363	0.20650844	1000.0	1000.0	103999	0.09493032	0.089104675	1.5351713	-0.9259148	-0.0951908	0.0001624907	1740.3064103126526
27	1.4450032	0.11321552	1.5718479	1.2786962	0.2944297	0.070770845	0.43850183	0.17951629	1000.0	1000.0	107999	0.08583862	0.086683236	0.94206935	-0.7840065	-0.08477395	0.00010940838	1820.9953093528748
28	1.4093997	0.07135349	1.5074596	1.3106638	0.3126656	0.049370077	0.3891427	0.21081446	1000.0	1000.0	111999	0.08996193	0.06697915	1.449482	-0.69462097	-0.08899179	0.00011754674	1902.3408012390137
29	1.3982179	0.09717712	1.5340984	1.2868006	0.29936594	0.049508184	0.3730529	0.21914612	1000.0	1000.0	115999	0.06643395	0.078569844	1.3609303	-0.63559145	-0.06437933	0.00010033425	1983.923502445221
30	1.4745939	0.09705358	1.6253028	1.3542886	0.318641	0.07779039	0.4812281	0.23892654	1000.0	1000.0	119999	0.051844332	0.093698114	1.1771971	-0.72533923	-0.050916854	0.00010772257	2065.600694656372
31	1.3369156	0.041143704	1.3788466	1.2870376	0.32323056	0.049964443	0.4439143	0.27437055	1000.0	1000.0	123999	0.064221434	0.07958662	1.1993093	-0.6278425	-0.06327034	9.974113e-05	2147.26323223114
32	1.4679731	0.09754517	1.5654083	1.3113811	0.3319909	0.046903454	0.4134704	0.25901562	1000.0	1000.0	127999	0.041292027	0.10657874	1.1032625	-0.92477876	-0.03923415	0.00014065894	2229.69824552536
33	1.3996732	0.05765646	1.4415382	1.3005898	0.34868735	0.064268224	0.43488184	0.23358403	1000.0	1000.0	131999	0.040207863	0.10421884	1.2574803	-0.8821069	-0.037797667	0.00012880117	2311.774697780609
34	1.4072833	0.10520551	1.5864114	1.3264613	0.35651308	0.07688567	0.53315383	0.23964441	1000.0	1000.0	135999	0.02394017	0.12737092	1.0572295	-1.2128856	-0.025724947	0.00016807063	2393.916489839554
35	1.5139271	0.093587235	1.6129408	1.3770212	0.34339285	0.06971694	0.46390298	0.20215064	1000.0	1000.0	139999	0.03778435	0.11973232	1.2175525	-1.3035443	-0.031837054	0.00020763779	2476.2252509593964
36	1.3460242	0.055756122	1.4013442	1.2656518	0.3207913	0.07416589	0.5099587	0.2505201	1000.0	1000.0	143999	0.027606277	0.14913332	1.4368619	-1.5703759	-0.03138209	0.00017663359	2558.8799996376038
37	1.4047612	0.029842641	1.4472572	1.3632956	0.33845356	0.045780692	0.40218958	0.27100334	1000.0	1000.0	147999	0.06303998	0.05909489	1.0077664	-0.8380167	-0.059631143	8.2227925e-05	2641.4916410446167
38	1.4394894	0.072938465	1.5566219	1.3681988	0.2923039	0.10437697	0.43631303	0.14499258	1000.0	1000.0	151999	0.020873081	0.13422388	0.72985446	-1.3315285	-0.020059917	0.00015990005	2723.824592590332
39	1.4620888	0.0751502	1.564768	1.3588026	0.35852045	0.08898305	0.53638184	0.22833078	1000.0	1000.0	155999	0.094643876	0.054470915	0.8490746	-0.9491749	-0.09525762	4.715869e-05	2806.3999123573303
40	1.463506	0.039634038	1.5062697	1.4060731	0.3341617	0.08261075	0.51675946	0.22131392	1000.0	1000.0	159999	0.077187434	0.055607684	1.0244409	-0.6568029	-0.07611532	7.171361e-05	2888.9627299308777
41	1.413791	0.096606605	1.5554731	1.2964567	0.3473311	0.0911887	0.48613992	0.18994191	1000.0	1000.0	163999	0.07862555	0.060535472	0.8701754	-0.56468236	-0.07742568	5.422752e-05	2971.839638233185
42	1.387733	0.11008676	1.5743345	1.2900115	0.346879	0.063940085	0.4563027	0.27768824	1000.0	1000.0	167999	0.07579727	0.06786545	1.3270047	-0.6576475	-0.07553865	7.283029e-05	3054.6679685115814
43	1.4340365	0.07925598	1.5178064	1.3038065	0.36068073	0.07597525	0.4594308	0.25483862	1000.0	1000.0	171999	0.08176024	0.058117583	1.4331505	-0.7476376	-0.08050208	8.011042e-05	3137.233482837677
44	1.4420277	0.06785447	1.5484716	1.3694924	0.33342317	0.03861819	0.41605967	0.2799475	1000.0	1000.0	175999	0.07022012	0.0699703	0.79462594	-0.92472136	-0.06997024	0.00010450393	3219.7730576992035
45	1.4639208	0.10362826	1.6045369	1.3624865	0.32636786	0.049596645	0.41949907	0.25766975	1000.0	1000.0	179999	0.08017964	0.094287634	1.3808336	-1.4485545	-0.08142548	0.00017657202	3302.217566013336
46	1.5182872	0.16696474	1.7839286	1.3548217	0.3450872	0.06351161	0.4572892	0.27279863	1000.0	1000.0	183999	0.06857702	0.12717596	1.7720045	-2.1175964	-0.06386265	0.00026985913	3384.7128715515137
47	1.4341266	0.042884883	1.4980763	1.3781489	0.38094527	0.0876347	0.51773655	0.2770675	1000.0	1000.0	187999	0.02960314	0.13704383	1.2285348	-2.248269	-0.028615708	0.00031064474	3467.139209508896
48	1.4657717	0.09465537	1.6046104	1.3564484	0.37524682	0.06759502	0.483574	0.22507587	1000.0	1000.0	191999	0.058172513	0.12287955	1.0308709	-2.3207693	-0.057011627	0.00026745378	3549.8381009101868
49	1.3992487	0.18886568	1.7192998	1.2535266	0.36592436	0.073963806	0.5062444	0.19465445	1000.0	1000.0	195999	0.033745743	0.13229457	1.7954657	-1.969304	-0.03270701	0.0002361784	3632.4387798309326
50	1.3414172	0.13179249	1.5328354	1.2152877	0.3323164	0.046541523	0.40335822	0.2508191	1000.0	1000.0	199999	0.029374976	0.15059914	1.6545988	-2.0792024	-0.028716935	0.00026694738	3715.011787176132
51	1.4343534	0.11403592	1.5924938	1.3048759	0.32599956	0.07544524	0.47343275	0.18829155	1000.0	1000.0	203999	0.012844314	0.18504654	0.7262774	-2.5471184	-0.008879305	0.0003252515	3797.7233152389526
52	1.5063344	0.11004302	1.689488	1.3969755	0.32625625	0.07937501	0.4764183	0.23226611	1000.0	1000.0	207999	0.029095078	0.15096845	0.9047867	-2.432077	-0.029470738	0.00032076729	3880.3088409900665
53	1.4206226	0.052278936	1.5067834	1.3775889	0.32097787	0.06665293	0.45001364	0.23663719	1000.0	1000.0	211999	0.0073766722	0.18178642	1.1860061	-2.886918	-0.006920566	0.00045667213	3963.0541791915894
54	1.4563206	0.083205834	1.5696237	1.3563037	0.37626553	0.07785929	0.49043882	0.27813056	1000.0	1000.0	215999	-0.00741284	0.20188485	1.1216561	-2.9066594	0.010612297	0.00049903966	4045.856714248657
55	1.4380692	0.0862794	1.5435703	1.3430529	0.32998574	0.040498953	0.41154498	0.25896114	1000.0	1000.0	219999	0.017085798	0.15645385	2.0519538	-3.1331654	-0.017431146	0.00047943377	4128.557737350464
56	1.4680172	0.06638887	1.544551	1.3974292	0.3750199	0.069839954	0.51958406	0.28454813	1000.0	1000.0	223999	0.02606517	0.22727248	4.5104976	-3.3340333	-0.024915233	0.0006488349	4211.22376704216
57	1.3845681	0.06712725	1.4574028	1.3045887	0.31164622	0.07565135	0.5239508	0.25035566	1000.0	1000.0	227999	-0.011476125	0.25161844	3.3503945	-3.7434978	0.01155749	0.00073199614	4293.951531648636
58	1.4526861	0.072500415	1.5470681	1.3751127	0.3626017	0.08806518	0.5362325	0.24247432	1000.0	1000.0	231999	0.025698615	0.1833941	1.9294937	-3.6096163	-0.023475178	0.00062519195	4376.661474943161
59	1.359699	0.08919363	1.4962155	1.2670892	0.30790576	0.04243709	0.38030598	0.24893631	1000.0	1000.0	235999	0.03313099	0.15297772	0.81019515	-3.172232	-0.031402335	0.00042992318	4459.17512845993
60	1.4091582	0.06651078	1.5186282	1.3457291	0.37208945	0.047545496	0.49354735	0.31653285	1000.0	1000.0	239999	0.031171445	0.14312766	0.96284974	-3.0606554	-0.03149439	0.0003331141	4542.034922122955
61	1.4489871	0.07015171	1.5587802	1.3639052	0.30625236	0.05409981	0.39820486	0.23616265	1000.0	1000.0	243999	0.016760763	0.18520953	0.7621734	-3.3632307	-0.014605361	0.0004948808	4624.6981019973755
62	1.4421473	0.113153115	1.6377275	1.3653944	0.34437257	0.057229716	0.40632045	0.23795992	1000.0	1000.0	247999	0.05859163	0.115319416	1.1643904	-3.2938778	-0.058027428	0.00023536792	4707.759526252747
63	1.5567489	0.033397425	1.5887783	1.5080891	0.31382746	0.053467445	0.42448673	0.24549544	1000.0	1000.0	251999	0.021472193	0.17844883	2.268333	-3.3848922	-0.020974657	0.00044894422	4790.483996152878
64	1.4408666	0.05967765	1.516805	1.3756883	0.3421826	0.06528624	0.4056806	0.15823585	1000.0	1000.0	255999	0.028752137	0.18662201	2.93556	-3.3358233	-0.027907586	0.0003947187	4873.451607227325
65	1.418841	0.1397464	1.6237046	1.2766601	0.31941825	0.069490835	0.46248713	0.2309888	1000.0	1000.0	259999	0.04350139	0.17952348	2.293058	-3.1808887	-0.04214827	0.00036133922	4956.321040153503
66	1.4331331	0.11336908	1.5557055	1.2827449	0.3263073	0.061307218	0.4247063	0.21187814	1000.0	1000.0	263999	0.044924676	0.17499535	1.0218242	-3.2736673	-0.044202223	0.00038692047	5039.440126180649
67	1.2496686	0.050411362	1.297623	1.1761411	0.33213496	0.08589676	0.5346093	0.20382614	1000.0	1000.0	267999	0.028327597	0.23723654	2.0346663	-4.351563	-0.025879266	0.00059428596	5122.400771856308
68	1.3927715	0.12667823	1.5469395	1.1952872	0.303814	0.037475146	0.38655198	0.25149724	1000.0	1000.0	271999	0.016970634	0.3254661	5.1156163	-5.1451488	-0.014354767	0.0010562837	5205.239576816559
69	1.3147105	0.14716195	1.5392627	1.1370716	0.34448263	0.0866303	0.52865916	0.24917011	1000.0	1000.0	275999	0.0017962073	0.34760877	4.817193	-5.7409244	-0.0016122842	0.001287838	5288.141356945038
70	1.3203571	0.10468768	1.4079658	1.1418628	0.3470502	0.06294933	0.47259328	0.25571072	1000.0	1000.0	279999	0.051109523	0.19774121	1.4601262	-5.1567373	-0.049511246	0.00069357536	5370.886337757111
71	1.3764852	0.08303016	1.5166833	1.3043534	0.33873436	0.103149705	0.4787443	0.15983443	1000.0	1000.0	283999	0.0026491887	0.3311025	2.528028	-5.9379406	-0.00012787819	0.0012725062	5453.6063323020935
72	1.4659349	0.1128796	1.6285737	1.3118998	0.327851	0.06922131	0.432615	0.22632456	1000.0	1000.0	287999	0.020820392	0.36244705	3.0277371	-6.7133126	-0.021124681	0.0014592386	5536.583857059479
73	1.4463546	0.024971494	1.4872704	1.4200082	0.35177156	0.055188056	0.47081706	0.289781	1000.0	1000.0	291999	0.032317743	0.3351511	2.3673213	-7.362056	-0.033133965	0.0015579347	5619.450834989548
74	1.4625357	0.027866727	1.4924622	1.4223121	0.34827453	0.0725137	0.50858164	0.25627637	1000.0	1000.0	295999	0.024207763	0.32269004	5.505512	-7.246807	-0.021750974	0.0018605738	5702.0859117507935
75	1.3550127	0.07414459	1.43773	1.255103	0.37454078	0.06781562	0.4582284	0.23411745	1000.0	1000.0	299999	0.012239966	0.31758806	4.544397	-7.0313506	-0.012557999	0.0013398076	5784.7035710811615
76	1.4082822	0.07701006	1.5060632	1.3128448	0.37532806	0.07564748	0.5293027	0.27884552	1000.0	1000.0	303999	0.08206525	0.14515385	1.4338194	-4.4357934	-0.081546605	0.00054479716	5867.007008552551
77	1.4530318	0.08469585	1.5352178	1.326029	0.3627157	0.061313376	0.5198425	0.28885147	1000.0	1000.0	307999	0.05147509	0.24135508	1.0558782	-5.293599	-0.05091031	0.0010361446	5949.614276409149
78	1.3750523	0.05991127	1.4557467	1.2976042	0.3359088	0.06468771	0.44046324	0.1995937	1000.0	1000.0	311999	0.09057751	0.12821962	0.84107405	-4.163792	-0.088663146	0.0003982671	6032.084784030914
79	1.3537786	0.016948998	1.3787755	1.3368232	0.28768596	0.07255803	0.43186074	0.178823	1000.0	1000.0	315999	0.036298614	0.21330197	0.9302031	-4.3805513	-0.034214906	0.0007128946	6114.379158973694
80	1.4606403	0.10970652	1.6356819	1.3507298	0.3634997	0.04701398	0.4899481	0.31607947	1000.0	1000.0	319999	0.051166378	0.15789287	0.6026519	-4.270104	-0.049207762	0.0005162288	6197.150236606598
81	1.4873831	0.086338334	1.5893612	1.3629425	0.33690327	0.07439583	0.49049127	0.21165831	1000.0	1000.0	323999	0.03300895	0.19199748	0.8711561	-4.805723	-0.033400044	0.00071477436	6280.162114858627
82	1.4470186	0.13229594	1.5702581	1.2353203	0.34636563	0.05752368	0.44688097	0.27151233	1000.0	1000.0	327999	0.036630604	0.17012918	0.6656632	-4.462971	-0.035592962	0.0004903864	6363.350811243057
83	1.4502878	0.060458567	1.5114057	1.3517313	0.3241169	0.056787338	0.43557134	0.23057497	1000.0	1000.0	331999	0.06465811	0.12367049	0.5074314	-3.1419177	-0.06466603	0.00028816657	6446.3697872161865
84	1.4660528	0.18828975	1.6018821	1.1412482	0.37894985	0.06424668	0.4958855	0.26842085	1000.0	1000.0	335999	0.06340173	0.16162945	0.49499226	-3.1636755	-0.062910326	0.0003500023	6529.458135843277
85	1.5013068	0.09597025	1.6439332	1.3994482	0.3252346	0.06302687	0.42265248	0.24238217	1000.0	1000.0	339999	0.10096821	0.08913266	0.48788646	-2.8614137	-0.10179379	0.00016867676	6612.638689041138
86	1.4311376	0.096483655	1.5311657	1.2716748	0.34677112	0.06638916	0.4854438	0.25082263	1000.0	1000.0	343999	0.08763545	0.105166376	0.38413018	-2.671166	-0.08686363	0.00022136346	6695.677993774414
87	1.3794067	0.07366303	1.4924529	1.297824	0.33853513	0.080221385	0.49947688	0.1771825	1000.0	1000.0	347999	0.09496876	0.10841328	0.39133447	-2.3977845	-0.09494934	0.00021740046	6778.469001293182
88	1.3973178	0.04720844	1.4695579	1.3475933	0.305322	0.048629954	0.38789696	0.22258915	1000.0	1000.0	351999	0.09324952	0.12938742	0.5226476	-2.711259	-0.09145658	0.0002504832	6861.243990659714
89	1.3796983	0.09031452	1.5108978	1.260384	0.34401026	0.068385996	0.4885781	0.22618999	1000.0	1000.0	355999	0.086374044	0.15442295	0.39890343	-2.9616423	-0.08645274	0.00023249743	6944.216705322266
90	1.5004268	0.17105901	1.783965	1.3265905	0.34885454	0.08654091	0.51326716	0.23925868	1000.0	1000.0	359999	0.08814059	0.17707661	0.49405092	-3.7626226	-0.08710344	0.0003218127	7026.840591907501
91	1.4583101	0.09894689	1.6056666	1.3470905	0.31450194	0.091351144	0.44792056	0.12775724	1000.0	1000.0	363999	0.09560154	0.1715091	0.60626405	-3.807808	-0.09699181	0.00033051975	7109.825575828552
92	1.3820989	0.05720192	1.4795005	1.3325309	0.33685887	0.04606936	0.3989818	0.25402546	1000.0	1000.0	367999	0.098634414	0.13538775	0.45335847	-2.784021	-0.09752315	0.00021895766	7193.092762231827
93	1.4637585	0.059070613	1.5429876	1.3773689	0.3252562	0.073750034	0.40715384	0.14567249	1000.0	1000.0	371999	0.09792191	0.14609627	0.40204427	-3.204546	-0.097022936	0.00027715633	7276.225088834763
94	1.4019454	0.10027649	1.5140358	1.2598735	0.32375905	0.058688033	0.4001648	0.21581927	1000.0	1000.0	375999	0.095154844	0.14317635	0.524691	-3.022361	-0.09438026	0.00024270639	7359.174929857254
95	1.294883	0.092231974	1.4265472	1.1672429	0.34040695	0.05414936	0.4033513	0.22707811	1000.0	1000.0	379999	0.09219322	0.14427109	0.5640757	-3.157658	-0.09331555	0.00022702615	7441.987278223038
96	1.4261621	0.054324992	1.5021745	1.3486621	0.3368146	0.07651317	0.5224887	0.24879517	1000.0	1000.0	383999	0.10711577	0.08353551	0.37605	-1.9159143	-0.10679696	0.00011043114	7524.848216533661
97	1.3804466	0.15978353	1.6241362	1.2047889	0.32487348	0.06543873	0.4428471	0.19976598	1000.0	1000.0	387999	0.10725602	0.09460149	0.33946747	-1.958693	-0.10677726	0.0001389902	7607.648135662079
98	1.4278628	0.113136664	1.5814632	1.264937	0.32478756	0.06916198	0.51251787	0.257242	1000.0	1000.0	391999	0.11200139	0.0875259	0.31226337	-1.8369848	-0.11215149	9.326126e-05	7690.831369638443
99	1.5033028	0.10351787	1.6757227	1.4079916	0.35195443	0.05902086	0.43145296	0.21887386	1000.0	1000.0	395999	0.11570225	0.06339343	0.7038816	-1.2795112	-0.11549975	5.9964605e-05	7773.865907669067
100	1.40012	0.1426895	1.5354329	1.1605864	0.3282379	0.071059175	0.47005078	0.21993586	1000.0	1000.0	399999	0.10858837	0.070165545	0.38909513	-1.1107247	-0.107820995	6.819723e-05	7857.110792636871
101	1.408329	0.11069612	1.5408459	1.2530097	0.28948095	0.07747108	0.4189093	0.107458964	1000.0	1000.0	403999	0.10558336	0.069443956	0.5516758	-1.074697	-0.105247065	5.8894126e-05	7940.177318811417
102	1.449032	0.09844488	1.526494	1.2806684	0.3088323	0.06296452	0.37308776	0.15936044	1000.0	1000.0	407999	0.10387408	0.06419088	0.38199025	-0.9639847	-0.10335481	5.1344487e-05	8023.117281913757
103	1.3754961	0.085741155	1.4848654	1.256342	0.30602816	0.041656144	0.375907	0.21890512	1000.0	1000.0	411999	0.09772936	0.07749278	0.31787923	-1.2052114	-0.09708458	8.148256e-05	8105.906388759613
104	1.3825326	0.06680767	1.4693904	1.2829733	0.30936617	0.059302885	0.4571458	0.23659474	1000.0	1000.0	415999	0.09563967	0.07937795	0.5139749	-1.2702935	-0.09523511	7.349521e-05	8188.601783514023
105	1.3353434	0.06274179	1.395642	1.2375908	0.32526636	0.06410503	0.44018525	0.24166407	1000.0	1000.0	419999	0.09552374	0.06785935	0.81915826	-1.1012939	-0.094997324	6.673047e-05	8271.67427945137
106	1.4280624	0.08386732	1.4908001	1.2837182	0.32248205	0.07661145	0.47146267	0.20095754	1000.0	1000.0	423999	0.091147855	0.066331975	0.5150041	-1.0121412	-0.09051304	5.6726858e-05	8355.010779857635
107	1.5045261	0.05697084	1.5646461	1.4437233	0.34999686	0.10793269	0.52120453	0.19229427	1000.0	1000.0	427999	0.08832176	0.06669941	0.39676142	-1.0997244	-0.08772812	6.481177e-05	8438.087077140808
108	1.5091951	0.12162669	1.7154305	1.4171524	0.3396688	0.059951972	0.41322944	0.24196894	1000.0	1000.0	431999	0.086123906	0.067766756	0.39780456	-1.1015651	-0.08538372	6.79996e-05	8521.540928125381
109	1.4454498	0.029609896	1.4890925	1.4071587	0.3019777	0.06148149	0.36497775	0.13505393	1000.0	1000.0	435999	0.08049399	0.073186085	0.55384207	-1.4156892	-0.07976262	8.3398096e-05	8604.60127210617
110	1.3476925	0.16726586	1.5318456	1.0942038	0.32998762	0.073276006	0.5114882	0.2479011	1000.0	1000.0	439999	0.07881677	0.070627496	0.47860533	-1.4878128	-0.078168295	8.757526e-05	8687.852509260178
111	1.4072827	0.07969309	1.5185411	1.3217579	0.33655784	0.07334768	0.49522847	0.24086083	1000.0	1000.0	443999	0.0782756	0.055087972	0.7627994	-1.2851564	-0.077685155	6.598985e-05	8771.072197675705
112	1.4475851	0.088920936	1.554858	1.3092316	0.33299172	0.06720707	0.4945566	0.2198118	1000.0	1000.0	447999	0.07832695	0.05284872	0.58582497	-1.0259359	-0.077599	6.234963e-05	8854.359812498093
113	1.448035	0.05077718	1.5239172	1.3908272	0.35211653	0.06470628	0.43908194	0.2333741	1000.0	1000.0	451999	0.075891145	0.07009563	0.54533666	-1.3826199	-0.075323865	8.4706764e-05	8937.747771501541
114	1.435669	0.057148803	1.525801	1.3674371	0.3202569	0.08537055	0.49747178	0.17252108	1000.0	1000.0	455999	0.07873696	0.066527516	0.45616448	-1.4127734	-0.078278095	7.74332e-05	9021.007268667221
115	1.3732734	0.03464118	1.4133272	1.3260367	0.35224432	0.04892982	0.45910925	0.2992804	1000.0	1000.0	459999	0.078311585	0.068227425	0.53827715	-1.2917354	-0.07787176	8.933678e-05	9104.275407791138
116	1.4726346	0.1644653	1.6366134	1.261585	0.36635846	0.045165338	0.45436773	0.29809177	1000.0	1000.0	463999	0.08107114	0.05443922	0.47137582	-1.2028284	-0.0806949	5.8172154e-05	9187.368916273117
117	1.4505972	0.13557996	1.6268245	1.3047757	0.3205627	0.05445517	0.409379	0.22617042	1000.0	1000.0	467999	0.086395614	0.042534158	0.5714412	-1.0461695	-0.08608806	4.2257405e-05	9270.953964710236
118	1.5602387	0.07137477	1.6514516	1.4546901	0.32358164	0.055846892	0.38662115	0.18665415	1000.0	1000.0	471999	0.08431715	0.056409497	0.47043234	-1.1004906	-0.08367892	6.2001534e-05	9354.142833471298
119	1.5076828	0.07288286	1.6026026	1.4145333	0.34905413	0.067701824	0.49608535	0.25405374	1000.0	1000.0	475999	0.08426645	0.06035244	0.49964932	-1.2930104	-0.08373709	6.588053e-05	9437.084061145782
120	1.4108107	0.06278248	1.51032	1.3469316	0.36160928	0.078212544	0.4804516	0.23481074	1000.0	1000.0	479999	0.084226765	0.06702858	0.7977678	-1.4218044	-0.08371896	6.7755434e-05	9520.176726579666
121	1.3755827	0.125973	1.5565681	1.2026497	0.37132627	0.06782306	0.5226047	0.27956247	1000.0	1000.0	483999	0.08290453	0.06747231	0.6012769	-1.233633	-0.082383774	6.26986e-05	9603.248670101166
122	1.4841545	0.02887852	1.5223752	1.4422916	0.32790932	0.054043386	0.4136931	0.25081396	1000.0	1000.0	487999	0.081803024	0.07426114	0.60813403	-1.3514138	-0.08112207	6.928743e-05	9686.4273250103
123	1.3249162	0.096742176	1.4398526	1.1795862	0.33865827	0.05306121	0.46369794	0.2685328	1000.0	1000.0	491999	0.08482505	0.06542369	0.786579	-1.2440414	-0.08465124	5.5598623e-05	9769.783967971802
124	1.4248464	0.15200356	1.567358	1.201707	0.340094	0.076006696	0.52938807	0.2702197	1000.0	1000.0	495999	0.08830756	0.05770633	0.5781673	-0.9484635	-0.08788751	4.505155e-05	9852.696835756302
125	1.5040009	0.07839504	1.6011529	1.4140203	0.3065315	0.06847213	0.400857	0.14662965	1000.0	1000.0	499999	0.092877366	0.049723182	1.6105844	-0.86979127	-0.09275208	3.8881877e-05	9935.924838066101
126	1.4987897	0.078511	1.6172013	1.3963118	0.35455933	0.07241334	0.49553534	0.2735514	1000.0	1000.0	503999	0.0951021	0.038840495	0.48242986	-0.6806816	-0.094630204	3.0584426e-05	10019.296095371246
127	1.4389341	0.12322395	1.6207412	1.3061186	0.30586517	0.055043414	0.37347594	0.20561796	1000.0	1000.0	507999	0.09933046	0.03770542	0.38151693	-0.60794735	-0.09945549	2.8818049e-05	10102.690178155899
128	1.4436343	0.051915064	1.4960182	1.3800757	0.34935093	0.02500866	0.39324862	0.30958042	1000.0	1000.0	511999	0.10561159	0.040190905	0.48716918	-0.69318473	-0.105449095	3.3849265e-05	10185.759829044342
129	1.4230465	0.050534554	1.4970118	1.3634367	0.31625855	0.056044802	0.43756956	0.254377	1000.0	1000.0	515999	0.10888741	0.037657976	0.451154	-0.7574856	-0.10858194	3.365173e-05	10269.294876098633
130	1.40136	0.071782455	1.4770011	1.3164499	0.35455054	0.07636355	0.5256855	0.24669416	1000.0	1000.0	519999	0.10862013	0.037462726	0.35494268	-0.6852616	-0.108368605	3.1061576e-05	10352.768611907959
131	1.3405178	0.07742916	1.4559222	1.2376373	0.3283003	0.082609914	0.49038282	0.23421642	1000.0	1000.0	523999	0.10585218	0.042695563	0.42131746	-0.8104328	-0.10545183	3.6055346e-05	10435.994969367981
132	1.4033225	0.0938858	1.5112532	1.25352	0.3537675	0.109010786	0.52182627	0.23573495	1000.0	1000.0	527999	0.10192993	0.047809754	0.6230525	-0.82335216	-0.10138538	4.331095e-05	10519.367501497269
133	1.4942021	0.05925127	1.5523518	1.4184539	0.3223211	0.05112728	0.412801	0.23982134	1000.0	1000.0	531999	0.097842626	0.044558596	0.41195953	-0.8508011	-0.09720755	3.8118433e-05	10602.519712209702
134	1.4921372	0.17693031	1.7092502	1.3120805	0.35783833	0.0729722	0.5082317	0.27087122	1000.0	1000.0	535999	0.092646584	0.053943034	0.42542946	-0.80720216	-0.09215949	3.973221e-05	10685.599823474884
135	1.4644921	0.17458189	1.6948404	1.2030636	0.3504185	0.08544336	0.5284197	0.22357562	1000.0	1000.0	539999	0.09290428	0.05792285	0.4033964	-0.98110414	-0.09243926	4.6132154e-05	10768.928295135498
136	1.4314793	0.03354218	1.4631494	1.382453	0.3310865	0.035955142	0.3897316	0.28782013	1000.0	1000.0	543999	0.08930382	0.0781662	0.45492154	-1.3141173	-0.088646375	6.6929235e-05	10852.121472120285
137	1.3529081	0.13047548	1.4441372	1.1284533	0.35668093	0.049312875	0.45068693	0.28388113	1000.0	1000.0	547999	0.08997374	0.07191418	0.40338373	-1.324527	-0.089549705	5.7096786e-05	10935.345938682556
138	1.3852535	0.039992392	1.4384087	1.3282262	0.2844581	0.06306248	0.37976822	0.14170337	1000.0	1000.0	551999	0.090856954	0.058145214	0.41641062	-0.94553566	-0.09056575	4.354675e-05	11018.448083877563
139	1.4704065	0.106256045	1.5773456	1.3030723	0.36724317	0.07514921	0.52071035	0.27993274	1000.0	1000.0	555999	0.09542871	0.054964058	0.37749606	-0.9162332	-0.09532773	4.587341e-05	11101.510343551636
140	1.4066563	0.03117011	1.4510146	1.3752002	0.36683804	0.09669943	0.50639397	0.1658074	1000.0	1000.0	559999	0.09949407	0.050894257	0.47897795	-0.93707234	-0.09931028	4.1961663e-05	11184.449065446854
141	1.3389248	0.09034484	1.4496862	1.198163	0.32789457	0.06509893	0.4217458	0.22890969	1000.0	1000.0	563999	0.099265836	0.059897758	0.38634336	-1.1379923	-0.098830506	5.2773357e-05	11268.027426958084
142	1.3894452	0.08561597	1.5157019	1.2947524	0.3673468	0.057026133	0.44815788	0.27143762	1000.0	1000.0	567999	0.100993134	0.06009897	0.56422436	-1.0729678	-0.10067536	5.3025244e-05	11350.989835977554
143	1.4378749	0.058093116	1.5100662	1.3754296	0.3234355	0.063659035	0.49714643	0.25966376	1000.0	1000.0	571999	0.09965349	0.059114132	0.45448703	-1.069278	-0.09945769	4.9731858e-05	11434.30322933197
144	1.4672925	0.07694582	1.5483814	1.3903795	0.32570976	0.09131077	0.4821931	0.1611313	1000.0	1000.0	575999	0.09916686	0.06826287	0.5115155	-1.2879527	-0.098801054	5.7607078e-05	11517.694982528687
145	1.3905556	0.13095017	1.5921047	1.2724392	0.3388436	0.08198769	0.55279696	0.26173013	1000.0	1000.0	579999	0.1035792	0.06008112	0.39951724	-1.4400103	-0.103610106	5.7826852e-05	11601.038738250732
146	1.4457586	0.07855473	1.5276376	1.3169981	0.31671256	0.06327389	0.444822	0.23722896	1000.0	1000.0	583999	0.10224018	0.06676395	0.62502444	-1.3237844	-0.10183409	5.60519e-05	11684.032623529434
147	1.3414183	0.1473656	1.5780857	1.2145046	0.36443985	0.06455062	0.5064814	0.28534922	1000.0	1000.0	587999	0.09834413	0.079861864	0.3326272	-1.3847538	-0.09772831	6.0532977e-05	11767.447316169739
148	1.3784893	0.07947975	1.4633459	1.2948619	0.35763207	0.06514626	0.4521914	0.23733282	1000.0	1000.0	591999	0.09860114	0.07392467	0.48782474	-1.325177	-0.09825816	5.6088375e-05	11850.574706077576
149	1.5374339	0.07071168	1.617019	1.4372627	0.32859	0.025366167	0.36372826	0.29064158	1000.0	1000.0	595999	0.09774159	0.06270537	0.49178028	-1.2706757	-0.09735503	4.4027005e-05	11933.798863887787
150	1.458443	0.06811793	1.5433755	1.3741649	0.35076946	0.0873721	0.46607366	0.1633279	1000.0	1000.0	599999	0.09673077	0.059223216	0.5860959	-1.0184541	-0.09630188	4.170086e-05	12017.156932592392
151	1.3560126	0.10356183	1.4436742	1.1818267	0.35680705	0.06930581	0.45846784	0.26574287	1000.0	1000.0	603999	0.09550147	0.05753894	0.42215616	-1.135195	-0.09507766	3.9661027e-05	12100.251941204071
152	1.460247	0.12101984	1.6542398	1.3471465	0.31187153	0.062168635	0.41828647	0.22730498	1000.0	1000.0	607999	0.09853855	0.053487092	0.37894648	-0.9095819	-0.098291405	3.722167e-05	12183.440316677094
153	1.3757207	0.11400628	1.5417967	1.2694497	0.3322373	0.07134926	0.46620652	0.22599387	1000.0	1000.0	611999	0.101796895	0.046432167	0.38454586	-0.80738163	-0.10174161	3.214939e-05	12266.558256149292
154	1.4519355	0.13525672	1.6385595	1.2778862	0.34515578	0.08085772	0.49394482	0.19052747	1000.0	1000.0	615999	0.10486648	0.043550473	0.36045337	-0.80955374	-0.104587324	3.01205e-05	12349.77556180954
155	1.4256849	0.13425215	1.5819647	1.2215506	0.34210616	0.06326991	0.4238351	0.25867048	1000.0	1000.0	619999	0.1052534	0.049929135	0.4064355	-0.8788917	-0.104981795	3.4945526e-05	12433.333539485931
156	1.4119384	0.12680617	1.6239873	1.3012912	0.35302785	0.042023573	0.45848754	0.30459365	1000.0	1000.0	623999	0.10465547	0.055083007	0.53321815	-0.85367537	-0.104464814	3.610144e-05	12516.910653829575
157	1.4012568	0.055438135	1.457704	1.3359814	0.31962746	0.06551324	0.4684604	0.21220748	1000.0	1000.0	627999	0.107666895	0.045175616	0.3884399	-0.76310736	-0.107446834	2.8805605e-05	12600.259643316269
158	1.4138756	0.069854476	1.5070637	1.3285455	0.28821453	0.06042223	0.41682863	0.20574966	1000.0	1000.0	631999	0.10699876	0.04873896	0.70428276	-0.8844898	-0.106690444	3.7223443e-05	12683.349683523178
159	1.53135	0.10928676	1.7026417	1.4007314	0.35593995	0.101549424	0.5130247	0.16786666	1000.0	1000.0	635999	0.10634443	0.045646932	0.60695326	-0.87437665	-0.10591426	3.105904e-05	12766.617713689804
160	1.389049	0.06304691	1.4552462	1.3126228	0.31454667	0.07101469	0.4538754	0.16439345	1000.0	1000.0	639999	0.10268451	0.05112412	0.62570775	-0.908146	-0.10224819	3.623974e-05	12850.178892850876
161	1.4061024	0.16406931	1.6791	1.2416663	0.31037855	0.051099453	0.41507658	0.24322207	1000.0	1000.0	643999	0.10089547	0.05688684	0.6683873	-0.9555284	-0.100573346	4.0028193e-05	12933.505780935287
162	1.4726713	0.09812352	1.6208677	1.3537333	0.34892708	0.07858386	0.48186037	0.23693386	1000.0	1000.0	647999	0.10035801	0.052669812	0.43732274	-0.9223684	-0.10006662	3.687342e-05	13017.023649454117
163	1.3374764	0.03229712	1.3842058	1.3018546	0.36655223	0.082335554	0.53025806	0.24527362	1000.0	1000.0	651999	0.09943455	0.054090813	0.45408505	-1.1850331	-0.09907173	3.9138005e-05	13100.139873027802
164	1.4519606	0.088049	1.5694224	1.3514063	0.33522353	0.06992373	0.5021325	0.25315607	1000.0	1000.0	655999	0.09812709	0.05526852	0.38946798	-1.1165816	-0.097672984	4.1526637e-05	13183.400891304016
165	1.3857079	0.14745557	1.6158267	1.2132195	0.31440443	0.050563894	0.39635262	0.25266185	1000.0	1000.0	659999	0.09728064	0.05683145	0.43202254	-1.0216975	-0.09692987	4.0311377e-05	13266.714042425156
166	1.4807575	0.11758237	1.6066539	1.3465284	0.36136645	0.0791362	0.5002372	0.23355308	1000.0	1000.0	663999	0.09906354	0.052402206	0.51305217	-1.0527686	-0.09892648	3.720887e-05	13349.859883069992
167	1.3899193	0.034505095	1.4459736	1.3581582	0.35859862	0.05821785	0.46965268	0.28554097	1000.0	1000.0	667999	0.10008927	0.043489724	0.72223294	-0.9205811	-0.09973268	3.0406227e-05	13433.242283821106
168	1.3017948	0.08494883	1.3703384	1.1614994	0.29372156	0.08104252	0.47188452	0.18750243	1000.0	1000.0	671999	0.10010265	0.038996328	0.82586265	-0.7696518	-0.099816315	2.9121704e-05	13516.446023225784
169	1.3826365	0.17193064	1.6466954	1.2202321	0.33728537	0.051069267	0.41963622	0.26025873	1000.0	1000.0	675999	0.09970693	0.042603835	0.44467652	-0.89924866	-0.099325456	3.345581e-05	13599.865756988525
170	1.4404302	0.043026417	1.4767534	1.3693783	0.30012184	0.06333379	0.4397777	0.20725316	1000.0	1000.0	679999	0.1026601	0.03832788	0.6824627	-0.97749746	-0.102610365	3.212933e-05	13683.147297143936
171	1.4331031	0.117483296	1.5855329	1.2568036	0.34431568	0.054720238	0.42546502	0.24527806	1000.0	1000.0	683999	0.10525884	0.03568208	0.5585624	-1.2281852	-0.104876906	3.536594e-05	13766.367611408234
172	1.3979584	0.14687763	1.605906	1.2109209	0.35031027	0.07206138	0.48288935	0.25710088	1000.0	1000.0	687999	0.103575476	0.03651291	2.2452934	-0.8330903	-0.103269026	3.9840634e-05	13849.503583431244
173	1.48732	0.06211823	1.580218	1.4124689	0.36250848	0.08638836	0.49113715	0.2418074	1000.0	1000.0	691999	0.100355536	0.042288348	0.59224784	-0.94283146	-0.09980292	3.5650093e-05	13932.651823759079
174	1.4071735	0.07667822	1.5256516	1.3111864	0.38646206	0.06600294	0.48159948	0.2811043	1000.0	1000.0	695999	0.100883596	0.051127683	0.7333691	-1.1229383	-0.10041049	4.3059834e-05	14015.88115477562
175	1.3659096	0.12443399	1.5223043	1.1900676	0.3764054	0.05237082	0.48570776	0.3097334	1000.0	1000.0	699999	0.0986781	0.06698899	0.7247498	-1.4094274	-0.09849895	5.8285787e-05	14099.032392501831
176	1.4391124	0.10747562	1.5923727	1.2918121	0.30713326	0.08831101	0.4654053	0.19516233	1000.0	1000.0	703999	0.0981744	0.053977095	0.76156497	-1.3099787	-0.09759732	5.119672e-05	14182.258622169495
177	1.4570068	0.1715585	1.6992861	1.2925072	0.28907862	0.057284694	0.4347611	0.2155234	1000.0	1000.0	707999	0.09579042	0.052473094	0.7159814	-1.2466557	-0.09540375	5.3908625e-05	14265.519841432571
178	1.3824534	0.08333213	1.4681891	1.2667718	0.31971365	0.06699483	0.502837	0.2533455	1000.0	1000.0	711999	0.09267227	0.06188625	0.6611775	-1.3497876	-0.09206781	6.720991e-05	14348.94060254097
179	1.451901	0.01376803	1.4666386	1.437185	0.34787065	0.081319064	0.5144738	0.25099307	1000.0	1000.0	715999	0.09084705	0.07080159	0.5717411	-1.4113529	-0.09042454	6.6761866e-05	14432.491927623749
180	1.394278	0.039255675	1.4355007	1.3382626	0.361189	0.07354789	0.4845174	0.27389884	1000.0	1000.0	719999	0.08986039	0.07112371	0.65264404	-1.4461112	-0.08947927	7.34673e-05	14515.864931344986
181	1.5252241	0.07829283	1.6201276	1.4123011	0.33751494	0.06979935	0.4946905	0.19079989	1000.0	1000.0	723999	0.08991128	0.070733614	0.46982193	-1.5244739	-0.08943722	6.745835e-05	14599.08290219307
182	1.4170262	0.12362604	1.5587809	1.2926383	0.3478685	0.06836541	0.4901886	0.25679088	1000.0	1000.0	727999	0.09039674	0.07080512	0.5322178	-1.5792092	-0.0901651	6.3199455e-05	14682.28273320198
183	1.395013	0.06972707	1.5105385	1.3250612	0.36170474	0.06957208	0.53734064	0.29826435	1000.0	1000.0	731999	0.092728615	0.058076825	0.50690424	-1.2934884	-0.092500255	4.3596618e-05	14765.41919207573
184	1.3952805	0.06637928	1.4805169	1.3235056	0.29853117	0.06067686	0.41947103	0.21799342	1000.0	1000.0	735999	0.096267805	0.04508287	0.40887222	-1.0306423	-0.09598679	3.314679e-05	14848.825160264969
185	1.4772532	0.061055325	1.5713166	1.4104322	0.37973866	0.0432885	0.47995803	0.3296993	1000.0	1000.0	739999	0.095335305	0.049800575	0.6297043	-1.0763282	-0.09490126	4.0810522e-05	14932.19949388504
186	1.4166374	0.13387887	1.5513519	1.238778	0.33110127	0.0804389	0.50131017	0.23841101	1000.0	1000.0	743999	0.098006964	0.04863632	0.49335492	-1.0200443	-0.09786853	3.5260215e-05	15015.226303815842
187	1.4679239	0.12559429	1.6277791	1.2764268	0.32853204	0.053915396	0.40597543	0.20398799	1000.0	1000.0	747999	0.099406585	0.051044192	0.55183727	-1.1453209	-0.09902881	4.5179902e-05	15098.464740037918
188	1.4783076	0.110809766	1.64469	1.3715196	0.32186818	0.06536641	0.4560192	0.23198669	1000.0	1000.0	751999	0.09480454	0.06486729	0.51622427	-1.2737417	-0.09428781	5.2270512e-05	15181.888284444809
189	1.4571103	0.041900296	1.5085223	1.3929753	0.3242085	0.05673488	0.4495977	0.2525282	1000.0	1000.0	755999	0.09144399	0.07048687	0.49835575	-1.3155874	-0.09077434	5.469698e-05	15265.224987506866
190	1.4290556	0.10036286	1.5659428	1.3070656	0.3773381	0.054755062	0.52239364	0.3145204	1000.0	1000.0	759999	0.087576106	0.07114662	0.4156109	-1.5701604	-0.08712913	5.4203756e-05	15348.477584600449
191	1.4244591	0.15493564	1.691407	1.3164511	0.37825197	0.07954672	0.5251024	0.2583209	1000.0	1000.0	763999	0.08420818	0.056708574	0.38884923	-1.3089226	-0.08354618	4.2692776e-05	15431.683765172958
192	1.4608752	0.03658631	1.5178664	1.4217299	0.31239426	0.06637733	0.39560324	0.16997992	1000.0	1000.0	767999	0.08239836	0.04873193	0.37243533	-1.4601762	-0.08196659	3.8181635e-05	15515.125366926193
193	1.4169413	0.10345121	1.5295643	1.2974498	0.34746188	0.06312259	0.43759027	0.25761986	1000.0	1000.0	771999	0.085056975	0.04174001	0.4074633	-1.010869	-0.0846976	3.294946e-05	15598.692034482956
194	1.3974359	0.1879709	1.572193	1.0808669	0.3609529	0.074735954	0.49571708	0.26164198	1000.0	1000.0	775999	0.08778905	0.043579634	0.3736728	-0.9749423	-0.08756995	3.3403423e-05	15682.10517835617
195	1.4000001	0.025496867	1.4232253	1.3585142	0.38857394	0.061106835	0.47912905	0.31261143	1000.0	1000.0	779999	0.08948293	0.045491602	0.36776626	-1.0743666	-0.089001834	3.8360067e-05	15765.364829301834
196	1.3524756	0.1462455	1.5832794	1.1771547	0.34760943	0.081718065	0.50451905	0.24989153	1000.0	1000.0	783999	0.08760789	0.04759752	0.43539393	-1.1589864	-0.08704809	3.7131867e-05	15848.680762767792
197	1.4558592	0.049482055	1.5275216	1.3972946	0.34343976	0.065388374	0.4349917	0.25711703	1000.0	1000.0	787999	0.085424304	0.053533886	0.3372684	-1.1670656	-0.08495366	3.9744235e-05	15931.832689285278
198	1.44296	0.13115902	1.5597008	1.226848	0.32036358	0.0508247	0.38724196	0.2073484	1000.0	1000.0	791999	0.0844154	0.053648952	0.3700344	-1.2802868	-0.083908126	4.185923e-05	16015.09742808342
199	1.4006981	0.10096074	1.5048883	1.2387677	0.33790076	0.05414151	0.47939178	0.27471584	1000.0	1000.0	795999	0.08390303	0.053501677	0.47805697	-1.1952648	-0.08344989	4.4002703e-05	16098.144236087799
200	1.4586481	0.09911738	1.540444	1.2903128	0.3458237	0.056908865	0.4711133	0.25057906	1000.0	1000.0	799999	0.08420764	0.045341026	0.37764737	-1.234078	-0.08377109	4.2846787e-05	16181.451168298721
201	1.3773518	0.073019944	1.4874071	1.2952828	0.33661577	0.05639444	0.45234692	0.2770698	1000.0	1000.0	803999	0.082023054	0.042115416	0.32208288	-1.0907652	-0.08145883	3.979176e-05	16264.712817192078
202	1.4743768	0.056402326	1.5441053	1.3876232	0.35098612	0.079819284	0.48877937	0.2638556	1000.0	1000.0	807999	0.085314766	0.046182968	0.5300228	-1.1848395	-0.08509447	4.2547515e-05	16348.13349533081
203	1.4596121	0.084191	1.600402	1.3770592	0.35555226	0.100696824	0.55574167	0.19245782	1000.0	1000.0	811999	0.08719673	0.05826108	0.39531958	-1.3670866	-0.0867946	5.113033e-05	16431.669066667557
204	1.4760017	0.053272013	1.5631495	1.4222245	0.3721489	0.042924084	0.48260328	0.31952384	1000.0	1000.0	815999	0.08743477	0.055944484	0.5304364	-1.417789	-0.08695962	5.4188105e-05	16515.4823949337
205	1.3969331	0.0072737182	1.4090675	1.3897886	0.31622964	0.07605008	0.45182636	0.16444065	1000.0	1000.0	819999	0.085930265	0.06007221	0.32994115	-1.4858568	-0.08552891	5.4464435e-05	16598.93525481224
206	1.3809118	0.08802328	1.5180566	1.3013932	0.32077125	0.057890594	0.38101172	0.21550171	1000.0	1000.0	823999	0.08495801	0.05779189	0.369746	-1.3489914	-0.08434732	4.9061404e-05	16682.46350502968
207	1.4285038	0.10720097	1.5828285	1.3199545	0.3125394	0.084729366	0.47585922	0.14006743	1000.0	1000.0	827999	0.08686839	0.05818766	0.5033068	-1.4154764	-0.08667784	4.0708215e-05	16766.050173521042
208	1.5095068	0.08230195	1.6245478	1.4130747	0.32008946	0.06801445	0.44610155	0.19188344	1000.0	1000.0	831999	0.091765665	0.04496847	0.437598	-1.1995237	-0.09138823	3.3243283e-05	16849.57229232788
209	1.5139142	0.06941215	1.5827019	1.410448	0.4078043	0.07794305	0.53315604	0.29327726	1000.0	1000.0	835999	0.09181728	0.041137185	0.31525758	-0.8982341	-0.091578506	2.742649e-05	16933.17383503914
210	1.4842293	0.046238106	1.543796	1.4230508	0.35920724	0.10978086	0.50842917	0.101741806	1000.0	1000.0	839999	0.094386555	0.035609428	0.30976075	-0.8925265	-0.094032384	2.6815582e-05	17016.782049179077
211	1.4129698	0.065022044	1.4941403	1.3130338	0.33495048	0.07066872	0.4882357	0.2523939	1000.0	1000.0	843999	0.0947061	0.04085968	0.7065866	-0.91375554	-0.09435544	2.8079628e-05	17100.20775604248
212	1.3670362	0.0991622	1.426718	1.1953365	0.31991386	0.059900038	0.42592105	0.21401566	1000.0	1000.0	847999	0.09287612	0.048764613	1.10389	-1.1909969	-0.092349045	3.732588e-05	17183.795541524887
213	1.463747	0.10025857	1.6166344	1.3627648	0.3128605	0.06482914	0.48523647	0.22952513	1000.0	1000.0	851999	0.09079737	0.050508857	0.56094646	-1.3020377	-0.09031309	4.156056e-05	17267.01110601425
214	1.4297018	0.0489812	1.5032603	1.3681365	0.3444994	0.08258759	0.4613968	0.22326043	1000.0	1000.0	855999	0.08946428	0.047809545	0.37123162	-1.23735	-0.08914017	4.3095464e-05	17350.179984092712
215	1.389508	0.074435286	1.506002	1.2997477	0.3370998	0.0660324	0.41741806	0.22708863	1000.0	1000.0	859999	0.0902479	0.03977035	0.46647367	-1.0944188	-0.08976437	3.550651e-05	17433.54921603203
216	1.361006	0.08194841	1.4373064	1.2332592	0.32646802	0.073628776	0.48990917	0.24068436	1000.0	1000.0	863999	0.08781705	0.051439337	0.39761224	-1.4838263	-0.0873392	5.125892e-05	17516.957857131958
217	1.4612521	0.041509796	1.526744	1.4173654	0.31538573	0.07259974	0.4723345	0.23068759	1000.0	1000.0	867999	0.08759374	0.059636835	0.5036161	-1.6968577	-0.08720717	5.8976217e-05	17600.245797634125
218	1.4083829	0.07201142	1.481032	1.2900149	0.35679498	0.080585346	0.43902108	0.15222247	1000.0	1000.0	871999	0.082597815	0.072113335	0.5352894	-1.8004122	-0.08188715	7.079043e-05	17683.83585691452
219	1.401288	0.053814474	1.4936826	1.3643095	0.28572902	0.028955223	0.32718536	0.24362642	1000.0	1000.0	875999	0.07905793	0.06690167	0.42514956	-1.6884587	-0.07831469	6.1496234e-05	17767.409180879593
220	1.401205	0.14463763	1.5496403	1.1889935	0.3264253	0.06258808	0.3906946	0.22585286	1000.0	1000.0	879999	0.07448834	0.063608594	0.4301132	-1.6574104	-0.0738614	6.163922e-05	17850.65615749359
221	1.4365413	0.11085977	1.6283598	1.3654408	0.30189973	0.08827226	0.44641334	0.15635651	1000.0	1000.0	883999	0.07475403	0.049395025	0.41363358	-1.4768621	-0.074364595	4.9023954e-05	17933.78684616089
222	1.4312611	0.060283422	1.5013413	1.3380352	0.3395758	0.046498284	0.4276947	0.28417993	1000.0	1000.0	887999	0.07683077	0.04261785	0.4562916	-1.3307033	-0.076365516	3.9416744e-05	18017.15938591957
223	1.42975	0.052472297	1.5020099	1.3616365	0.32248467	0.056067787	0.45377225	0.26430747	1000.0	1000.0	891999	0.08059868	0.046210993	0.35614893	-1.3113282	-0.080471255	4.918866e-05	18100.397282600403
224	1.4964156	0.07663346	1.5907948	1.3845798	0.36539155	0.05683568	0.45180175	0.2671579	1000.0	1000.0	895999	0.08888595	0.043813422	0.31460488	-1.2863305	-0.08874151	4.1866377e-05	18183.49275827408
225	1.391599	0.054953028	1.4508473	1.3052113	0.34794572	0.044160914	0.40437263	0.25056958	1000.0	1000.0	899999	0.09154501	0.043550562	0.5819894	-1.2516302	-0.09125177	4.4802942e-05	18266.30087709427
226	1.5248799	0.08255496	1.6533717	1.4324585	0.30586535	0.058114342	0.37621555	0.2165392	1000.0	1000.0	903999	0.09239566	0.042610947	0.30687937	-0.9593778	-0.09191304	3.0789677e-05	18349.414986610413
227	1.3902941	0.18237694	1.5748022	1.1797576	0.29396042	0.048247747	0.36187157	0.1943783	1000.0	1000.0	907999	0.0894959	0.038148444	0.30140737	-0.79214764	-0.08903158	2.6447911e-05	18432.69939994812
228	1.3569552	0.054360423	1.4207125	1.2711179	0.35176542	0.047470838	0.4159167	0.2389107	1000.0	1000.0	911999	0.09211887	0.041992143	0.31406936	-1.1327986	-0.0919914	3.3231645e-05	18515.974609375
229	1.4439536	0.112192556	1.6030103	1.2944568	0.36665994	0.053259544	0.48776618	0.3165807	1000.0	1000.0	915999	0.09365201	0.043856304	0.43854064	-1.2506253	-0.09317298	3.5535737e-05	18599.421300411224
230	1.4740655	0.076298416	1.5451229	1.3492835	0.34376425	0.05563176	0.45462763	0.25173423	1000.0	1000.0	919999	0.09009596	0.041616138	0.39532438	-1.2396703	-0.089649	3.6069407e-05	18683.069675445557
231	1.4385382	0.1322031	1.6186413	1.2485883	0.33675012	0.04072095	0.3911785	0.27697447	1000.0	1000.0	923999	0.09000274	0.04396324	0.47496745	-1.2647594	-0.089527406	3.7793903e-05	18766.579076051712
232	1.3524888	0.09537221	1.4384687	1.2053326	0.29955205	0.060275156	0.43120664	0.2220308	1000.0	1000.0	927999	0.0889433	0.043144714	0.3766681	-1.3394163	-0.088420264	3.3714936e-05	18850.10390663147
233	1.4245842	0.053183455	1.4727157	1.3439517	0.30856794	0.06342563	0.42669314	0.19134624	1000.0	1000.0	931999	0.085349865	0.04429852	0.4104298	-1.2241496	-0.08472911	4.0249237e-05	18933.589945793152
234	1.4623449	0.16486913	1.7189314	1.2997082	0.29923564	0.061673168	0.46003458	0.22805989	1000.0	1000.0	935999	0.0835471	0.04497684	0.46508908	-1.3639185	-0.083184	4.2481894e-05	19016.4586956501
235	1.4832274	0.13320671	1.6843626	1.3313316	0.33782375	0.04859558	0.44161436	0.2807789	1000.0	1000.0	939999	0.08637528	0.035971656	0.730931	-1.0426837	-0.086015746	2.8837261e-05	19099.594928979874
236	1.4346659	0.08290256	1.542396	1.3099653	0.32371444	0.09266282	0.49071142	0.18390907	1000.0	1000.0	943999	0.08649097	0.03564805	0.3532567	-1.261472	-0.08615471	3.0474566e-05	19182.810111045837
237	1.4081237	0.09854156	1.5735295	1.3172004	0.3350535	0.057951532	0.4197528	0.2447968	1000.0	1000.0	947999	0.090280145	0.04052309	0.43580902	-1.1313331	-0.08986291	3.3693974e-05	19266.13649225235
238	1.4124261	0.08575014	1.5455898	1.3231146	0.36903006	0.08058771	0.5352445	0.245173	1000.0	1000.0	951999	0.08719064	0.033186395	0.36026445	-0.8403541	-0.08669905	2.8593402e-05	19349.620341062546
239	1.4074693	0.08704197	1.4973546	1.2894909	0.34216	0.0599379	0.45999655	0.25112078	1000.0	1000.0	955999	0.08772494	0.03353262	0.46326	-1.0059503	-0.08730473	2.942486e-05	19433.218096494675
240	1.4558345	0.05649591	1.511562	1.3669229	0.29848865	0.07165588	0.45049143	0.16890547	1000.0	1000.0	959999	0.08747927	0.035951864	0.412662	-0.937011	-0.087062806	2.9898662e-05	19516.564230918884
241	1.4836562	0.071824305	1.58163	1.3853441	0.3149108	0.06329638	0.45037198	0.24391758	1000.0	1000.0	963999	0.08526793	0.039700665	0.35155284	-1.0887477	-0.08470681	3.436438e-05	19599.77477312088
242	1.2906309	0.109476484	1.4565111	1.1522595	0.32994026	0.041750077	0.39925417	0.26209414	1000.0	1000.0	967999	0.08088066	0.046021268	0.33000407	-1.4489797	-0.08017268	4.962179e-05	19683.105619192123
243	1.5010478	0.10565714	1.6000507	1.339265	0.30188128	0.04615725	0.35411194	0.19568555	1000.0	1000.0	971999	0.07958249	0.052205656	0.5179192	-1.5868739	-0.07901271	5.838204e-05	19766.519586086273
244	1.4150486	0.089904524	1.5589865	1.3245927	0.33976722	0.050811622	0.43437004	0.26539886	1000.0	1000.0	975999	0.0784021	0.045676194	0.3548359	-1.5560637	-0.077923015	4.5862318e-05	19849.911637067795
245	1.4126422	0.11751878	1.521915	1.2319657	0.30479866	0.03551896	0.37362763	0.25524163	1000.0	1000.0	979999	0.077118814	0.046618912	0.3740549	-1.4255582	-0.07653845	5.2509098e-05	19933.5117123127
246	1.4006985	0.06704238	1.4896454	1.305203	0.3433716	0.050560404	0.4414806	0.27372283	1000.0	1000.0	983999	0.07971969	0.052738175	0.37489694	-1.4590055	-0.07951014	5.8976406e-05	20016.982892751694
247	1.476676	0.038429484	1.5377228	1.4413407	0.32697988	0.0528979	0.43029362	0.25296077	1000.0	1000.0	987999	0.08511358	0.046608634	0.42858446	-1.3656435	-0.0847726	4.42786e-05	20100.20254802704
248	1.4900424	0.06286605	1.5587138	1.3931726	0.3709013	0.07350194	0.47854537	0.26969656	1000.0	1000.0	991999	0.08409029	0.0492141	0.31482187	-1.303601	-0.08349956	4.5587163e-05	20183.51673746109
249	1.4975963	0.07675839	1.6036685	1.4201876	0.33325508	0.05462227	0.41855052	0.2621024	1000.0	1000.0	995999	0.080995075	0.053783447	0.39922345	-1.3684053	-0.08043706	5.0827824e-05	20266.90430378914
250	1.3667783	0.072529346	1.4410119	1.277296	0.3570093	0.07183352	0.4680383	0.25053978	1000.0	1000.0	999999	0.07971393	0.048245426	0.42525804	-1.3707956	-0.07928415	4.389418e-05	20350.118454933167
251	1.4472854	0.13888629	1.64052	1.2490228	0.36788562	0.07496966	0.49219146	0.2557819	1000.0	1000.0	1003999	0.07893008	0.035670966	0.40460193	-1.1203372	-0.0783084	2.531805e-05	20433.891226291656
252	1.3801107	0.08343887	1.4824299	1.250264	0.32026154	0.06160932	0.47616136	0.2360843	1000.0	1000.0	1007999	0.07826088	0.032215174	0.3002737	-1.1162751	-0.07777365	1.8051891e-05	20517.431839227676
253	1.5162822	0.048380807	1.591905	1.466975	0.36327592	0.04746834	0.42865378	0.25629824	1000.0	1000.0	1011999	0.080111995	0.026378922	0.38991368	-0.9905697	-0.07971343	8.572605e-06	20601.194485902786
254	1.3893534	0.035176385	1.4214522	1.3299036	0.33113322	0.07570903	0.5389244	0.26222205	1000.0	1000.0	1015999	0.08326059	0.024262656	0.2912564	-0.8518051	-0.08301875	5.0625504e-06	20685.03177547455
255	1.3764526	0.085677646	1.4964031	1.2601649	0.33732826	0.07061629	0.45335343	0.2032269	1000.0	1000.0	1019999	0.087112404	0.021058	0.28130743	-0.48739532	-0.08686858	4.06233e-06	20768.893631219864
256	1.38576	0.07449369	1.487543	1.3021922	0.382617	0.06782182	0.50801677	0.30475268	1000.0	1000.0	1023999	0.08978545	0.021513702	0.28765988	-0.43992642	-0.08949527	3.4102427e-06	20852.600076675415
257	1.3478619	0.11270547	1.4923784	1.1825539	0.31524205	0.11241983	0.5422696	0.15741475	1000.0	1000.0	1027999	0.09085233	0.02161974	0.29059854	-0.39849544	-0.09048258	3.3270546e-06	20936.413068771362
258	1.4875519	0.048712194	1.5581899	1.420991	0.34982497	0.07346947	0.5317264	0.2731256	1000.0	1000.0	1031999	0.09074288	0.021310635	0.29161525	-0.40642247	-0.09032959	3.0184178e-06	21019.951169252396
259	1.3483183	0.12188234	1.4968272	1.1819499	0.34218922	0.0895045	0.5259547	0.17452618	1000.0	1000.0	1035999	0.08997896	0.020681828	0.29230708	-0.3160013	-0.08954134	3.0049669e-06	21103.706471443176
260	1.4500006	0.076367676	1.5333413	1.3402131	0.3415133	0.07916565	0.5468603	0.25505552	1000.0	1000.0	1039999	0.08933309	0.019574923	0.29357246	-0.08866775	-0.0889736	2.5120708e-06	21187.571993350983
261	1.4878793	0.1001753	1.5806835	1.3280227	0.37228	0.07803132	0.49302676	0.24301386	1000.0	1000.0	1043999	0.08921313	0.019343441	0.29676104	0.024403155	-0.08874429	2.7111698e-06	21271.526690244675
262	1.4308684	0.15582179	1.6713485	1.283097	0.3604363	0.071752466	0.46915174	0.23173617	1000.0	1000.0	1047999	0.08636315	0.018833473	0.29427114	0.04314378	-0.08577783	2.5840486e-06	21355.62207341194
263	1.3902981	0.055247776	1.4602847	1.3055004	0.34438586	0.06055697	0.45930758	0.2749295	1000.0	1000.0	1051999	0.08369721	0.018908558	0.29295012	0.027759492	-0.083156854	2.6526454e-06	21439.70611691475
264	1.4620361	0.11846116	1.6312907	1.3126119	0.3100811	0.03658739	0.37913868	0.26467606	1000.0	1000.0	1055999	0.081630915	0.018913778	0.2922613	0.03003338	-0.081069075	2.9460184e-06	21523.885237693787
265	1.4107156	0.11888066	1.5553133	1.2574408	0.33631116	0.11229765	0.49859005	0.12828721	1000.0	1000.0	1059999	0.07912864	0.019434279	0.2916921	0.013091773	-0.07848423	2.6813314e-06	21607.706750631332
266	1.5807632	0.11971695	1.7753878	1.4562212	0.34575167	0.046214085	0.41736266	0.2833682	1000.0	1000.0	1063999	0.07689007	0.01967461	0.29080924	0.02685824	-0.076334715	2.7708807e-06	21691.689685583115
267	1.3503473	0.047403764	1.4022323	1.2863873	0.35046157	0.067459665	0.4781173	0.2467446	1000.0	1000.0	1067999	0.07600304	0.0196335	0.2923584	0.018922001	-0.075425036	2.6891278e-06	21775.8783762455
268	1.4617126	0.072932154	1.5552163	1.3731706	0.33630744	0.08479381	0.48504245	0.24164996	1000.0	1000.0	1071999	0.074805036	0.019821377	0.29594186	0.011360556	-0.07423079	2.6623136e-06	21860.258769750595
269	1.3873246	0.022513635	1.4246314	1.3676965	0.3483954	0.076803304	0.49588728	0.1910779	1000.0	1000.0	1075999	0.07382529	0.019793598	0.29636943	0.018977761	-0.07324034	2.7533094e-06	21944.587194681168
270	1.4303832	0.07529711	1.5307463	1.3467091	0.35361573	0.043688927	0.44635105	0.2948193	1000.0	1000.0	1079999	0.07269999	0.019621601	0.29560062	-0.011526257	-0.07210341	3.0349954e-06	22029.28642296791
271	1.4896941	0.03337118	1.5473502	1.4669964	0.34719455	0.06448935	0.45352545	0.24557464	1000.0	1000.0	1083999	0.071920894	0.01986948	0.29467183	-0.011375934	-0.07131413	2.5977292e-06	22113.889867067337
272	1.37328	0.07148185	1.4825423	1.294625	0.34233227	0.062757954	0.42109516	0.22113043	1000.0	1000.0	1087999	0.07089264	0.01954241	0.29243174	0.0067744553	-0.070283815	2.537373e-06	22198.387491226196
273	1.2659116	0.11019834	1.3879663	1.0935143	0.3712336	0.08554723	0.53950727	0.26645187	1000.0	1000.0	1091999	0.07037195	0.019587291	0.2905465	-0.04700029	-0.069779724	2.5820987e-06	22283.05679655075
274	1.4512511	0.09518969	1.5994675	1.336267	0.3511524	0.08463747	0.46158403	0.13710895	1000.0	1000.0	1095999	0.06966592	0.019791858	0.28943717	-0.003350228	-0.06903554	2.6336206e-06	22367.62414622307
275	1.4353328	0.09240172	1.568025	1.3284713	0.3347716	0.060347762	0.46700573	0.24378219	1000.0	1000.0	1099999	0.06835534	0.019967074	0.2894626	-0.01427865	-0.067709364	2.4806652e-06	22452.26059794426
276	1.5028522	0.13925311	1.6736085	1.285409	0.36317152	0.08061684	0.4967539	0.24271047	1000.0	1000.0	1103999	0.067442164	0.01975276	0.2898399	-0.025461257	-0.06678899	2.788201e-06	22537.09563088417
277	1.361985	0.055297084	1.4401927	1.2923937	0.2985366	0.06835078	0.37784603	0.10907093	1000.0	1000.0	1107999	0.06632768	0.020047287	0.289775	-0.044935346	-0.06566135	2.4535236e-06	22622.052963256836
278	1.437433	0.049144644	1.5212673	1.4004993	0.3874654	0.08469613	0.53367054	0.2481005	1000.0	1000.0	1111999	0.065296955	0.02026768	0.2931324	-0.015337437	-0.06462105	2.492086e-06	22706.874319076538
279	1.3296641	0.07610624	1.4187187	1.2203416	0.33879852	0.06907475	0.46867648	0.22059059	1000.0	1000.0	1115999	0.06410705	0.020147027	0.2948032	-0.0075360537	-0.063414	2.5985087e-06	22791.5842962265
280	1.4404137	0.070616476	1.5359886	1.3488252	0.3358571	0.05865465	0.4664816	0.27765387	1000.0	1000.0	1119999	0.062936775	0.02039304	0.29506052	-0.043727398	-0.062238485	2.663041e-06	22876.15787911415
281	1.3329712	0.08037438	1.395095	1.1964594	0.31018156	0.08058151	0.3955259	0.10574203	1000.0	1000.0	1123999	0.061900835	0.020048175	0.29286098	-0.033482283	-0.0612035	2.6978119e-06	22960.677968025208
282	1.4225786	0.10199885	1.5273032	1.319997	0.329416	0.05072583	0.40547356	0.25122073	1000.0	1000.0	1127999	0.06137462	0.020464806	0.2903887	-0.020024866	-0.060693298	2.4116732e-06	23045.36316871643
283	1.3643731	0.06639722	1.4477487	1.2891192	0.3329514	0.05049817	0.44113222	0.2427388	1000.0	1000.0	1131999	0.06073916	0.020403758	0.29175594	-0.0458602	-0.060049374	2.6756777e-06	23129.9287006855
284	1.5225139	0.06190314	1.5713464	1.4167204	0.30016106	0.0839722	0.5051992	0.16329461	1000.0	1000.0	1135999	0.06063576	0.020209707	0.29135677	-0.015654027	-0.059961252	2.5975612e-06	23214.544548034668
285	1.4248621	0.10933026	1.5840087	1.3040488	0.33043605	0.051538702	0.4226783	0.2386893	1000.0	1000.0	1139999	0.060294703	0.020581394	0.29152787	-0.01610291	-0.059604768	2.6255534e-06	23299.050921678543
286	1.3591745	0.0458087	1.435674	1.3138775	0.3593167	0.06640753	0.4928298	0.251954	1000.0	1000.0	1143999	0.059853517	0.020488761	0.29250303	-0.04171142	-0.059163466	2.5369282e-06	23383.888855218887
287	1.4626186	0.15897235	1.6823825	1.2394583	0.37466604	0.07169713	0.48980355	0.29029095	1000.0	1000.0	1147999	0.059377946	0.020593373	0.29082662	-0.018883586	-0.058671623	2.6851087e-06	23468.812382221222
288	1.4104894	0.085401535	1.5219077	1.2882019	0.31277838	0.08875568	0.45650095	0.16969062	1000.0	1000.0	1151999	0.05897268	0.021067295	0.2908378	-0.011918724	-0.058270905	2.4514416e-06	23553.42028951645
289	1.4674202	0.052726958	1.5411553	1.4077591	0.33204633	0.056604527	0.42290863	0.2580014	1000.0	1000.0	1155999	0.05856375	0.020885881	0.2918601	-0.0233441	-0.05788156	2.5148624e-06	23637.92131304741
290	1.4459454	0.08474316	1.5668231	1.3281966	0.3476638	0.08522096	0.48182553	0.20265204	1000.0	1000.0	1159999	0.058570977	0.02036732	0.28913715	-0.03346944	-0.057896033	2.6470275e-06	23722.732609033585
291	1.4377179	0.051270083	1.5092293	1.3778479	0.35046005	0.07937781	0.49538463	0.23122042	1000.0	1000.0	1163999	0.058586508	0.02065851	0.2984805	-0.09426084	-0.057891168	2.4428982e-06	23807.48444032669
292	1.4750733	0.06299257	1.582003	1.4197544	0.33686164	0.08060769	0.49101523	0.14854005	1000.0	1000.0	1167999	0.05789415	0.020804964	0.2909874	-0.024021715	-0.057175826	2.6665848e-06	23892.43688607216
293	1.3382095	0.13720962	1.5355498	1.1614107	0.33771855	0.06252546	0.47053236	0.25270566	1000.0	1000.0	1171999	0.05776874	0.020809954	0.28924668	-0.04628557	-0.0570773	2.4068147e-06	23977.44775724411
294	1.35484	0.07223122	1.4173437	1.2321157	0.35307133	0.08994472	0.5081911	0.23652771	1000.0	1000.0	1175999	0.057494223	0.020788956	0.29016715	-0.031853855	-0.05678122	2.4459669e-06	24062.33490562439
295	1.393335	0.03041488	1.4318022	1.3587743	0.3136527	0.062322866	0.4534496	0.21395704	1000.0	1000.0	1179999	0.05718006	0.020978302	0.29001948	-0.05616048	-0.056476913	2.4360313e-06	24147.172337293625
296	1.424748	0.05999558	1.4884213	1.32687	0.34209004	0.05002679	0.45664895	0.2923177	1000.0	1000.0	1183999	0.057544947	0.020665267	0.2905569	-0.039393276	-0.05687192	2.7336011e-06	24231.873475551605
297	1.5110633	0.040235177	1.5689434	1.4594116	0.36581546	0.06581419	0.49131778	0.29312325	1000.0	1000.0	1187999	0.057855424	0.020852605	0.2888965	-0.028509527	-0.057168674	2.4158376e-06	24316.583719730377
298	1.510338	0.09791827	1.6004142	1.3480195	0.35085934	0.08151511	0.5333472	0.24186945	1000.0	1000.0	1191999	0.057868227	0.021068055	0.28920224	-0.04627335	-0.057168297	2.5873028e-06	24401.435349941254
299	1.4845546	0.056030538	1.5635324	1.4091098	0.29900077	0.057406344	0.41205525	0.19426693	1000.0	1000.0	1195999	0.057504028	0.021147896	0.29041663	-0.034677148	-0.05679647	2.3540888e-06	24486.36607837677
300	1.3782955	0.0644368	1.4507252	1.30083	0.37515575	0.09517206	0.55181026	0.25484157	1000.0	1000.0	1199999	0.057486378	0.021460198	0.28991854	-0.032801956	-0.056796443	2.4182398e-06	24571.389815807343
301	1.4834172	0.11850855	1.6205592	1.3407015	0.31212145	0.06990208	0.40696624	0.17517565	1000.0	1000.0	1203999	0.057063647	0.021381961	0.29361376	-0.08294371	-0.056358963	2.4072294e-06	24656.190950870514
302	1.4686278	0.019147249	1.4896355	1.4467087	0.3452571	0.0889022	0.4767631	0.2342946	1000.0	1000.0	1207999	0.056698155	0.02133283	0.29340917	-0.049132645	-0.056004	2.62216e-06	24741.17694711685
303	1.4309237	0.16089548	1.7011778	1.2937223	0.36338723	0.06799959	0.48646182	0.25912338	1000.0	1000.0	1211999	0.056737617	0.02118353	0.29378575	-0.035951853	-0.05604685	2.3786233e-06	24826.05668282509
304	1.3745544	0.051602967	1.4399405	1.3022854	0.34884816	0.070382446	0.4779387	0.27215806	1000.0	1000.0	1215999	0.05658721	0.021618575	0.2941694	-0.057804197	-0.055875786	2.489738e-06	24910.919770240784
305	1.3757782	0.13555886	1.5251619	1.1556444	0.3180735	0.054686442	0.4078128	0.23974133	1000.0	1000.0	1219999	0.05651996	0.02175031	0.2957962	-0.0632751	-0.055829644	2.4637923e-06	24995.68735742569
306	1.4440234	0.08122685	1.5694306	1.3513472	0.31537306	0.043058094	0.3877079	0.23036592	1000.0	1000.0	1223999	0.056430064	0.021493569	0.29458335	-0.013144642	-0.05574257	2.3353457e-06	25080.444586992264
307	1.4114552	0.12871142	1.6201885	1.2966695	0.35563648	0.061397273	0.53334343	0.31062308	1000.0	1000.0	1227999	0.056730058	0.021443892	0.29386806	-0.03472507	-0.056068875	2.4120632e-06	25165.17775630951
308	1.3828992	0.07519643	1.5115147	1.3273952	0.35944033	0.069629215	0.4973627	0.23789914	1000.0	1000.0	1231999	0.05716156	0.02134862	0.29569596	-0.06076801	-0.056485996	2.4943838e-06	25249.84734392166
309	1.4247694	0.03671345	1.4669513	1.3697109	0.32776958	0.08571968	0.5170096	0.16335675	1000.0	1000.0	1235999	0.057225708	0.021444898	0.29671815	-0.040878862	-0.056547724	2.4449732e-06	25334.514430999756
310	1.399152	0.08878934	1.5303202	1.313483	0.35681218	0.08627642	0.54307365	0.22772141	1000.0	1000.0	1239999	0.057386044	0.021701898	0.29849955	-0.018830061	-0.056698214	2.4192711e-06	25419.353526592255
311	1.385405	0.120041564	1.4891717	1.1833322	0.3033539	0.05860672	0.39868703	0.22575979	1000.0	1000.0	1243999	0.05720888	0.021405064	0.29846692	-0.034906387	-0.056541923	2.3223704e-06	25504.32692837715
312	1.4435731	0.12999873	1.5674622	1.2250124	0.34698913	0.034289364	0.3993225	0.2881054	1000.0	1000.0	1247999	0.057767007	0.021694113	0.2977981	-0.004405558	-0.057118148	2.3199277e-06	25588.918769836426
313	1.3781126	0.15200199	1.6019839	1.2039366	0.34865895	0.0972692	0.50452006	0.23078254	1000.0	1000.0	1251999	0.058137022	0.021593435	0.2970121	-0.05972579	-0.05747931	2.7074345e-06	25673.39142394066
314	1.4656906	0.12237579	1.5871584	1.3099649	0.3400198	0.054880656	0.44447222	0.26381567	1000.0	1000.0	1255999	0.058394305	0.021218576	0.29412615	-0.026869476	-0.05774109	2.2542897e-06	25757.9254488945
315	1.5021207	0.113629505	1.626168	1.3401458	0.31875986	0.09032919	0.4951466	0.15175185	1000.0	1000.0	1259999	0.058894604	0.021549897	0.29227552	0.003617525	-0.05825851	2.4018477e-06	25842.68500995636
316	1.3807912	0.114212535	1.5696096	1.2778567	0.33314517	0.07863738	0.4685255	0.18667053	1000.0	1000.0	1263999	0.05953727	0.021578845	0.2925506	-0.027275354	-0.05890571	2.53064e-06	25927.382551670074
317	1.4583211	0.13431819	1.5888565	1.2725395	0.32634288	0.054899704	0.4063577	0.24662395	1000.0	1000.0	1267999	0.05979074	0.02132748	0.29179838	-0.039396256	-0.059132807	2.3280581e-06	26012.18852829933
318	1.4129549	0.07374155	1.5025412	1.3034921	0.3041628	0.020128068	0.32904458	0.26164177	1000.0	1000.0	1271999	0.059515353	0.021600934	0.29105926	-0.050440937	-0.058831975	2.249587e-06	26097.03047990799
319	1.374749	0.06773926	1.4424374	1.2618548	0.38893598	0.058911294	0.50544727	0.2982443	1000.0	1000.0	1275999	0.059370067	0.021542052	0.28950414	0.0024673045	-0.058707047	2.1902147e-06	26181.89670777321
320	1.446038	0.0790945	1.5670314	1.3502669	0.32012638	0.05072386	0.43291065	0.25189167	1000.0	1000.0	1279999	0.059742954	0.021478565	0.28934497	-0.08773029	-0.059103414	2.1179733e-06	26266.772356033325
321	1.4967281	0.08320148	1.6068779	1.414885	0.3233784	0.067938335	0.40051067	0.17586322	1000.0	1000.0	1283999	0.060230866	0.02135406	0.29053918	-0.046818018	-0.059589647	2.2562435e-06	26351.675619125366
322	1.4926424	0.10899703	1.6214081	1.3258798	0.3200706	0.05316314	0.38314018	0.23391916	1000.0	1000.0	1287999	0.060724564	0.021429762	0.2896963	-0.057513833	-0.060101446	2.206819e-06	26436.565981388092
323	1.3987964	0.070289254	1.4973334	1.3021065	0.3256204	0.056059673	0.4293362	0.26050764	1000.0	1000.0	1291999	0.06140485	0.021489099	0.29056048	-0.018817365	-0.06079379	2.0848108e-06	26521.566180944443
324	1.3657223	0.054251708	1.420899	1.2804865	0.3319441	0.10165598	0.53287005	0.19260563	1000.0	1000.0	1295999	0.061862692	0.02140141	0.29255414	-0.027167141	-0.06124219	2.0317543e-06	26606.66973876953
325	1.4390029	0.19586352	1.7710698	1.2629167	0.30105558	0.06510205	0.38134417	0.18526983	1000.0	1000.0	1299999	0.062180314	0.021406062	0.29463005	-0.03625062	-0.061562862	2.4458539e-06	26691.647998571396
326	1.3910002	0.11603309	1.5578309	1.2357725	0.3072093	0.05868384	0.4046899	0.17547442	1000.0	1000.0	1303999	0.062563404	0.02142721	0.29727817	-0.021199554	-0.061951134	2.5401603e-06	26776.516013383865
327	1.4885167	0.074446276	1.5561647	1.3631355	0.3158806	0.070317544	0.42267406	0.21364073	1000.0	1000.0	1307999	0.06277481	0.021800216	0.30018738	0.001450777	-0.062140238	2.2633596e-06	26861.274703264236
328	1.4653475	0.10995116	1.6452296	1.3543141	0.32450724	0.0756287	0.4893227	0.2392293	1000.0	1000.0	1311999	0.06283867	0.02182267	0.29997307	-0.058496475	-0.062213715	2.3004268e-06	26945.474402189255
329	1.5249975	0.14898771	1.7067499	1.3192016	0.3394461	0.08798332	0.49472767	0.19407101	1000.0	1000.0	1315999	0.06313162	0.022268254	0.3033096	-0.046420038	-0.06252373	2.2307809e-06	27029.909773349762
330	1.3725581	0.10892612	1.5282214	1.2641103	0.3160373	0.057663273	0.41339797	0.1939769	1000.0	1000.0	1319999	0.06307063	0.022185612	0.3061802	-0.013189822	-0.062454212	2.1753785e-06	27114.811388015747
331	1.4444519	0.06653261	1.5538691	1.3756535	0.35521594	0.07645212	0.48828292	0.2531674	1000.0	1000.0	1323999	0.06299937	0.022149306	0.3079787	0.0023634136	-0.062381424	2.075601e-06	27199.76049566269
332	1.39362	0.07898513	1.5125487	1.2919618	0.32987604	0.08152365	0.4932413	0.20914985	1000.0	1000.0	1327999	0.06284104	0.022110913	0.30893812	-0.017563194	-0.062217865	2.213677e-06	27284.669304847717
333	1.4150279	0.10470129	1.5656569	1.3119233	0.3177564	0.05837176	0.42705473	0.22183353	1000.0	1000.0	1331999	0.06281782	0.022174854	0.30895877	-0.0040411055	-0.062176906	2.0240782e-06	27369.575115203857
334	1.4008969	0.17226276	1.6387439	1.1539088	0.36189482	0.0871133	0.49632183	0.24541165	1000.0	1000.0	1335999	0.06220853	0.021790056	0.3098158	-0.011601359	-0.06155461	2.108397e-06	27454.510831594467
335	1.4361323	0.107956454	1.5164924	1.2535388	0.34834808	0.05700227	0.47540942	0.26642662	1000.0	1000.0	1339999	0.06229769	0.022124354	0.31030452	-0.04311976	-0.061670348	2.1396434e-06	27539.211876153946
336	1.3881809	0.043549273	1.4404049	1.3385605	0.3196558	0.074765705	0.44883046	0.19857253	1000.0	1000.0	1343999	0.06208976	0.022002555	0.31051868	0.004463136	-0.06144838	2.1488197e-06	27623.669264554977
337	1.4536119	0.026079526	1.4758476	1.4099956	0.30565363	0.09446325	0.52756304	0.20953158	1000.0	1000.0	1347999	0.062182467	0.022136522	0.30900523	-0.019547999	-0.06155731	2.2410172e-06	27708.228304862976
338	1.4624206	0.2037161	1.7113199	1.1473343	0.3737118	0.09327717	0.5326364	0.20980068	1000.0	1000.0	1351999	0.062053096	0.022075702	0.3084571	-0.009922564	-0.06140799	2.1525348e-06	27793.00332713127
339	1.3283089	0.07569146	1.4060829	1.222626	0.3547154	0.08433026	0.5210645	0.25598463	1000.0	1000.0	1355999	0.061793905	0.022029696	0.30777553	-0.012542874	-0.06115777	2.1715698e-06	27877.741743564606
340	1.4798461	0.10946266	1.6273406	1.3339734	0.30431595	0.049743	0.39860594	0.24408819	1000.0	1000.0	1359999	0.061838817	0.021967378	0.30838293	0.0067819357	-0.06120559	2.1587473e-06	27962.59770011902
341	1.4599303	0.05171295	1.5206393	1.3799697	0.3198395	0.040946376	0.38674462	0.22536595	1000.0	1000.0	1363999	0.06164585	0.022298794	0.30940083	-0.012364656	-0.060999535	2.0723244e-06	28047.621940135956
342	1.4310145	0.0635429	1.5037236	1.3670983	0.3621035	0.058347482	0.50692034	0.30272305	1000.0	1000.0	1367999	0.061714232	0.022528091	0.311732	-0.02357164	-0.061067864	2.1619917e-06	28132.536605596542
343	1.3406942	0.07421343	1.4172533	1.2254862	0.35570753	0.07138808	0.5276177	0.2702114	1000.0	1000.0	1371999	0.06134066	0.022302976	0.31185636	-0.052379727	-0.0606932	2.2555898e-06	28217.6250975132
344	1.3974301	0.051462386	1.4536018	1.3282871	0.3394415	0.07007508	0.49481335	0.26915294	1000.0	1000.0	1375999	0.061211005	0.022150615	0.310462	-0.022455484	-0.0605763	2.206061e-06	28302.475444078445
345	1.4257625	0.12365215	1.5761633	1.3001308	0.3034379	0.08550647	0.5095877	0.1446982	1000.0	1000.0	1379999	0.06158502	0.022156846	0.30844837	-0.0135158	-0.060976647	2.0393902e-06	28387.28106188774
346	1.4937863	0.0835879	1.6009258	1.3822613	0.329072	0.099841505	0.52777606	0.21768257	1000.0	1000.0	1383999	0.061879437	0.02209785	0.30680534	-0.029344738	-0.061249737	2.1303233e-06	28472.143623113632
347	1.4937608	0.04295015	1.5505404	1.4360311	0.3815107	0.073866576	0.49958357	0.2664672	1000.0	1000.0	1387999	0.062147275	0.022370843	0.30824643	-0.04368812	-0.06152267	2.0892803e-06	28557.035616636276
348	1.4830294	0.04690725	1.521373	1.4027792	0.3517223	0.073069304	0.5396132	0.26365596	1000.0	1000.0	1391999	0.062285036	0.02204448	0.30892852	-0.02232346	-0.06167112	2.0114153e-06	28641.905751228333
349	1.3896952	0.116922885	1.5356734	1.2433568	0.31500602	0.03870502	0.37057605	0.23760472	1000.0	1000.0	1395999	0.06240449	0.021763133	0.30813265	-0.05901274	-0.061787155	2.2105164e-06	28726.714678049088
350	1.4472303	0.09364184	1.6070939	1.3708277	0.3818539	0.07242356	0.5094011	0.28709802	1000.0	1000.0	1399999	0.06279566	0.022126105	0.30780426	-0.019221544	-0.0621811	2.241908e-06	28811.5189139843
351	1.4159317	0.061449554	1.4906723	1.322089	0.33657748	0.072571404	0.49633184	0.22128405	1000.0	1000.0	1403999	0.06271373	0.02194001	0.3080644	-0.06614074	-0.06208926	2.2542304e-06	28896.570321321487
352	1.4547682	0.07938714	1.5633644	1.349791	0.35628605	0.0810117	0.48385388	0.23784672	1000.0	1000.0	1407999	0.06256582	0.022208596	0.30796108	-0.031159043	-0.061911397	2.0514606e-06	28981.67225575447
353	1.5219258	0.07621839	1.5940049	1.4075494	0.3321046	0.07483415	0.488335	0.22960576	1000.0	1000.0	1411999	0.06217627	0.022194635	0.30789196	0.0008020401	-0.061528627	2.0569605e-06	29066.742009162903
354	1.418502	0.043188162	1.4625047	1.3494971	0.3153399	0.08656992	0.5007847	0.17100756	1000.0	1000.0	1415999	0.061558194	0.022064116	0.3079681	0.0058472455	-0.06089538	1.933727e-06	29151.43470644951
355	1.4085648	0.07166496	1.5011762	1.3109984	0.35260582	0.094299555	0.51368797	0.16983262	1000.0	1000.0	1419999	0.061166637	0.02193854	0.30781066	-0.056015015	-0.060501806	2.3564166e-06	29236.188098430634
356	1.3778069	0.10790852	1.5580882	1.2802007	0.3424735	0.06980945	0.52320963	0.2569432	1000.0	1000.0	1423999	0.060702134	0.022022266	0.30500257	-0.003697753	-0.06003136	2.0554496e-06	29321.457573652267
357	1.461944	0.10975945	1.6361793	1.3461725	0.36586156	0.06909955	0.4955356	0.27475408	1000.0	1000.0	1427999	0.060077403	0.022012018	0.306294	-0.020498365	-0.059387397	2.026463e-06	29406.4321539402
358	1.4197698	0.15533076	1.6793609	1.2667882	0.31753573	0.044218123	0.39017433	0.2340516	1000.0	1000.0	1431999	0.05942102	0.021829039	0.30571112	-0.023124933	-0.05872956	1.9304023e-06	29491.500858068466
359	1.4358765	0.17483184	1.6043836	1.1698383	0.3626803	0.07361165	0.4508267	0.22321323	1000.0	1000.0	1435999	0.05915283	0.021686116	0.3060048	-0.0056169033	-0.05848249	2.062078e-06	29576.51620364189
360	1.4053308	0.033550803	1.4592988	1.3673551	0.32062086	0.09283575	0.506053	0.17212507	1000.0	1000.0	1439999	0.059003368	0.021884507	0.30122545	-0.026828796	-0.058331046	1.9100528e-06	29661.52237510681
361	1.4192867	0.03128132	1.4585878	1.3736424	0.3292196	0.079100326	0.47743958	0.21029684	1000.0	1000.0	1443999	0.058818378	0.022067852	0.30067006	-0.030550212	-0.05814119	1.9263696e-06	29746.574353456497
362	1.3701392	0.10531154	1.5271364	1.2528431	0.31206757	0.06593122	0.38732764	0.1456286	1000.0	1000.0	1447999	0.05837668	0.022133164	0.30247334	-0.025770724	-0.05768148	1.9680965e-06	29831.435710668564
363	1.4104238	0.10494999	1.5423969	1.2809273	0.3534268	0.078206554	0.52772105	0.26638663	1000.0	1000.0	1451999	0.05803988	0.021868616	0.30360764	-0.021856517	-0.05735093	1.9170911e-06	29916.44512271881
364	1.3708835	0.115666725	1.5466934	1.2239442	0.3436635	0.086378254	0.481025	0.2011677	1000.0	1000.0	1455999	0.057447832	0.02191715	0.3045618	0.00560537	-0.056737833	1.9726579e-06	30001.20141196251
365	1.401575	0.07911479	1.5366862	1.3406906	0.3108801	0.07626064	0.41130602	0.14538759	1000.0	1000.0	1459999	0.056906886	0.021927603	0.30484158	-0.008018047	-0.056194693	1.881169e-06	30086.014293432236
366	1.5213798	0.14452004	1.6730453	1.3631465	0.3357586	0.05538666	0.44482604	0.2501223	1000.0	1000.0	1463999	0.056626767	0.02201499	0.30483076	-0.043182462	-0.055932473	2.0369005e-06	30170.891612291336
367	1.3961844	0.1572171	1.5493166	1.136522	0.33502203	0.07738942	0.49667063	0.20078799	1000.0	1000.0	1467999	0.05611141	0.022149349	0.30646262	0.0008049607	-0.05539184	1.8729326e-06	30255.83550786972
368	1.4331894	0.045944195	1.4789048	1.358212	0.34282702	0.10062069	0.53483856	0.22182366	1000.0	1000.0	1471999	0.05555898	0.022106176	0.30540732	-0.025615454	-0.054850705	1.9942252e-06	30340.99062037468
369	1.3622223	0.0455399	1.4070163	1.2879642	0.2987551	0.06473577	0.39194992	0.1612411	1000.0	1000.0	1475999	0.05532787	0.021953726	0.30174676	-0.043829143	-0.05460591	1.8850479e-06	30425.886402606964
370	1.3358814	0.11186479	1.4809341	1.1962023	0.32774574	0.054841906	0.43069562	0.2375048	1000.0	1000.0	1479999	0.05507752	0.022216206	0.30153814	-0.0077416003	-0.054362662	1.8454641e-06	30510.58798789978
371	1.5106915	0.055822026	1.5926135	1.4349753	0.31934595	0.03539259	0.3774784	0.24477124	1000.0	1000.0	1483999	0.054957565	0.022134908	0.30334416	-0.038388968	-0.05423982	1.8517289e-06	30595.433700323105
372	1.4393559	0.05045798	1.5053291	1.3694597	0.3117531	0.06706607	0.38870654	0.14097235	1000.0	1000.0	1487999	0.055097915	0.022173455	0.30451822	-0.038098484	-0.05441513	1.868452e-06	30680.322977542877
373	1.3713582	0.09158801	1.4510252	1.2154828	0.38617617	0.07960875	0.5339832	0.27809495	1000.0	1000.0	1491999	0.05520487	0.022178998	0.30391976	-0.016397446	-0.054506678	1.9561812e-06	30765.06817817688
374	1.4417055	0.093452856	1.5471469	1.33648	0.31053704	0.054226637	0.42143595	0.20988718	1000.0	1000.0	1495999	0.05541654	0.021999147	0.30227458	-0.017431706	-0.054735497	1.8023073e-06	30849.741888284683
375	1.3579413	0.10260192	1.4540609	1.2040757	0.35066175	0.058737155	0.4303207	0.23579134	1000.0	1000.0	1499999	0.055771094	0.022115612	0.30287135	-0.021377623	-0.055087723	1.946841e-06	30934.39045190811
376	1.3948672	0.051032897	1.476143	1.3416504	0.32226753	0.06844797	0.4721642	0.2430134	1000.0	1000.0	1503999	0.056157064	0.021922559	0.30295804	-0.008943498	-0.05547737	1.9689435e-06	31019.391013145447
377	1.3574057	0.07965302	1.4842352	1.2741252	0.3717394	0.07985788	0.4935647	0.23616156	1000.0	1000.0	1507999	0.056461066	0.02185918	0.30330434	-0.0061555803	-0.055776775	1.7564e-06	31104.321270227432
378	1.3784655	0.09614074	1.515299	1.2504036	0.30801654	0.04539096	0.38422972	0.22912833	1000.0	1000.0	1511999	0.056429595	0.022022547	0.30414295	0.0016578138	-0.055730343	1.918734e-06	31188.88348889351
379	1.4276637	0.020280622	1.4575998	1.4077564	0.36016983	0.07536684	0.49821138	0.2519062	1000.0	1000.0	1515999	0.056569472	0.022177558	0.3047496	-0.018966377	-0.055905756	1.941584e-06	31273.442912340164
380	1.3309128	0.074430615	1.4170437	1.2507079	0.3725059	0.06676786	0.5045508	0.28470385	1000.0	1000.0	1519999	0.05664822	0.021958932	0.3036926	-0.01883936	-0.05596875	1.983162e-06	31358.24816918373
381	1.3815217	0.10152122	1.5332211	1.2481053	0.35088038	0.0459806	0.4292015	0.2672893	1000.0	1000.0	1523999	0.056714535	0.021880358	0.30435902	-0.013152659	-0.056037888	1.9172273e-06	31442.76948094368
382	1.3174393	0.13274787	1.4551051	1.1618403	0.33197078	0.05469359	0.4027949	0.22388637	1000.0	1000.0	1527999	0.057033233	0.02177831	0.30290422	-0.0011597276	-0.056377206	1.8299962e-06	31527.667177438736
383	1.3871961	0.11921295	1.5427818	1.2209709	0.33301046	0.061041933	0.41772348	0.23391666	1000.0	1000.0	1531999	0.05719726	0.021810483	0.30289018	-0.0056372583	-0.056530487	1.9677348e-06	31612.74045228958
384	1.4576694	0.09539857	1.5904136	1.3583066	0.3450396	0.09210308	0.49272448	0.14988515	1000.0	1000.0	1535999	0.057422623	0.02192109	0.3046177	-0.00028574467	-0.056753676	2.0099837e-06	31697.861337423325
385	1.372757	0.1449318	1.5531235	1.148155	0.38169295	0.070996016	0.5248728	0.30076283	1000.0	1000.0	1539999	0.05737891	0.02165969	0.3042796	-0.056606352	-0.056685586	2.018187e-06	31782.91983819008
386	1.3639627	0.13473086	1.5210774	1.1907682	0.3211036	0.065879695	0.42345697	0.23179054	1000.0	1000.0	1543999	0.05742887	0.021709295	0.30561402	-0.027882397	-0.0567567	1.8687972e-06	31867.961393594742
387	1.4919537	0.0778481	1.5854343	1.4055114	0.30338475	0.06860069	0.45211026	0.19703953	1000.0	1000.0	1547999	0.057455704	0.021688297	0.30581507	-0.021937728	-0.056788865	1.6999327e-06	31952.918957948685
388	1.5334146	0.095798634	1.6461757	1.4041033	0.28386614	0.06747456	0.38478988	0.10978292	1000.0	1000.0	1551999	0.057678092	0.021634532	0.3052018	-0.048206657	-0.05703126	2.0103396e-06	32037.950582027435
389	1.5252342	0.06459053	1.6095394	1.431795	0.34692606	0.08506484	0.49156326	0.23794232	1000.0	1000.0	1555999	0.058025625	0.021634297	0.30452663	-0.012867242	-0.057358567	1.9655145e-06	32122.87109518051
390	1.4662	0.07856644	1.5497807	1.3382909	0.33702463	0.063194826	0.45047423	0.2736382	1000.0	1000.0	1559999	0.05807582	0.021651488	0.3049629	-0.028466642	-0.057394415	1.8317238e-06	32207.698302984238
391	1.3928003	0.14939593	1.5985117	1.1802926	0.37641177	0.073124036	0.5167298	0.2676296	1000.0	1000.0	1563999	0.05819064	0.021822792	0.30561215	-0.008882523	-0.057536673	1.9620277e-06	32292.573076725006
392	1.4641521	0.0537345	1.5365943	1.3985127	0.3312084	0.06591186	0.41162437	0.22328667	1000.0	1000.0	1567999	0.05858581	0.021722896	0.30653787	-0.029714435	-0.05792064	1.8812563e-06	32377.47459602356
393	1.4005656	0.057755977	1.462521	1.3284428	0.34497112	0.07909289	0.55278176	0.23178628	1000.0	1000.0	1571999	0.058438	0.022131464	0.30611035	-0.034869075	-0.05776712	1.8743734e-06	32462.5819003582
394	1.3450214	0.06183386	1.3966855	1.2410778	0.30606905	0.10352357	0.45937818	0.11274578	1000.0	1000.0	1575999	0.058590356	0.021735886	0.30647394	-0.021970212	-0.057928756	1.7895958e-06	32547.65124297142
395	1.3624084	0.075427696	1.4486967	1.2452134	0.371393	0.06276593	0.49402687	0.27058437	1000.0	1000.0	1579999	0.05859228	0.021783061	0.30580854	0.0060301423	-0.057947565	1.7567719e-06	32632.514931440353
396	1.5055048	0.03113119	1.5393928	1.456891	0.32741985	0.06703468	0.46367604	0.22741666	1000.0	1000.0	1583999	0.058913413	0.021397192	0.30528307	-0.02206266	-0.058264237	1.8926838e-06	32717.308282136917
397	1.4454379	0.052715227	1.5074891	1.376498	0.32813907	0.05777031	0.43545178	0.2619694	1000.0	1000.0	1587999	0.059434775	0.021239216	0.30401146	0.00401929	-0.0588187	1.7935299e-06	32802.16604065895
398	1.3382475	0.075789385	1.4266549	1.2330153	0.31567752	0.053539857	0.38919777	0.178743	1000.0	1000.0	1591999	0.060427416	0.021379886	0.3058792	-0.03614688	-0.059791602	1.8459162e-06	32886.70353317261
399	1.3920025	0.05078331	1.4722126	1.3458724	0.33112985	0.0593321	0.403601	0.2621213	1000.0	1000.0	1595999	0.060464785	0.02106988	0.3079739	-0.051491946	-0.05982058	1.8568735e-06	32971.64903259277
400	1.3770341	0.03969326	1.426313	1.316394	0.31920666	0.067557834	0.4726645	0.2407956	1000.0	1000.0	1599999	0.060663175	0.020953298	0.30709013	-0.00016570091	-0.06000569	1.9049745e-06	33056.59427332878
401	1.376459	0.06655697	1.4632015	1.2760068	0.3403862	0.084424816	0.42015538	0.14035603	1000.0	1000.0	1603999	0.060651366	0.02127623	0.306527	-0.022883266	-0.06000532	1.768234e-06	33141.48925590515
402	1.4041917	0.055757374	1.461025	1.3199708	0.31147194	0.054238584	0.40345454	0.22412986	1000.0	1000.0	1607999	0.060826227	0.020983996	0.30581036	-0.022133172	-0.06018624	1.8138257e-06	33226.295952796936
403	1.4093467	0.07831657	1.4865957	1.3043895	0.33495146	0.07343078	0.48535365	0.25107875	1000.0	1000.0	1611999	0.061235454	0.021011557	0.3061862	-0.0055211782	-0.06061045	1.8167749e-06	33311.40068292618
404	1.5501053	0.094833605	1.6468731	1.3972197	0.32899284	0.08941014	0.42476243	0.14196423	1000.0	1000.0	1615999	0.061336126	0.020897403	0.30499995	-0.060474902	-0.060699422	1.797522e-06	33396.24726462364
405	1.4049462	0.050752163	1.457086	1.3376781	0.34994453	0.09945032	0.48159146	0.17171913	1000.0	1000.0	1619999	0.061843473	0.021169797	0.305405	0.0060917735	-0.06121729	1.7225098e-06	33481.25223445892
406	1.4124644	0.1341363	1.5249327	1.1893873	0.32770416	0.039812934	0.37948817	0.25666133	1000.0	1000.0	1623999	0.062031027	0.021092255	0.30791798	-0.00066652894	-0.061392672	1.8591178e-06	33566.11477804184
407	1.4379368	0.07932703	1.5645268	1.3686438	0.33220878	0.07979724	0.5335716	0.23134342	1000.0	1000.0	1627999	0.062062886	0.021298531	0.30984697	-0.07943392	-0.061408892	1.762714e-06	33650.94261074066
408	1.4758205	0.12768094	1.6481771	1.2978113	0.36924067	0.071124755	0.48775658	0.2830763	1000.0	1000.0	1631999	0.061592076	0.021312304	0.31113514	-0.0038655102	-0.06092381	1.6858608e-06	33735.94120883942
409	1.3644233	0.06944648	1.4771094	1.2873186	0.33328512	0.042845383	0.39239427	0.278164	1000.0	1000.0	1635999	0.06110293	0.021607272	0.31142825	-0.0030564964	-0.06044127	1.8336057e-06	33821.09054207802
410	1.3847818	0.07502627	1.482188	1.273398	0.3608958	0.06762011	0.4538885	0.26699042	1000.0	1000.0	1639999	0.060856383	0.021573765	0.30929792	-0.031279832	-0.060199365	1.6625305e-06	33906.06871199608
411	1.428364	0.09483594	1.5112305	1.2785637	0.29943427	0.075836755	0.43182904	0.18897627	1000.0	1000.0	1643999	0.06057268	0.021346062	0.30910861	-0.0005095899	-0.059906356	1.5695205e-06	33990.98503088951
412	1.3906715	0.07910277	1.4702156	1.3089246	0.31555182	0.05283712	0.38510263	0.1970644	1000.0	1000.0	1647999	0.060536686	0.02114073	0.31201303	-0.03389594	-0.059893325	1.7339557e-06	34075.81575489044
413	1.4189101	0.11762999	1.5333043	1.2528172	0.33635408	0.058401145	0.46581623	0.25930464	1000.0	1000.0	1651999	0.06062947	0.021108115	0.30970457	-0.036592603	-0.059991166	1.774411e-06	34160.97107744217
414	1.5347524	0.20428392	1.8459451	1.3218517	0.3611537	0.08059931	0.5023553	0.23625286	1000.0	1000.0	1655999	0.061049823	0.021136453	0.30834445	0.0043041706	-0.060433682	1.5100289e-06	34246.26878976822
415	1.4929037	0.090040006	1.6120183	1.372908	0.36604935	0.05957249	0.47869468	0.28450963	1000.0	1000.0	1659999	0.061531983	0.021344574	0.30972138	-0.0043852925	-0.060897127	1.6856792e-06	34331.49111390114
416	1.5186301	0.07754695	1.6248873	1.4397604	0.33690786	0.08070547	0.4732721	0.19610555	1000.0	1000.0	1663999	0.061794437	0.021076204	0.30982983	-0.024869561	-0.06118462	1.8361732e-06	34416.97702884674
417	1.409551	0.13283338	1.6281064	1.2746261	0.3173272	0.03506688	0.35865188	0.24068432	1000.0	1000.0	1667999	0.06205966	0.02120003	0.3092863	-0.014141113	-0.061424963	1.585019e-06	34502.17634034157
418	1.4446579	0.11190442	1.6230384	1.3298771	0.3381955	0.064352445	0.46710876	0.2582954	1000.0	1000.0	1671999	0.0621293	0.021210378	0.31105456	0.0024233758	-0.06149809	1.7722866e-06	34587.29027557373
419	1.4510064	0.10177702	1.6043091	1.3286549	0.3265356	0.06909668	0.45631602	0.19700165	1000.0	1000.0	1675999	0.062290367	0.021168252	0.313154	0.0035802126	-0.06164411	1.7780836e-06	34672.36496043205
420	1.2665473	0.080024116	1.3600503	1.1403865	0.30299643	0.054290555	0.37943375	0.22066152	1000.0	1000.0	1679999	0.062014166	0.021504195	0.31413838	-0.011575252	-0.06135457	1.7429567e-06	34757.448561906815
421	1.436667	0.07408604	1.5053201	1.3282626	0.32515264	0.057917714	0.46510437	0.23797934	1000.0	1000.0	1683999	0.06151117	0.021676969	0.3142168	-0.008984029	-0.06085023	1.7806328e-06	34842.372406721115
422	1.4482324	0.100164264	1.565026	1.2903683	0.34734514	0.058311723	0.44339362	0.266719	1000.0	1000.0	1687999	0.061207067	0.021415435	0.31510413	-0.034595698	-0.06055446	1.6144616e-06	34927.46254348755
423	1.3231549	0.1493997	1.518799	1.1313789	0.3614886	0.09180764	0.53577703	0.23357105	1000.0	1000.0	1691999	0.061051447	0.02132557	0.31712714	-0.025386512	-0.060397673	1.8724149e-06	35012.477915763855
424	1.3564177	0.029572604	1.398375	1.3147771	0.30922276	0.08593856	0.41802657	0.14981987	1000.0	1000.0	1695999	0.06070689	0.021401176	0.31642637	-0.016462117	-0.060044654	1.8041685e-06	35097.521136283875
425	1.3866456	0.059628155	1.4766909	1.3126125	0.3589755	0.062351774	0.4900629	0.28178892	1000.0	1000.0	1699999	0.060345184	0.021612354	0.31896183	0.009088576	-0.05967285	1.8269701e-06	35182.63949632645
426	1.3630362	0.06961711	1.440809	1.278114	0.32732004	0.053133983	0.41780525	0.25524518	1000.0	1000.0	1703999	0.0598847	0.021523355	0.31847805	-0.004518777	-0.05920844	1.7340453e-06	35267.70177769661
427	1.4163127	0.13980515	1.5943035	1.2252026	0.351312	0.06987276	0.4627108	0.26290447	1000.0	1000.0	1707999	0.060054228	0.02153452	0.31961486	-0.03598064	-0.059417795	1.6631597e-06	35352.80666208267
428	1.4417787	0.12258166	1.5418721	1.2383703	0.3510397	0.048049964	0.42802987	0.27378747	1000.0	1000.0	1711999	0.060156245	0.021435129	0.31949568	-0.033313602	-0.05949375	1.692486e-06	35437.68349313736
429	1.4081624	0.09904518	1.5038446	1.2438661	0.33453	0.114062235	0.4987601	0.14949438	1000.0	1000.0	1715999	0.060166348	0.02145446	0.31866482	0.008663744	-0.05952821	1.6620752e-06	35522.51922035217
430	1.5298455	0.109458104	1.6165296	1.3441833	0.34403047	0.08608023	0.51167136	0.25674376	1000.0	1000.0	1719999	0.06031352	0.021192659	0.31980693	-0.013889164	-0.05967135	1.7696291e-06	35607.35364437103
431	1.4378994	0.08345431	1.5385464	1.3086396	0.3672113	0.081989944	0.5149277	0.26092982	1000.0	1000.0	1723999	0.06028699	0.021291804	0.31883317	-0.023600042	-0.05962975	1.620314e-06	35692.21889472008
432	1.439054	0.11370787	1.6091039	1.3286436	0.34943053	0.095252074	0.5202487	0.2297037	1000.0	1000.0	1727999	0.060294624	0.021684648	0.319392	0.01693198	-0.05964237	1.6186967e-06	35777.08323097229
433	1.4787464	0.18332933	1.6525373	1.2046705	0.34242934	0.08143491	0.47416723	0.22132812	1000.0	1000.0	1731999	0.05997595	0.02157664	0.3205552	0.0056223273	-0.05929943	1.6732279e-06	35861.89849090576
434	1.4961951	0.0737849	1.5647241	1.3751125	0.338656	0.043262456	0.40049705	0.2710317	1000.0	1000.0	1735999	0.05957827	0.02107821	0.3203456	-0.012277871	-0.05891839	1.7375453e-06	35946.86415863037
435	1.4209251	0.10727129	1.5692815	1.2981863	0.3523715	0.074184865	0.48505086	0.26098773	1000.0	1000.0	1739999	0.0597979	0.02135259	0.3195372	-0.024987817	-0.059155907	1.6500356e-06	36032.046077013016
436	1.4371822	0.08316312	1.5369394	1.3474495	0.30839366	0.04481519	0.38097805	0.23767467	1000.0	1000.0	1743999	0.06011374	0.021553772	0.3193387	-0.017550379	-0.05946837	1.6373534e-06	36117.284317970276
437	1.4202981	0.08037837	1.5243534	1.2984123	0.3631757	0.10825884	0.5229706	0.13327609	1000.0	1000.0	1747999	0.060446505	0.021573994	0.31986144	-0.03332445	-0.05981073	1.8263182e-06	36202.51306247711
438	1.5039644	0.026300203	1.5438287	1.4750432	0.3771116	0.05082855	0.46132913	0.30767897	1000.0	1000.0	1751999	0.06053858	0.021676827	0.31813404	-0.013007283	-0.05989512	1.6344029e-06	36287.42671275139
439	1.3710839	0.07654136	1.499744	1.2993624	0.3590421	0.081997566	0.55488086	0.25428075	1000.0	1000.0	1755999	0.06060961	0.02168559	0.31999028	-0.034437686	-0.059976034	1.6814267e-06	36372.451583862305
440	1.3965693	0.17058551	1.6000612	1.1776165	0.32562715	0.07680234	0.4885096	0.21858466	1000.0	1000.0	1759999	0.06077497	0.021595227	0.3221487	-0.062759906	-0.06013491	1.6337855e-06	36457.15919923782
441	1.3880244	0.08875523	1.5176606	1.2874618	0.3065982	0.046574064	0.41595948	0.23902585	1000.0	1000.0	1763999	0.060731713	0.021438567	0.32233542	-0.023002893	-0.06009743	1.5598782e-06	36542.050050497055
442	1.4139924	0.06834249	1.5053467	1.312571	0.3760229	0.10041742	0.5263232	0.2004653	1000.0	1000.0	1767999	0.060661606	0.02182597	0.32162485	-0.0074866414	-0.060008246	1.7017753e-06	36626.97312307358
443	1.2802024	0.06788208	1.3910414	1.2181076	0.3217604	0.055110894	0.41736954	0.27465793	1000.0	1000.0	1771999	0.06035948	0.02174489	0.3232748	0.021046788	-0.059689593	1.6486488e-06	36711.86314225197
444	1.3700246	0.038308967	1.4086238	1.3270726	0.3089225	0.10684788	0.516259	0.14851794	1000.0	1000.0	1775999	0.059960634	0.021852756	0.3231211	0.0073607266	-0.059287958	1.5794323e-06	36796.7849650383
445	1.4021509	0.056753825	1.4874703	1.3497653	0.35745847	0.071187235	0.49515724	0.28834713	1000.0	1000.0	1779999	0.05948987	0.021654863	0.32426903	-0.049423307	-0.05881838	1.6696972e-06	36881.71940636635
446	1.5059707	0.06927028	1.5515214	1.3861411	0.3380027	0.054672994	0.43014675	0.24109155	1000.0	1000.0	1783999	0.059358314	0.02149643	0.32381612	-0.049193144	-0.05870209	1.6252395e-06	36966.673575401306
447	1.3692658	0.068001404	1.4509053	1.2908915	0.32823238	0.06288178	0.4446066	0.23331621	1000.0	1000.0	1787999	0.05925149	0.021874107	0.32087588	-0.031142205	-0.058592584	1.7541319e-06	37051.880262851715
448	1.3676302	0.06407027	1.4741842	1.3028846	0.35488507	0.084815286	0.47361597	0.20837936	1000.0	1000.0	1791999	0.059142716	0.022015622	0.32187402	-0.05677092	-0.05848367	1.6355266e-06	37137.06550145149
449	1.4295769	0.118241735	1.567568	1.2655958	0.301037	0.05415704	0.41918108	0.24117984	1000.0	1000.0	1795999	0.058970965	0.021940237	0.32309166	-0.003936887	-0.05829255	1.7555426e-06	37222.193487882614
450	1.5291992	0.0438731	1.5683212	1.4558896	0.3378469	0.080948964	0.47849876	0.21570499	1000.0	1000.0	1799999	0.05871588	0.02177261	0.32300198	0.008060336	-0.05806719	1.6554615e-06	37307.112639427185
451	1.4749222	0.055937488	1.5324957	1.3825155	0.32854456	0.08011177	0.4839219	0.23254101	1000.0	1000.0	1803999	0.058697093	0.021850353	0.32339263	-0.05134797	-0.058022324	1.5989077e-06	37392.2495341301
452	1.4723024	0.06907349	1.556495	1.3710225	0.33175352	0.08221736	0.47002086	0.21520245	1000.0	1000.0	1807999	0.0585195	0.022020752	0.3224869	0.019008279	-0.05784974	1.4285641e-06	37477.45859718323
453	1.4738369	0.14035198	1.6254948	1.2641225	0.28929096	0.0541937	0.36268666	0.19226956	1000.0	1000.0	1811999	0.05839383	0.022352148	0.32188857	-0.008045942	-0.05772495	1.5384303e-06	37562.846930742264
454	1.4068322	0.06917429	1.5049177	1.3391213	0.33392695	0.06845098	0.45693967	0.21134365	1000.0	1000.0	1815999	0.058407404	0.02224117	0.3247811	-0.0139401555	-0.05774157	1.642318e-06	37647.989797353745
455	1.4265022	0.062023923	1.5015627	1.3453497	0.31909108	0.10573036	0.52353275	0.15260035	1000.0	1000.0	1819999	0.058224708	0.021951007	0.32542863	-0.058261216	-0.05755196	1.7770255e-06	37733.01426720619
456	1.3449714	0.057200436	1.3925058	1.2493699	0.32991913	0.04527221	0.38345054	0.25089812	1000.0	1000.0	1823999	0.0585305	0.021905255	0.32449135	-0.024208874	-0.057884973	1.5287847e-06	37818.14297699928
457	1.5421935	0.12435636	1.6874728	1.4062507	0.35233942	0.07990909	0.47978604	0.18793374	1000.0	1000.0	1827999	0.058853857	0.021868285	0.32379186	-0.0147027075	-0.05820636	1.6691598e-06	37903.245085954666
458	1.4446914	0.070108764	1.509695	1.3263259	0.33620632	0.12446011	0.5331561	0.122701265	1000.0	1000.0	1831999	0.0589256	0.021931862	0.32388598	-0.051600337	-0.058263797	1.7195507e-06	37988.24469780922
459	1.3943541	0.13189489	1.5299234	1.1834034	0.3607323	0.069308534	0.49084517	0.2769984	1000.0	1000.0	1835999	0.05902584	0.0220122	0.3232686	-0.00198102	-0.058373477	1.616447e-06	38073.22132921219
460	1.3206404	0.10312856	1.4818288	1.2029703	0.33324027	0.073043995	0.40484574	0.15452051	1000.0	1000.0	1839999	0.058811083	0.021661812	0.3246368	0.008149087	-0.058132187	1.5341201e-06	38158.00503087044
461	1.4152372	0.07132437	1.5136555	1.3164523	0.31009653	0.08179258	0.4114284	0.13043447	1000.0	1000.0	1843999	0.058613073	0.021757236	0.3256903	-0.037265897	-0.05795385	1.7482762e-06	38243.119940042496
462	1.4785672	0.12242652	1.6277891	1.3239715	0.3302698	0.04628111	0.4206009	0.26365182	1000.0	1000.0	1847999	0.058760744	0.021946296	0.32513916	-0.039671093	-0.058105744	1.6896112e-06	38328.074072122574
463	1.4959434	0.03520086	1.5479698	1.4529101	0.27647287	0.04982759	0.35642096	0.16011345	1000.0	1000.0	1851999	0.058901407	0.022042561	0.32657814	0.012147903	-0.05824306	1.7988838e-06	38412.97570562363
464	1.4509612	0.06826927	1.5170541	1.3381114	0.3447447	0.063700736	0.47118226	0.25917804	1000.0	1000.0	1855999	0.05865304	0.022433277	0.32696444	-0.027422965	-0.057969235	1.5847486e-06	38497.759559869766
465	1.3415736	0.10903669	1.4522063	1.1919975	0.3189507	0.03842603	0.39602184	0.25971964	1000.0	1000.0	1859999	0.058300946	0.022485893	0.3284207	0.0051470995	-0.057622742	1.6592865e-06	38582.75632357597
466	1.4520528	0.06902796	1.5577968	1.366323	0.27212158	0.06350208	0.34598193	0.116381906	1000.0	1000.0	1863999	0.058038715	0.022369804	0.32841402	-0.041294605	-0.057340547	1.6590209e-06	38667.88167762756
467	1.4040931	0.1259523	1.5711354	1.22341	0.33023915	0.084603705	0.50499046	0.1626108	1000.0	1000.0	1867999	0.05738673	0.022272559	0.32713237	-0.027308017	-0.05669523	1.6802065e-06	38752.76465511322
468	1.4842011	0.10830321	1.6251333	1.3439598	0.33229733	0.052589823	0.39696437	0.23674238	1000.0	1000.0	1871999	0.057419218	0.022452036	0.32781345	-0.028948933	-0.05675985	1.7375551e-06	38837.690387010574
469	1.4421558	0.06585826	1.5123544	1.3477832	0.35805216	0.056470577	0.4840812	0.28117642	1000.0	1000.0	1875999	0.0573689	0.022380559	0.32781696	-0.031402767	-0.05667929	1.5344361e-06	38922.65152382851
470	1.3968294	0.16300836	1.5986358	1.1739141	0.31141773	0.06115877	0.39195493	0.18189554	1000.0	1000.0	1879999	0.057182655	0.022597302	0.32705635	-0.003371209	-0.05652122	1.4795244e-06	39007.54624199867
471	1.3591747	0.10831767	1.4766753	1.2321057	0.34845513	0.08368861	0.48799476	0.19962883	1000.0	1000.0	1883999	0.057309054	0.022614628	0.33036	0.0074142516	-0.05664619	1.6476127e-06	39092.77092671394
472	1.4561393	0.090330236	1.5757827	1.3219217	0.35202244	0.048133437	0.41726384	0.26632887	1000.0	1000.0	1887999	0.05743342	0.022738954	0.32985657	-0.0067899525	-0.05675872	1.7173834e-06	39177.65535187721
473	1.3058527	0.09706244	1.4297967	1.2048649	0.31737974	0.06262203	0.45708892	0.21933028	1000.0	1000.0	1891999	0.057299268	0.022705013	0.33012035	-0.009688646	-0.05661479	1.658492e-06	39262.78853178024
474	1.5302309	0.11579696	1.6405672	1.3469672	0.33992916	0.08383363	0.4737501	0.15942548	1000.0	1000.0	1895999	0.05709964	0.022996044	0.33056462	-0.064318955	-0.056410562	1.5036392e-06	39347.78097271919
475	1.5130031	0.08032524	1.6046345	1.4130898	0.30633014	0.062426325	0.39452925	0.17214964	1000.0	1000.0	1899999	0.056802765	0.022830728	0.3307825	0.0057686865	-0.05613111	1.6295262e-06	39433.26680183411
476	1.5650089	0.10007774	1.7305849	1.4770963	0.3168911	0.08993248	0.48848477	0.1268788	1000.0	1000.0	1903999	0.057131857	0.022931721	0.33029434	-0.0020298064	-0.056478932	1.6149169e-06	39518.202543735504
477	1.4489961	0.09932537	1.6022041	1.3500369	0.29511768	0.06327502	0.41860646	0.21345556	1000.0	1000.0	1907999	0.057367552	0.022819389	0.33031777	-0.023622125	-0.0567031	1.6471816e-06	39603.00353741646
478	1.4057648	0.117198795	1.5917406	1.2712363	0.28654057	0.076439016	0.43019027	0.19641241	1000.0	1000.0	1911999	0.057437126	0.022667846	0.33050907	-0.020411998	-0.056801155	1.5871872e-06	39688.00359129906
479	1.3944957	0.058225717	1.458075	1.3325002	0.36943448	0.06841792	0.5011315	0.2890337	1000.0	1000.0	1915999	0.058108035	0.022416547	0.33122343	0.017151296	-0.057484183	1.5331456e-06	39772.97760653496
480	1.4251181	0.09961307	1.5182606	1.2591991	0.32304713	0.06343299	0.4429081	0.22163162	1000.0	1000.0	1919999	0.059111234	0.022605995	0.33158728	0.019870758	-0.058503024	1.4129682e-06	39858.39040565491
481	1.4500737	0.0714622	1.5337255	1.3696371	0.30854502	0.08536413	0.49551255	0.18624756	1000.0	1000.0	1923999	0.059750132	0.02240125	0.33313954	0.010450482	-0.059133675	1.62259e-06	39943.45731806755
482	1.3353763	0.087137505	1.4817772	1.2527529	0.34722012	0.06668304	0.46671543	0.22542198	1000.0	1000.0	1927999	0.06031565	0.022223512	0.3324578	-0.020085752	-0.05971689	1.5825015e-06	40028.70399928093
483	1.4436457	0.04226591	1.4826136	1.3802518	0.34912828	0.06626276	0.46998462	0.2690078	1000.0	1000.0	1931999	0.061224688	0.022385575	0.33349565	-0.011318475	-0.060632806	1.5876166e-06	40113.93768119812
484	1.5116484	0.0866787	1.6082748	1.3712125	0.32445875	0.07764155	0.4848636	0.18935998	1000.0	1000.0	1935999	0.06206264	0.022584612	0.33307216	0.011989981	-0.06146147	1.3942041e-06	40199.102311611176
485	1.4734383	0.02668628	1.4999148	1.4399949	0.33809397	0.05984668	0.44935542	0.25190115	1000.0	1000.0	1939999	0.06254338	0.02260127	0.3345707	0.0071807504	-0.061940078	1.510381e-06	40284.2165184021
486	1.4755414	0.06154344	1.5778607	1.4135125	0.32452545	0.0734042	0.44621146	0.17595589	1000.0	1000.0	1943999	0.0626479	0.022519926	0.33592954	-0.030206978	-0.06202953	1.6407138e-06	40369.25940871239
487	1.5233873	0.08144131	1.6535108	1.4372392	0.3637979	0.065468386	0.45530555	0.26769572	1000.0	1000.0	1947999	0.06285389	0.022652822	0.33860692	0.016818047	-0.062257063	1.5316261e-06	40454.44948601723
488	1.4402088	0.124871016	1.6086617	1.2598405	0.3574014	0.056020476	0.47666734	0.26298085	1000.0	1000.0	1951999	0.062952414	0.022234637	0.3388805	-0.016795307	-0.06235456	1.6422347e-06	40539.24319148064
489	1.3566157	0.036980007	1.3937178	1.298493	0.34746143	0.061630018	0.4378069	0.20876712	1000.0	1000.0	1955999	0.06337303	0.022152718	0.3360811	0.01796034	-0.06280056	1.632748e-06	40624.413759469986
490	1.5156001	0.12359502	1.6881051	1.3872731	0.34581828	0.031321157	0.3837524	0.28596044	1000.0	1000.0	1959999	0.064078696	0.022535304	0.33788392	0.016532153	-0.063496225	1.6671055e-06	40709.565294504166
491	1.2924011	0.08167962	1.382884	1.1728715	0.33950937	0.093656294	0.4717328	0.13511229	1000.0	1000.0	1963999	0.06422362	0.022348376	0.33808178	-0.0008254349	-0.063637026	1.4649602e-06	40794.75180602074
492	1.4500984	0.10328487	1.5615844	1.2894434	0.33020368	0.06643482	0.4359294	0.22521706	1000.0	1000.0	1967999	0.06446041	0.022112936	0.33716252	-0.010933459	-0.06386921	1.5458095e-06	40879.94529032707
493	1.5130752	0.0823282	1.5693388	1.3712057	0.34473324	0.08526373	0.49119833	0.22953829	1000.0	1000.0	1971999	0.06451269	0.022169396	0.33611962	-0.0049612224	-0.06392007	1.5184553e-06	40964.796731710434
494	1.4255726	0.06405116	1.4905777	1.3231913	0.34605584	0.046593357	0.4407922	0.29407147	1000.0	1000.0	1975999	0.064652525	0.022516511	0.33553	-0.043667257	-0.06406395	1.650397e-06	41049.8264772892
495	1.4354031	0.13872509	1.6460564	1.2603763	0.3249442	0.05661363	0.4564612	0.26513496	1000.0	1000.0	1979999	0.064793624	0.02265029	0.33635136	0.009209424	-0.06421538	1.6222237e-06	41134.90471434593
496	1.3945394	0.11862233	1.5507584	1.2194059	0.27728245	0.05985866	0.36176428	0.16437513	1000.0	1000.0	1983999	0.06473326	0.022220023	0.3379243	0.021369725	-0.06412675	1.4561261e-06	41220.01112365723
497	1.515033	0.023308622	1.5369593	1.4808649	0.31843153	0.06383115	0.47161794	0.20364046	1000.0	1000.0	1987999	0.064606905	0.022442425	0.34127334	0.013438195	-0.06400422	1.6705266e-06	41304.97474050522
498	1.4151522	0.08574625	1.5490031	1.3341959	0.35906893	0.067690745	0.4711379	0.23316891	1000.0	1000.0	1991999	0.06461633	0.0224594	0.3407132	-0.011312604	-0.06402221	1.5901622e-06	41390.16145300865
499	1.3899503	0.028109156	1.4294815	1.3499863	0.3850961	0.07918977	0.5037044	0.27434173	1000.0	1000.0	1995999	0.06452789	0.02234606	0.34314656	0.024093986	-0.06392236	1.4638761e-06	41475.44377088547
500	1.422099	0.10189605	1.5335904	1.2827977	0.37835622	0.058965776	0.49240592	0.30570686	1000.0	1000.0	1999999	0.06459684	0.022438362	0.3431084	-0.032390118	-0.06398677	1.6880473e-06	41560.65100431442
