Epoch	AverageEpRet	StdEpRet	MaxEpRet	MinEpRet	AverageTestEpRet	StdTestEpRet	MaxTestEpRet	MinTestEpRet	EpLen	TestEpLen	TotalEnvInteracts	AverageQVals	StdQVals	MaxQVals	MinQVals	LossPi	LossQ	Time
1	0.25	0.4330127	1.0	0.0	0.0	0.0	0.0	0.0	1000.0	1000.0	3999	0.2684607	0.07210582	0.9279226	-0.5133759	-0.28478166	0.00033541385	45.627989292144775
2	0.0	0.0	0.0	0.0	0.0	0.0	0.0	0.0	1000.0	1000.0	7999	0.38552883	0.05156973	1.493138	0.052579075	-0.39450902	0.00019577713	103.59288096427917
3	0.0	0.0	0.0	0.0	0.0	0.0	0.0	0.0	1000.0	1000.0	11999	0.38726503	0.027354931	1.7956638	0.17507544	-0.39006886	7.400572e-05	162.429114818573
4	0.0	0.0	0.0	0.0	0.0	0.0	0.0	0.0	1000.0	1000.0	15999	0.35749128	0.02546517	2.255424	0.25067154	-0.3588576	3.45396e-05	222.27896690368652
5	0.0	0.0	0.0	0.0	0.0	0.0	0.0	0.0	1000.0	1000.0	19999	0.27866632	0.026669005	2.44099	0.226622	-0.27761453	7.749167e-06	281.99601793289185
6	0.0	0.0	0.0	0.0	0.0	0.0	0.0	0.0	1000.0	1000.0	23999	0.2232293	0.013787358	1.2863396	0.1934018	-0.22325096	1.3575015e-05	342.4107868671417
7	0.0	0.0	0.0	0.0	0.0	0.0	0.0	0.0	1000.0	1000.0	27999	0.18619971	0.01142582	1.6562076	0.16392034	-0.18610284	3.5056317e-05	402.8956639766693
8	0.0	0.0	0.0	0.0	0.0	0.0	0.0	0.0	1000.0	1000.0	31999	0.15365833	0.009402015	0.20174918	0.1354691	-0.15365225	1.779853e-05	464.24948501586914
9	0.0	0.0	0.0	0.0	0.0	0.0	0.0	0.0	1000.0	1000.0	35999	0.12627974	0.0075520794	0.14941065	0.11137461	-0.1262786	2.5260579e-05	525.7531311511993
10	0.0	0.0	0.0	0.0	0.0	0.0	0.0	0.0	1000.0	1000.0	39999	0.10320965	0.005833223	0.11795105	0.09346282	-0.10320447	3.2707787e-05	587.8794233798981
11	0.0	0.0	0.0	0.0	0.0	0.0	0.0	0.0	1000.0	1000.0	43999	0.08494872	0.004832267	0.09638059	0.076845475	-0.0849446	2.0147461e-05	650.3552901744843
12	0.0	0.0	0.0	0.0	0.0	0.0	0.0	0.0	1000.0	1000.0	47999	0.069864295	0.0039537936	0.08011274	0.06324777	-0.06986088	2.0161144e-05	712.2781450748444
13	0.0	0.0	0.0	0.0	0.0	0.0	0.0	0.0	1000.0	1000.0	51999	0.057424743	0.003236056	0.06324436	0.05034001	-0.05742181	1.765875e-05	774.499495267868
14	0.0	0.0	0.0	0.0	0.0	0.0	0.0	0.0	1000.0	1000.0	55999	0.047435116	0.0026406597	0.054180652	0.04298446	-0.047432777	2.0143125e-05	837.9121840000153
15	0.0	0.0	0.0	0.0	0.0	0.0	0.0	0.0	1000.0	1000.0	59999	0.039111648	0.0022375295	0.047510527	0.034281146	-0.039109673	1.26293635e-05	904.0088999271393
16	0.0	0.0	0.0	0.0	0.0	0.0	0.0	0.0	1000.0	1000.0	63999	0.032268927	0.001775361	0.038917206	0.027720708	-0.03226734	2.0166806e-05	975.2493510246277
17	0.0	0.0	0.0	0.0	0.0	0.0	0.0	0.0	1000.0	1000.0	67999	0.026757404	0.0015222868	0.032649282	0.023779033	-0.026756069	1.2615034e-05	1053.3084301948547
18	0.0	0.0	0.0	0.0	0.0	0.0	0.0	0.0	1000.0	1000.0	71999	0.022055645	0.0012625601	0.028100533	0.017895877	-0.022054555	1.2630863e-05	1134.5386691093445
19	0.0	0.0	0.0	0.0	0.0	0.0	0.0	0.0	1000.0	1000.0	75999	0.018272037	0.0010555314	0.02334974	0.01518652	-0.0182711	7.5699986e-06	1216.7446773052216
20	0.0	0.0	0.0	0.0	0.0	0.0	0.0	0.0	1000.0	1000.0	79999	0.015052045	0.0008941512	0.020956889	0.010743042	-0.01505054	7.58568e-06	1299.6089024543762
21	0.0	0.0	0.0	0.0	0.0	0.0	0.0	0.0	1000.0	1000.0	83999	0.012447278	0.00074795826	0.017211791	0.008576673	-0.012447375	7.596754e-06	1382.6549797058105
22	0.0	0.0	0.0	0.0	0.0	0.0	0.0	0.0	1000.0	1000.0	87999	0.010385666	0.00061661593	0.015017645	0.007540511	-0.010385162	1.2616874e-05	1465.6993906497955
23	0.0	0.0	0.0	0.0	0.0	0.0	0.0	0.0	1000.0	1000.0	91999	0.008816881	0.0005499883	0.013238999	0.006234793	-0.008816548	2.016072e-05	1549.1974866390228
24	0.0	0.0	0.0	0.0	0.0	0.0	0.0	0.0	1000.0	1000.0	95999	0.007544336	0.0004964347	0.011718213	0.005700095	-0.007544022	1.0073665e-05	1632.8761813640594
25	0.0	0.0	0.0	0.0	0.0	0.0	0.0	0.0	1000.0	1000.0	99999	0.006298543	0.0004487728	0.01150061	0.0031446735	-0.0062982826	1.01111245e-05	1716.7670574188232
26	0.0	0.0	0.0	0.0	0.0	0.0	0.0	0.0	1000.0	1000.0	103999	0.0053598816	0.0004042836	0.010085931	0.0023469806	-0.0053601875	1.511592e-05	1800.5464050769806
27	0.0	0.0	0.0	0.0	0.0	0.0	0.0	0.0	1000.0	1000.0	107999	0.0046118023	0.00039586917	0.008921648	0.0013155772	-0.0046111373	7.6028828e-06	1884.6140513420105
28	0.0	0.0	0.0	0.0	0.0	0.0	0.0	0.0	1000.0	1000.0	111999	0.0039539705	0.00035332338	0.0083508445	0.0011614545	-0.0039538336	1.0096879e-05	1968.3324842453003
29	0.0	0.0	0.0	0.0	0.0	0.0	0.0	0.0	1000.0	1000.0	115999	0.003423183	0.0003310488	0.008225498	0.00020929682	-0.0034230724	1.0091119e-05	2052.356894016266
30	0.0	0.0	0.0	0.0	0.0	0.0	0.0	0.0	1000.0	1000.0	119999	0.002958967	0.00032310752	0.0076975776	0.00010155355	-0.002958866	7.5858784e-06	2136.117568731308
31	0.0	0.0	0.0	0.0	0.0	0.0	0.0	0.0	1000.0	1000.0	123999	0.0025397523	0.00029652545	0.007435488	-0.0008600177	-0.002539662	7.579648e-06	2219.868260860443
32	0.0	0.0	0.0	0.0	0.0	0.0	0.0	0.0	1000.0	1000.0	127999	0.0022482558	0.00028696045	0.006860404	-0.00061408785	-0.0022481915	7.57274e-06	2303.7226481437683
33	0.0	0.0	0.0	0.0	0.0	0.0	0.0	0.0	1000.0	1000.0	131999	0.0018803999	0.00021468605	0.0068195094	-0.0016527523	-0.0018803271	2.5381812e-06	2387.460425376892
34	0.0	0.0	0.0	0.0	0.0	0.0	0.0	0.0	1000.0	1000.0	135999	0.0016546377	0.00030140163	0.0064400085	-0.0015739478	-0.0016546077	7.588268e-06	2471.002603530884
35	0.0	0.0	0.0	0.0	0.0	0.0	0.0	0.0	1000.0	1000.0	139999	0.0014831064	0.00025106114	0.0059598517	-0.0013570037	-0.0014830661	5.058048e-06	2554.617231607437
36	0.0	0.0	0.0	0.0	0.0	0.0	0.0	0.0	1000.0	1000.0	143999	0.0013737336	0.0003641821	0.006216735	-0.0020220024	-0.0013737383	1.2631701e-05	2638.34015083313
37	0.0	0.0	0.0	0.0	0.0	0.0	0.0	0.0	1000.0	1000.0	147999	0.0013855065	0.00032584893	0.0059601157	-0.0016246403	-0.0013855114	1.2585221e-05	2721.92600274086
38	0.0	0.0	0.0	0.0	0.0	0.0	0.0	0.0	1000.0	1000.0	151999	0.0013476866	0.00035038844	0.0058644013	-0.0016946128	-0.0013476945	1.2621326e-05	2806.5423743724823
39	0.0	0.0	0.0	0.0	0.0	0.0	0.0	0.0	1000.0	1000.0	155999	0.001190526	0.00025864772	0.0060947305	-0.002327464	-0.0011904993	5.0643125e-06	2890.789484500885
40	0.0	0.0	0.0	0.0	0.0	0.0	0.0	0.0	1000.0	1000.0	159999	0.0011543852	0.00026901998	0.0051293154	-0.0014418381	-0.0011543779	7.57099e-06	2974.6284947395325
41	0.0	0.0	0.0	0.0	0.0	0.0	0.0	0.0	1000.0	1000.0	163999	0.0010582025	0.00033634857	0.0058101453	-0.0022652885	-0.0010582126	1.0111722e-05	3058.310919523239
42	0.0	0.0	0.0	0.0	0.0	0.0	0.0	0.0	1000.0	1000.0	167999	0.001087984	0.0003107127	0.005252939	-0.0017010774	-0.0010879915	1.0095691e-05	3142.1721930503845
43	0.0	0.0	0.0	0.0	0.0	0.0	0.0	0.0	1000.0	1000.0	171999	0.0009973188	0.0002562202	0.005807541	-0.002349504	-0.0009973028	5.0648096e-06	3225.9573862552643
44	0.0	0.0	0.0	0.0	0.0	0.0	0.0	0.0	1000.0	1000.0	175999	0.00092725304	0.00027568653	0.0057606557	-0.0025053236	-0.0009272524	7.5829903e-06	3309.8115463256836
45	0.0	0.0	0.0	0.0	0.0	0.0	0.0	0.0	1000.0	1000.0	179999	0.0009315866	0.0003556225	0.008804815	-0.0040435297	-0.0009315941	7.6123742e-06	3393.5518214702606
46	0.0	0.0	0.0	0.0	0.0	0.0	0.0	0.0	1000.0	1000.0	183999	0.0008101266	4.6942736e-05	0.0008940917	0.0007266976	-0.00081009365	6.763368e-12	3477.1738057136536
47	0.0	0.0	0.0	0.0	0.0	0.0	0.0	0.0	1000.0	1000.0	187999	0.0007197366	0.00030674008	0.005700679	-0.0027978555	-0.00071973924	7.5931866e-06	3561.4613745212555
48	0.0	0.0	0.0	0.0	0.0	0.0	0.0	0.0	1000.0	1000.0	191999	0.00067472894	0.00019624757	0.005599645	-0.002835928	-0.0006745164	2.537064e-06	3645.244780063629
49	0.0	0.0	0.0	0.0	0.0	0.0	0.0	0.0	1000.0	1000.0	195999	0.0006201038	0.00018891347	0.0053723976	-0.002655042	-0.0006202858	2.5351928e-06	3728.897887945175
50	0.0	0.0	0.0	0.0	0.0	0.0	0.0	0.0	1000.0	1000.0	199999	0.0006211755	0.00023698735	0.005268314	-0.0025579517	-0.0006211778	5.0547856e-06	3812.41885638237
51	0.0	0.0	0.0	0.0	0.0	0.0	0.0	0.0	1000.0	1000.0	203999	0.0005444229	0.00019652951	0.0055308663	-0.00292669	-0.0005444131	2.5380468e-06	3895.9900052547455
52	0.0	0.0	0.0	0.0	0.0	0.0	0.0	0.0	1000.0	1000.0	207999	0.00063155923	0.00035611677	0.005403514	-0.0028657932	-0.0006315984	1.2624958e-05	3979.7019736766815
53	0.0	0.0	0.0	0.0	0.0	0.0	0.0	0.0	1000.0	1000.0	211999	0.00057981675	0.00019731137	0.0055277226	-0.0029256737	-0.0005798066	2.5380107e-06	4063.355751514435
54	0.0	0.0	0.0	0.0	0.0	0.0	0.0	0.0	1000.0	1000.0	215999	0.00053906563	0.00024843588	0.005433319	-0.0029132683	-0.00053906586	5.0608264e-06	4147.02974319458
55	0.0	0.0	0.0	0.0	0.0	0.0	0.0	0.0	1000.0	1000.0	219999	0.00065014063	0.0003496375	0.0048854556	-0.00221704	-0.00065017166	1.262095e-05	4230.814101696014
56	0.0	0.0	0.0	0.0	0.0	0.0	0.0	0.0	1000.0	1000.0	223999	0.000621711	3.5984107e-05	0.0006865588	0.0005614345	-0.0006216862	4.5244073e-12	4314.494111061096
57	0.0	0.0	0.0	0.0	0.0	0.0	0.0	0.0	1000.0	1000.0	227999	0.0005190115	0.00019841343	0.0054994696	-0.0029981688	-0.00051900075	2.5387185e-06	4398.188408613205
58	0.0	0.0	0.0	0.0	0.0	0.0	0.0	0.0	1000.0	1000.0	231999	0.00054378127	0.00029678593	0.005054155	-0.0024652516	-0.0005437949	7.5873195e-06	4481.643100500107
59	0.0	0.0	0.0	0.0	0.0	0.0	0.0	0.0	1000.0	1000.0	235999	0.0005014236	2.9050198e-05	0.00055379793	0.00045050457	-0.0005014097	3.317357e-12	4565.322712421417
60	0.0	0.0	0.0	0.0	0.0	0.0	0.0	0.0	1000.0	1000.0	239999	0.00044345765	0.00019722534	0.005445827	-0.0030503212	-0.0004434489	2.5384766e-06	4648.908094406128
61	0.0	0.0	0.0	0.0	0.0	0.0	0.0	0.0	1000.0	1000.0	243999	0.00038632995	0.00019817264	0.0053839018	-0.003132882	-0.00038633245	2.5384998e-06	4732.658199071884
62	0.0	0.0	0.0	0.0	0.0	0.0	0.0	0.0	1000.0	1000.0	247999	0.0003999809	0.00016359813	0.0044944137	-0.0022915322	-0.000399983	2.526101e-06	4816.36917090416
63	0.0	0.0	0.0	0.0	0.0	0.0	0.0	0.0	1000.0	1000.0	251999	0.0003826721	0.00026997263	0.005347579	-0.0031035014	-0.00038268388	5.0722606e-06	4900.332494497299
64	0.0	0.0	0.0	0.0	0.0	0.0	0.0	0.0	1000.0	1000.0	255999	0.00043551144	0.0002342354	0.004750379	-0.0024764976	-0.0004355261	5.054275e-06	4984.130498886108
65	0.0	0.0	0.0	0.0	0.0	0.0	0.0	0.0	1000.0	1000.0	259999	0.00040699955	0.00029933688	0.0053745364	-0.003108933	-0.00040702245	7.5879802e-06	5067.944077968597
66	0.0	0.0	0.0	0.0	0.0	0.0	0.0	0.0	1000.0	1000.0	263999	0.00045608587	0.00018252528	0.005113145	-0.0027061305	-0.00045608167	2.5329796e-06	5151.6123287677765
67	0.0	0.0	0.0	0.0	0.0	0.0	0.0	0.0	1000.0	1000.0	267999	0.0004903184	0.00033457472	0.005284418	-0.0028986232	-0.00049034675	1.0109443e-05	5235.557489871979
68	0.0	0.0	0.0	0.0	0.0	0.0	0.0	0.0	1000.0	1000.0	271999	0.000489255	2.8331757e-05	0.00053991814	0.00044179714	-0.00048923376	3.39714e-12	5319.455799102783
69	0.0	0.0	0.0	0.0	0.0	0.0	0.0	0.0	1000.0	1000.0	275999	0.00044009913	0.00019711556	0.0054401704	-0.003041664	-0.00044009657	2.5382856e-06	5403.366017103195
70	0.0	0.0	0.0	0.0	0.0	0.0	0.0	0.0	1000.0	1000.0	279999	0.00038254482	0.00019711842	0.00537351	-0.0031212189	-0.00038254118	2.538484e-06	5487.334716081619
71	0.0	0.0	0.0	0.0	0.0	0.0	0.0	0.0	1000.0	1000.0	283999	0.00040573571	0.00025635838	0.0051015285	-0.0028002446	-0.00040574104	5.0651624e-06	5571.229557514191
72	0.0	0.0	0.0	0.0	0.0	0.0	0.0	0.0	1000.0	1000.0	287999	0.00037281873	0.00019660752	0.0053482293	-0.0031226939	-0.00037281684	2.5381773e-06	5655.323254585266
73	0.0	0.0	0.0	0.0	0.0	0.0	0.0	0.0	1000.0	1000.0	291999	0.0004341038	0.00029322723	0.0051108366	-0.0027480512	-0.00043412304	7.585261e-06	5738.9947254657745
74	0.0	0.0	0.0	0.0	0.0	0.0	0.0	0.0	1000.0	1000.0	295999	0.00042458213	0.00019183832	0.005305594	-0.0029785805	-0.00042457457	2.5364493e-06	5822.917271375656
75	0.0	0.0	0.0	0.0	0.0	0.0	0.0	0.0	1000.0	1000.0	299999	0.00044467923	0.00028951972	0.0053211944	-0.0030266575	-0.00044470103	7.5811854e-06	5906.998407363892
76	0.0	0.0	0.0	0.0	0.0	0.0	0.0	0.0	1000.0	1000.0	303999	0.00046898556	0.00026189306	0.00528865	-0.0028785928	-0.0004689854	5.0680146e-06	5990.911951541901
77	0.0	0.0	0.0	0.0	0.0	0.0	0.0	0.0	1000.0	1000.0	307999	0.00051770336	0.00022688077	0.004739011	-0.0023317912	-0.0005177066	5.0506487e-06	6074.7205629348755
78	0.0	0.0	0.0	0.0	0.0	0.0	0.0	0.0	1000.0	1000.0	311999	0.00048397208	0.00019166664	0.0053485804	-0.0028536227	-0.00048396684	2.5357638e-06	6158.468873262405
79	0.0	0.0	0.0	0.0	0.1	0.29999998	1.0	0.0	1000.0	1000.0	315999	0.0003956474	2.9415716e-05	0.00051999453	0.00024977612	-0.00039563567	3.4557024e-10	6242.0017783641815
80	0.0	0.0	0.0	0.0	0.0	0.0	0.0	0.0	1000.0	1000.0	319999	0.0003578683	0.00019772827	0.005358988	-0.003138397	-0.00035786425	2.5386832e-06	6325.288954734802
81	0.0	0.0	0.0	0.0	0.0	0.0	0.0	0.0	1000.0	1000.0	323999	0.00032777493	0.00019656133	0.005315222	-0.0031650509	-0.0003277694	2.5382712e-06	6408.919205665588
82	0.0	0.0	0.0	0.0	0.0	0.0	0.0	0.0	1000.0	1000.0	327999	0.0003307553	0.00018976179	0.0051671327	-0.0030148842	-0.00033075083	2.5355982e-06	6492.863112211227
83	0.0	0.0	0.0	0.0	0.0	0.0	0.0	0.0	1000.0	1000.0	331999	0.00035624794	0.00021870864	0.005275186	-0.0031379382	-0.000356255	5.053827e-06	6576.380471229553
84	0.0	0.0	0.0	0.0	0.0	0.0	0.0	0.0	1000.0	1000.0	335999	0.0003444291	0.00025372813	0.00531548	-0.003162388	-0.00034444392	5.0632093e-06	6659.915286540985
85	0.0	0.0	0.0	0.0	0.0	0.0	0.0	0.0	1000.0	1000.0	339999	0.0003826757	0.00016940576	0.00466141	-0.0024515279	-0.00038267035	2.5281074e-06	6743.456844091415
86	0.0	0.0	0.0	0.0	0.0	0.0	0.0	0.0	1000.0	1000.0	343999	0.00033525052	0.00019716556	0.005330371	-0.003165526	-0.0003352487	2.5384686e-06	6826.9536764621735
87	0.0	0.0	0.0	0.0	0.0	0.0	0.0	0.0	1000.0	1000.0	347999	0.0003002085	1.7374457e-05	0.00033298286	0.00027074557	-0.00030019548	3.2302802e-12	6910.513008594513
88	0.0	0.0	0.0	0.0	0.0	0.0	0.0	0.0	1000.0	1000.0	351999	0.000245587	2.9295135e-05	0.0004011285	9.370124e-05	-0.00024559375	6.5364714e-10	6994.171643257141
89	0.0	0.0	0.0	0.0	0.0	0.0	0.0	0.0	1000.0	1000.0	355999	0.0002422105	0.00019740684	0.0052391505	-0.0032576253	-0.00024220507	2.538566e-06	7077.937690973282
90	0.0	0.0	0.0	0.0	0.0	0.0	0.0	0.0	1000.0	1000.0	359999	0.00024891226	0.0002667387	0.005220443	-0.0032516154	-0.0002489295	5.070121e-06	7161.521368503571
91	0.0	0.0	0.0	0.0	0.0	0.0	0.0	0.0	1000.0	1000.0	363999	0.00028256854	0.00018802569	0.00507655	-0.0030265716	-0.00028256915	2.5349777e-06	7244.968159198761
92	0.0	0.0	0.0	0.0	0.0	0.0	0.0	0.0	1000.0	1000.0	367999	0.0002830507	0.00026433755	0.0052455133	-0.0032016854	-0.00028306988	5.0689578e-06	7328.340866804123
93	0.0	0.0	0.0	0.0	0.0	0.0	0.0	0.0	1000.0	1000.0	371999	0.00032381175	0.00018044475	0.00492705	-0.0027691647	-0.0003238124	2.532197e-06	7412.386828660965
94	0.0	0.0	0.0	0.0	0.0	0.0	0.0	0.0	1000.0	1000.0	375999	0.00027719422	1.9561685e-05	0.00039865906	9.9851226e-05	-0.00027716797	1.2836457e-10	7496.241655349731
95	0.0	0.0	0.0	0.0	0.2	0.59999996	2.0	0.0	1000.0	1000.0	379999	0.00029061097	0.000308593	0.00526154	-0.003234409	-0.00029065378	7.59313e-06	7580.108984470367
96	0.0	0.0	0.0	0.0	0.0	0.0	0.0	0.0	1000.0	1000.0	383999	0.00035224223	0.0001726786	0.004738049	-0.0025506567	-0.00035223653	2.5294087e-06	7664.294713020325
97	0.0	0.0	0.0	0.0	0.0	0.0	0.0	0.0	1000.0	1000.0	387999	0.0002956662	2.2313987e-05	0.00040729652	0.00015128504	-0.00029565775	2.05342e-10	7748.18772816658
98	0.0	0.0	0.0	0.0	0.0	0.0	0.0	0.0	1000.0	1000.0	391999	0.00024188013	2.9938325e-05	0.00039270724	8.018059e-05	-0.00024185189	6.990866e-10	7832.247239351273
99	0.0	0.0	0.0	0.0	0.0	0.0	0.0	0.0	1000.0	1000.0	395999	0.00021876663	0.00019869149	0.0052205557	-0.0032831216	-0.00021878818	2.5388965e-06	7916.157598257065
100	0.0	0.0	0.0	0.0	0.0	0.0	0.0	0.0	1000.0	1000.0	399999	0.0002412766	0.00018994106	0.0050785914	-0.0031131976	-0.00024128353	2.535677e-06	7999.794960021973
101	0.0	0.0	0.0	0.0	0.0	0.0	0.0	0.0	1000.0	1000.0	403999	0.00020807066	1.7457813e-05	0.00037474785	2.282692e-05	-0.00020806224	1.598654e-10	8083.6346690654755
102	0.0	0.0	0.0	0.0	0.0	0.0	0.0	0.0	1000.0	1000.0	407999	0.00019646618	0.0001984227	0.0051974193	-0.0033051558	-0.00019646775	2.5388167e-06	8167.564200401306
103	0.0	0.0	0.0	0.0	0.0	0.0	0.0	0.0	1000.0	1000.0	411999	0.00018147637	1.0541994e-05	0.00020032853	0.00015209014	-0.00018146433	1.1425754e-12	8251.090403795242
104	0.0	0.0	0.0	0.0	0.0	0.0	0.0	0.0	1000.0	1000.0	415999	0.00014849406	2.8537546e-05	0.00031549702	-1.955821e-05	-0.00014848674	7.3964146e-10	8334.776441335678
105	0.0	0.0	0.0	0.0	0.0	0.0	0.0	0.0	1000.0	1000.0	419999	0.00013254455	0.00020037728	0.0051568416	-0.003380456	-0.00013255248	2.5391082e-06	8418.569424390793
106	0.0	0.0	0.0	0.0	0.0	0.0	0.0	0.0	1000.0	1000.0	423999	0.00020936986	0.00030435796	0.0048467056	-0.0029985118	-0.00020940225	7.590648e-06	8502.280227184296
107	0.0	0.0	0.0	0.0	0.0	0.0	0.0	0.0	1000.0	1000.0	427999	0.00024545018	1.4235359e-05	0.00027091228	0.00022157113	-0.00024544008	9.84099e-13	8586.236166000366
108	0.0	0.0	0.0	0.0	0.0	0.0	0.0	0.0	1000.0	1000.0	431999	0.000200828	2.4216615e-05	0.00034116252	3.107637e-05	-0.00020081784	4.5194481e-10	8670.052310466766
109	0.0	0.0	0.0	0.0	0.0	0.0	0.0	0.0	1000.0	1000.0	435999	0.00016427586	2.8670023e-05	0.00032079045	-3.2269454e-06	-0.00016427705	7.2827333e-10	8753.810082912445
110	0.0	0.0	0.0	0.0	0.0	0.0	0.0	0.0	1000.0	1000.0	439999	0.00018115282	0.00019691265	0.0051724594	-0.0033249825	-0.00018115326	2.5384672e-06	8837.394886732101
111	0.0	0.0	0.0	0.0	0.0	0.0	0.0	0.0	1000.0	1000.0	443999	0.00025274314	0.00030960154	0.005147341	-0.0032744508	-0.00025277055	7.594756e-06	8921.455717802048
112	0.0	0.0	0.0	0.0	0.0	0.0	0.0	0.0	1000.0	1000.0	447999	0.0002698656	0.000254644	0.0052214772	-0.0032071606	-0.00026987976	5.0637136e-06	9005.31340622902
113	0.0	0.0	0.0	0.0	0.0	0.0	0.0	0.0	1000.0	1000.0	451999	0.0002860207	1.6576489e-05	0.00031700914	0.0002557074	-0.00028600788	2.5141148e-12	9089.113812446594
114	0.0	0.0	0.0	0.0	0.0	0.0	0.0	0.0	1000.0	1000.0	455999	0.00028093878	0.00019624444	0.0052607353	-0.0031986472	-0.00028094	2.5380616e-06	9173.47198677063
115	0.0	0.0	0.0	0.0	0.0	0.0	0.0	0.0	1000.0	1000.0	459999	0.00025700053	0.00019722288	0.0052565895	-0.0032434966	-0.0002569993	2.5384427e-06	9257.46648311615
116	0.0	0.0	0.0	0.0	0.0	0.0	0.0	0.0	1000.0	1000.0	463999	0.00026045687	0.00019465681	0.0052060615	-0.0031933945	-0.0002604553	2.5374866e-06	9341.488140106201
117	0.0	0.0	0.0	0.0	0.0	0.0	0.0	0.0	1000.0	1000.0	467999	0.00024121611	0.00019699002	0.005237937	-0.0032543808	-0.00024121797	2.5383908e-06	9425.201738357544
118	0.0	0.0	0.0	0.0	0.0	0.0	0.0	0.0	1000.0	1000.0	471999	0.00026632048	0.00018528567	0.0049920236	-0.002970959	-0.00026632138	2.5339502e-06	9509.105978012085
119	0.0	0.0	0.0	0.0	0.0	0.0	0.0	0.0	1000.0	1000.0	475999	0.00023107204	1.724762e-05	0.0003894601	4.8675574e-05	-0.00023105866	1.1909992e-10	9593.017742872238
120	0.0	0.0	0.0	0.0	0.0	0.0	0.0	0.0	1000.0	1000.0	479999	0.00018902673	2.9175138e-05	0.0003712614	1.725572e-05	-0.0001890186	7.2957285e-10	9676.660680532455
121	0.0	0.0	0.0	0.0	0.0	0.0	0.0	0.0	1000.0	1000.0	483999	0.00015466093	2.8598335e-05	0.00032879508	-3.137425e-05	-0.00015463817	7.348848e-10	9760.33871102333
122	0.0	0.0	0.0	0.0	0.0	0.0	0.0	0.0	1000.0	1000.0	487999	0.00017275261	0.0001971715	0.005166219	-0.0033372655	-0.00017277402	2.5384863e-06	9844.458398580551
123	0.0	0.0	0.0	0.0	0.0	0.0	0.0	0.0	1000.0	1000.0	491999	0.00014216169	2.0068244e-05	0.00026848773	-4.48848e-06	-0.00014215492	3.3510644e-10	9928.137368679047
124	0.0	0.0	0.0	0.0	0.0	0.0	0.0	0.0	1000.0	1000.0	495999	0.00018225417	0.00026838543	0.0051501994	-0.0033460981	-0.00018227052	5.0711074e-06	10011.930280685425
125	0.0	0.0	0.0	0.0	0.3	0.90000004	3.0	0.0	1000.0	1000.0	499999	0.00017669931	1.0251161e-05	0.0001950343	0.00015718669	-0.00017669199	1.61386e-12	10095.650496959686
126	0.0	0.0	0.0	0.0	0.0	0.0	0.0	0.0	1000.0	1000.0	503999	0.00014453921	2.7496253e-05	0.0002992569	-6.65689e-06	-0.00014453247	6.828021e-10	10179.178136825562
127	0.0	0.0	0.0	0.0	0.0	0.0	0.0	0.0	1000.0	1000.0	507999	0.00017376643	0.00027136685	0.005150335	-0.0033458993	-0.000173789	5.072626e-06	10262.879226922989
128	0.0	0.0	0.0	0.0	0.0	0.0	0.0	0.0	1000.0	1000.0	511999	0.00022261149	0.00025715333	0.0050805877	-0.0031791972	-0.00022262818	5.0648255e-06	10346.604546070099
129	0.0	0.0	0.0	0.0	0.0	0.0	0.0	0.0	1000.0	1000.0	515999	0.00025285388	0.0001936863	0.0051768017	-0.0031814675	-0.00025285262	2.5371066e-06	10430.262874603271
130	0.0	0.0	0.0	0.0	0.0	0.0	0.0	0.0	1000.0	1000.0	519999	0.00023384058	1.3547011e-05	0.00025809454	0.00021059214	-0.00023382882	1.4776655e-12	10513.97933101654
131	0.0	0.0	0.0	0.0	0.0	0.0	0.0	0.0	1000.0	1000.0	523999	0.00019131303	2.7457736e-05	0.00036432012	1.8784078e-05	-0.00019130475	6.293182e-10	10597.929593801498
132	0.0	0.0	0.0	0.0	0.0	0.0	0.0	0.0	1000.0	1000.0	527999	0.00015648612	2.8973698e-05	0.00034911497	-5.56022e-05	-0.00015645323	7.5415085e-10	10681.710123538971
133	0.0	0.0	0.0	0.0	0.0	0.0	0.0	0.0	1000.0	1000.0	531999	0.00016784854	0.00027328808	0.005160442	-0.0033426813	-0.0001678932	5.0737112e-06	10765.470494747162
134	0.0	0.0	0.0	0.0	0.0	0.0	0.0	0.0	1000.0	1000.0	535999	0.00022832015	0.00017304151	0.0046219938	-0.0026878945	-0.00022832428	2.529578e-06	10849.171875
135	0.0	0.0	0.0	0.0	0.0	0.0	0.0	0.0	1000.0	1000.0	539999	0.00026390282	0.00026827815	0.0051116534	-0.0031407308	-0.00026391412	5.071476e-06	10932.930065631866
136	0.0	0.0	0.0	0.0	0.0	0.0	0.0	0.0	1000.0	1000.0	543999	0.0002809859	0.0001864949	0.005037061	-0.0029865718	-0.00028098602	2.5343838e-06	11017.125607728958
137	0.25	0.4330127	1.0	0.0	0.0	0.0	0.0	0.0	1000.0	1000.0	547999	0.00025215177	0.00019601246	0.005237562	-0.0032289573	-0.00025215268	2.5384468e-06	11100.941629886627
138	0.0	0.0	0.0	0.0	0.0	0.0	0.0	0.0	1000.0	1000.0	551999	0.00023802942	1.3815214e-05	0.00026274673	0.00021489592	-0.00023801741	5.895208e-13	11184.754477739334
139	0.0	0.0	0.0	0.0	0.0	0.0	0.0	0.0	1000.0	1000.0	555999	0.00020293913	0.00019831062	0.0052054427	-0.0032917636	-0.0002029435	2.5389184e-06	11268.40129828453
140	0.0	0.0	0.0	0.0	0.0	0.0	0.0	0.0	1000.0	1000.0	559999	0.00030312318	0.00028255774	0.004564984	-0.00257341	-0.00030314608	7.578033e-06	11351.920174598694
141	0.0	0.0	0.0	0.0	0.0	0.0	0.0	0.0	1000.0	1000.0	563999	0.00028790705	1.669832e-05	0.00031776974	0.00025941496	-0.00028789253	3.1124062e-13	11435.730787038803
142	0.0	0.0	0.0	0.0	0.0	0.0	0.0	0.0	1000.0	1000.0	567999	0.00027548565	0.0001971459	0.005272111	-0.00321975	-0.0002754817	2.5384961e-06	11519.319063663483
143	0.0	0.0	0.0	0.0	0.0	0.0	0.0	0.0	1000.0	1000.0	571999	0.00024744752	0.00019717387	0.0052448856	-0.003249455	-0.00024744772	2.538483e-06	11603.176390886307
144	0.0	0.0	0.0	0.0	0.0	0.0	0.0	0.0	1000.0	1000.0	575999	0.00028211286	0.00031962703	0.0052033234	-0.0032072172	-0.0002821498	1.009753e-05	11687.024792671204
145	0.25	0.4330127	1.0	0.0	0.0	0.0	0.0	0.0	1000.0	1000.0	579999	0.00043478757	0.00027943015	0.0048701856	-0.0025487125	-0.00043480497	7.5756257e-06	11770.676226615906
146	0.0	0.0	0.0	0.0	0.0	0.0	0.0	0.0	1000.0	1000.0	583999	0.00044229496	0.00019447223	0.0053739273	-0.0030160407	-0.0004422864	2.5373972e-06	11854.608903884888
147	0.0	0.0	0.0	0.0	0.0	0.0	0.0	0.0	1000.0	1000.0	587999	0.00039304898	2.2758162e-05	0.0004337758	0.0003546767	-0.00039303114	1.9828945e-12	11938.368249416351
148	0.0	0.0	0.0	0.0	0.0	0.0	0.0	0.0	1000.0	1000.0	591999	0.00033144958	0.00019833285	0.0053239237	-0.0031720113	-0.00033144766	2.5389072e-06	12022.31906247139
149	0.0	0.0	0.0	0.0	0.0	0.0	0.0	0.0	1000.0	1000.0	595999	0.00036670276	0.00025239118	0.0050507933	-0.0028215102	-0.00036671065	5.0631024e-06	12106.400163173676
150	0.0	0.0	0.0	0.0	0.0	0.0	0.0	0.0	1000.0	1000.0	599999	0.00038167473	0.0003279673	0.0052879476	-0.0030876826	-0.00038156705	1.0104986e-05	12190.150257110596
151	0.0	0.0	0.0	0.0	0.0	0.0	0.0	0.0	1000.0	1000.0	603999	0.0004905031	0.0001527151	0.0040644207	-0.001814567	-0.0004906351	2.5226675e-06	12274.046949863434
152	0.0	0.0	0.0	0.0	0.0	0.0	0.0	0.0	1000.0	1000.0	607999	0.0004639422	0.00030897924	0.0054088063	-0.0030105577	-0.00046396183	7.5942207e-06	12357.859868764877
153	0.0	0.0	0.0	0.0	0.0	0.0	0.0	0.0	1000.0	1000.0	611999	0.00048655656	0.00018593455	0.005227409	-0.0027723652	-0.00048654614	2.5342115e-06	12441.720995903015
154	0.0	0.0	0.0	0.0	0.0	0.0	0.0	0.0	1000.0	1000.0	615999	0.0005794551	0.000357566	0.0051911683	-0.0027322748	-0.00057948835	1.2624673e-05	12525.617859363556
155	0.0	0.0	0.0	0.0	0.0	0.0	0.0	0.0	1000.0	1000.0	619999	0.0006132839	0.00032770747	0.0052900505	-0.0026199778	-0.0006131614	1.0106026e-05	12609.310990571976
156	0.0	0.0	0.0	0.0	0.0	0.0	0.0	0.0	1000.0	1000.0	623999	0.00069990434	0.00021971935	0.0044186497	-0.0016933595	-0.0007000362	5.0472995e-06	12693.289510726929
157	0.0	0.0	0.0	0.0	0.0	0.0	0.0	0.0	1000.0	1000.0	627999	0.00064856943	0.0003140551	0.0055189375	-0.002722098	-0.000648574	7.597684e-06	12777.13349366188
158	0.0	0.0	0.0	0.0	0.0	0.0	0.0	0.0	1000.0	1000.0	631999	0.00068231195	0.00022388685	0.0048884666	-0.0021066165	-0.0006823039	5.049319e-06	12860.75086069107
159	0.0	0.0	0.0	0.0	0.0	0.0	0.0	0.0	1000.0	1000.0	635999	0.00062352256	0.00026328274	0.00553735	-0.0028715783	-0.000623765	5.067848e-06	12944.335855960846
160	0.0	0.0	0.0	0.0	0.1	0.29999998	1.0	0.0	1000.0	1000.0	639999	0.0006166976	0.00029449578	0.005445309	-0.0027910075	-0.0006164584	7.5850444e-06	13028.20133638382
161	0.0	0.0	0.0	0.0	0.0	0.0	0.0	0.0	1000.0	1000.0	643999	0.00063448807	0.00028678234	0.0053170566	-0.0026270594	-0.0006344954	7.5808584e-06	13111.997357845306
162	0.0	0.0	0.0	0.0	0.0	0.0	0.0	0.0	1000.0	1000.0	647999	0.0006816586	0.00022589153	0.004801584	-0.0020687252	-0.00068164914	5.050019e-06	13196.060834407806
163	0.0	0.0	0.0	0.0	0.0	0.0	0.0	0.0	1000.0	1000.0	651999	0.0005705311	3.47385e-05	0.0006296998	0.000422809	-0.0005705059	1.1249621e-10	13279.197511434555
164	0.0	0.0	0.0	0.0	0.0	0.0	0.0	0.0	1000.0	1000.0	655999	0.00057725183	0.0003597045	0.0055040023	-0.0029845103	-0.0005772834	1.2627658e-05	13362.590843439102
165	0.0	0.0	0.0	0.0	0.0	0.0	0.0	0.0	1000.0	1000.0	659999	0.00059206854	3.429332e-05	0.00065343495	0.00053089217	-0.0005920401	1.4263595e-12	13445.976288795471
166	0.0	0.0	0.0	0.0	0.0	0.0	0.0	0.0	1000.0	1000.0	663999	0.0005504652	0.00027112776	0.005522791	-0.0029160734	-0.0005504644	5.0728786e-06	13529.746827363968
167	0.0	0.0	0.0	0.0	0.0	0.0	0.0	0.0	1000.0	1000.0	667999	0.000516276	0.00025314634	0.0054360814	-0.0029501515	-0.00051627686	5.063309e-06	13613.799981832504
168	0.0	0.0	0.0	0.0	0.0	0.0	0.0	0.0	1000.0	1000.0	671999	0.00047720986	2.7660273e-05	0.00052693486	0.0004309023	-0.0004771857	1.3512995e-12	13697.611809492111
169	0.0	0.0	0.0	0.0	0.0	0.0	0.0	0.0	1000.0	1000.0	675999	0.00043673813	0.0002937067	0.0063409987	-0.0032559729	-0.00043674055	5.0801195e-06	13781.396934509277
170	0.0	0.0	0.0	0.0	0.0	0.0	0.0	0.0	1000.0	1000.0	679999	0.00043268714	0.00026306903	0.005333763	-0.0029925362	-0.00043271738	5.0686313e-06	13865.115836381912
171	0.0	0.0	0.0	0.0	0.0	0.0	0.0	0.0	1000.0	1000.0	683999	0.0005094567	0.00027822607	0.0047475058	-0.0023874864	-0.00050944544	7.575846e-06	13948.733869075775
172	0.0	0.0	0.0	0.0	0.0	0.0	0.0	0.0	1000.0	1000.0	687999	0.00046572144	2.7000082e-05	0.00051404635	0.0004166064	-0.0004656995	6.0420776e-13	14032.475734472275
173	0.25	0.4330127	1.0	0.0	0.0	0.0	0.0	0.0	1000.0	1000.0	691999	0.000420997	0.00026727302	0.005411183	-0.0030855234	-0.00042100178	5.070783e-06	14116.10784459114
174	0.0	0.0	0.0	0.0	0.0	0.0	0.0	0.0	1000.0	1000.0	695999	0.0004965015	0.00032816938	0.0049515595	-0.002532729	-0.0004965276	1.01054975e-05	14199.909055233002
175	0.0	0.0	0.0	0.0	0.0	0.0	0.0	0.0	1000.0	1000.0	699999	0.00053874985	0.00024880946	0.0052141366	-0.0026743046	-0.00053874863	5.0612884e-06	14283.55420422554
176	0.0	0.0	0.0	0.0	0.0	0.0	0.0	0.0	1000.0	1000.0	703999	0.00052227214	0.00018711563	0.0052921665	-0.0027431531	-0.0005222582	2.5344666e-06	14367.594750404358
177	0.0	0.0	0.0	0.0	0.0	0.0	0.0	0.0	1000.0	1000.0	707999	0.00050250906	0.00031175851	0.005412215	-0.0029291199	-0.00050252536	7.5961416e-06	14451.476286411285
178	0.0	0.0	0.0	0.0	0.1	0.29999998	1.0	0.0	1000.0	1000.0	711999	0.0005285475	0.00016309766	0.0046006436	-0.002133184	-0.000528535	2.5258137e-06	14535.523466587067
179	0.0	0.0	0.0	0.0	0.0	0.0	0.0	0.0	1000.0	1000.0	715999	0.00044925706	0.00019575436	0.00541508	-0.003034366	-0.00044924906	2.5384786e-06	14619.502363204956
180	0.0	0.0	0.0	0.0	0.0	0.0	0.0	0.0	1000.0	1000.0	719999	0.00043627026	0.0001854391	0.005168651	-0.0027970518	-0.00043626083	2.5339677e-06	14703.095380306244
181	0.0	0.0	0.0	0.0	0.0	0.0	0.0	0.0	1000.0	1000.0	723999	0.00041022073	0.0001939275	0.005340757	-0.0030123754	-0.0004102133	2.5370587e-06	14786.795855283737
182	0.0	0.0	0.0	0.0	0.0	0.0	0.0	0.0	1000.0	1000.0	727999	0.00035952314	0.00019784628	0.0053592687	-0.003152332	-0.00035951758	2.5384818e-06	14870.573788642883
183	0.0	0.0	0.0	0.0	0.0	0.0	0.0	0.0	1000.0	1000.0	731999	0.000363799	0.00018422883	0.005063099	-0.0028310576	-0.0003637933	2.5334725e-06	14954.202495098114
184	0.0	0.0	0.0	0.0	0.0	0.0	0.0	0.0	1000.0	1000.0	735999	0.00035713468	0.00030496294	0.0053215367	-0.0031548317	-0.0003568293	7.591501e-06	15038.089461565018
185	0.0	0.0	0.0	0.0	0.0	0.0	0.0	0.0	1000.0	1000.0	739999	0.0004441284	0.00023874134	0.004798553	-0.0024438684	-0.00044445688	5.056423e-06	15121.823354959488
186	0.0	0.0	0.0	0.0	0.0	0.0	0.0	0.0	1000.0	1000.0	743999	0.00042920906	0.00026837803	0.0053253733	-0.002981516	-0.00042921404	5.07144e-06	15205.625266075134
187	0.0	0.0	0.0	0.0	0.0	0.0	0.0	0.0	1000.0	1000.0	747999	0.00048626293	0.00022162602	0.004474655	-0.0021762168	-0.00048626494	5.0483864e-06	15289.253356218338
188	0.0	0.0	0.0	0.0	0.0	0.0	0.0	0.0	1000.0	1000.0	751999	0.00053137395	0.00034307654	0.005352954	-0.0029281066	-0.00053140067	1.0115284e-05	15372.897147893906
189	0.0	0.0	0.0	0.0	0.0	0.0	0.0	0.0	1000.0	1000.0	755999	0.00059472065	0.00035108443	0.005275897	-0.0027323507	-0.00059475267	1.26185e-05	15457.15331864357
190	0.0	0.0	0.0	0.0	0.0	0.0	0.0	0.0	1000.0	1000.0	759999	0.00068865705	0.00028254144	0.005235183	-0.0024224399	-0.00068866013	7.5785724e-06	15541.069985866547
191	0.0	0.0	0.0	0.0	0.0	0.0	0.0	0.0	1000.0	1000.0	763999	0.00069286255	0.0003304309	0.005408783	-0.0025734042	-0.0006928773	1.0107484e-05	15624.881488084793
192	0.0	0.0	0.0	0.0	0.0	0.0	0.0	0.0	1000.0	1000.0	767999	0.0007857295	0.00030787784	0.005381204	-0.0024034958	-0.0007857419	1.0093094e-05	15708.62928724289
193	0.0	0.0	0.0	0.0	0.0	0.0	0.0	0.0	1000.0	1000.0	771999	0.000761701	0.00025730618	0.0055635064	-0.0025878192	-0.0007616879	5.0654753e-06	15792.382055997849
194	0.0	0.0	0.0	0.0	0.0	0.0	0.0	0.0	1000.0	1000.0	775999	0.000812602	0.00031596003	0.0051383	-0.0020921717	-0.0008126122	1.00991665e-05	15876.502379179
195	0.0	0.0	0.0	0.0	0.0	0.0	0.0	0.0	1000.0	1000.0	779999	0.00080759166	0.00028819518	0.0055367174	-0.0025077576	-0.00080758944	7.5819985e-06	15960.11845779419
196	0.0	0.0	0.0	0.0	0.0	0.0	0.0	0.0	1000.0	1000.0	783999	0.0007933931	0.00031840283	0.0055855853	-0.002617319	-0.0007934066	1.010065e-05	16044.114889621735
197	0.0	0.0	0.0	0.0	0.0	0.0	0.0	0.0	1000.0	1000.0	787999	0.0008212126	0.00021061812	0.005312834	-0.0021799086	-0.00082119333	5.035751e-06	16128.361334323883
198	0.0	0.0	0.0	0.0	0.0	0.0	0.0	0.0	1000.0	1000.0	791999	0.0007963095	0.00028628923	0.0056653894	-0.00266658	-0.000796307	7.5805583e-06	16212.135023117065
199	0.0	0.0	0.0	0.0	0.0	0.0	0.0	0.0	1000.0	1000.0	795999	0.00079115113	0.00028963367	0.0055673616	-0.0025672915	-0.00079115055	7.582822e-06	16296.081085205078
200	0.0	0.0	0.0	0.0	0.0	0.0	0.0	0.0	1000.0	1000.0	799999	0.00073581515	0.0002529396	0.005640153	-0.002712893	-0.0007358034	5.0634007e-06	16379.95962715149
201	0.0	0.0	0.0	0.0	0.0	0.0	0.0	0.0	1000.0	1000.0	803999	0.00067552313	0.00024569998	0.0056080543	-0.0028323715	-0.00067551574	5.056663e-06	16463.932901382446
202	0.0	0.0	0.0	0.0	0.0	0.0	0.0	0.0	1000.0	1000.0	807999	0.0007203956	0.0003239033	0.005242405	-0.002335275	-0.000720413	1.0101848e-05	16547.768883943558
203	0.0	0.0	0.0	0.0	0.0	0.0	0.0	0.0	1000.0	1000.0	811999	0.00070822996	0.00017119218	0.005011583	-0.0021241822	-0.0007082047	2.5282616e-06	16631.90310740471
204	0.0	0.0	0.0	0.0	0.0	0.0	0.0	0.0	1000.0	1000.0	815999	0.000613969	0.00025215288	0.005584827	-0.0029102308	-0.00061396306	5.0627045e-06	16715.64021921158
205	0.0	0.0	0.0	0.0	0.0	0.0	0.0	0.0	1000.0	1000.0	819999	0.00064600946	0.00032822898	0.005200909	-0.0024681909	-0.00064620376	1.0106359e-05	16799.48085451126
206	0.0	0.0	0.0	0.0	0.0	0.0	0.0	0.0	1000.0	1000.0	823999	0.00064793706	0.00019558727	0.0055086464	-0.002779579	-0.0006477426	2.5373188e-06	16882.811623573303
207	0.0	0.0	0.0	0.0	0.0	0.0	0.0	0.0	1000.0	1000.0	827999	0.0006564516	0.00032903886	0.005443315	-0.0027019633	-0.0006564712	1.0106884e-05	16966.68011045456
208	0.0	0.0	0.0	0.0	0.0	0.0	0.0	0.0	1000.0	1000.0	831999	0.0006879405	0.00023371146	0.0048744217	-0.0021176368	-0.00068793254	5.054118e-06	17050.481734514236
209	0.0	0.0	0.0	0.0	0.0	0.0	0.0	0.0	1000.0	1000.0	835999	0.0006099449	0.0001973405	0.0055701924	-0.0028990107	-0.00060992787	2.5381573e-06	17134.446380615234
210	0.0	0.0	0.0	0.0	0.0	0.0	0.0	0.0	1000.0	1000.0	839999	0.0006614765	0.00035527037	0.004947363	-0.0021942016	-0.0006612072	1.2625333e-05	17218.17163515091
211	0.0	0.0	0.0	0.0	0.0	0.0	0.0	0.0	1000.0	1000.0	843999	0.00064558076	8.3206774e-05	0.0024421024	-0.0004871445	-0.0006458483	5.403368e-09	17301.87353515625
212	0.0	0.0	0.0	0.0	0.0	0.0	0.0	0.0	1000.0	1000.0	847999	0.00054821913	0.00019862315	0.005552526	-0.002976372	-0.00054820575	2.5385834e-06	17385.644008398056
213	0.0	0.0	0.0	0.0	0.2	0.59999996	2.0	0.0	1000.0	1000.0	851999	0.00058874185	0.00032724996	0.0053371214	-0.0028045585	-0.0005887642	1.0104546e-05	17469.685249567032
214	0.0	0.0	0.0	0.0	0.0	0.0	0.0	0.0	1000.0	1000.0	855999	0.0005523854	3.201479e-05	0.00060969166	0.0004979756	-0.000552359	1.0524137e-12	17553.316971302032
215	0.0	0.0	0.0	0.0	0.0	0.0	0.0	0.0	1000.0	1000.0	859999	0.00047171215	0.00019855263	0.0054709287	-0.003045021	-0.0004717015	2.5387244e-06	17637.24591779709
216	0.0	0.0	0.0	0.0	0.0	0.0	0.0	0.0	1000.0	1000.0	863999	0.00041312794	2.3960953e-05	0.00045624285	0.00037283028	-0.00041310716	2.5583339e-13	17720.87521147728
217	0.0	0.0	0.0	0.0	0.0	0.0	0.0	0.0	1000.0	1000.0	867999	0.00036860124	0.00025283117	0.005349569	-0.003145441	-0.0003686105	5.0628328e-06	17804.88835120201
218	0.0	0.0	0.0	0.0	0.0	0.0	0.0	0.0	1000.0	1000.0	871999	0.00039763688	0.0002610441	0.0051721064	-0.0029023637	-0.00039764371	5.067543e-06	17889.00065469742
219	0.0	0.0	0.0	0.0	0.0	0.0	0.0	0.0	1000.0	1000.0	875999	0.00044098386	0.00024296368	0.0049746693	-0.0026126052	-0.00044098933	5.05824e-06	17972.943522453308
220	0.0	0.0	0.0	0.0	0.0	0.0	0.0	0.0	1000.0	1000.0	879999	0.00041261478	0.00019605947	0.0053806817	-0.0030751503	-0.00041260655	2.538027e-06	18056.711448431015
221	0.0	0.0	0.0	0.0	0.0	0.0	0.0	0.0	1000.0	1000.0	883999	0.00039276303	0.00019316873	0.005306358	-0.0030368096	-0.00039275683	2.5369689e-06	18140.474216222763
222	0.0	0.0	0.0	0.0	0.0	0.0	0.0	0.0	1000.0	1000.0	887999	0.00034471223	1.997721e-05	0.0003804398	0.0003112277	-0.00034469395	1.7063126e-12	18224.200509548187
223	0.0	0.0	0.0	0.0	0.0	0.0	0.0	0.0	1000.0	1000.0	891999	0.000327192	0.00019745035	0.0053306976	-0.0031656893	-0.00032718873	2.5384716e-06	18307.79996418953
224	0.0	0.0	0.0	0.0	0.0	0.0	0.0	0.0	1000.0	1000.0	895999	0.0003327626	0.00029709633	0.0052929437	-0.003198762	-0.00033278795	7.585481e-06	18391.244916915894
225	0.0	0.0	0.0	0.0	0.0	0.0	0.0	0.0	1000.0	1000.0	899999	0.00036710818	0.00019283615	0.005270812	-0.0030563402	-0.00036710483	2.5368256e-06	18474.773931264877
226	0.0	0.0	0.0	0.0	0.0	0.0	0.0	0.0	1000.0	1000.0	903999	0.00033507118	0.0001967642	0.0053168586	-0.0031615219	-0.0003350674	2.5382506e-06	18558.304389238358
227	0.0	0.0	0.0	0.0	0.0	0.0	0.0	0.0	1000.0	1000.0	907999	0.00033887432	0.00024568196	0.005252446	-0.0031151536	-0.00033888192	5.0591516e-06	18641.81065750122
228	0.0	0.0	0.0	0.0	0.0	0.0	0.0	0.0	1000.0	1000.0	911999	0.00034511654	2.0002908e-05	0.00038091344	0.00031162277	-0.00034509948	2.9538633e-13	18725.042232751846
229	0.0	0.0	0.0	0.0	0.0	0.0	0.0	0.0	1000.0	1000.0	915999	0.00028229758	2.6582311e-05	0.0004519943	9.463512e-05	-0.00028228367	4.3680348e-10	18808.567902565002
230	0.0	0.0	0.0	0.0	0.0	0.0	0.0	0.0	1000.0	1000.0	919999	0.00023091344	3.0461026e-05	0.00042755876	3.374039e-05	-0.00023089876	7.4568274e-10	18892.346364736557
231	0.0	0.0	0.0	0.0	0.0	0.0	0.0	0.0	1000.0	1000.0	923999	0.00024194368	0.00026823283	0.0052225227	-0.003274696	-0.00024195874	5.0709295e-06	18976.416835308075
232	0.0	0.0	0.0	0.0	0.0	0.0	0.0	0.0	1000.0	1000.0	927999	0.00031401115	0.00030296072	0.004915626	-0.002855704	-0.0003140336	7.5901366e-06	19059.563984632492
233	0.0	0.0	0.0	0.0	0.0	0.0	0.0	0.0	1000.0	1000.0	931999	0.00038398945	0.00024780486	0.0049136905	-0.0026146467	-0.00038399725	5.060796e-06	19142.856711387634
234	0.0	0.0	0.0	0.0	0.0	0.0	0.0	0.0	1000.0	1000.0	935999	0.00034337997	1.9911295e-05	0.0003790175	0.00030182747	-0.00034336295	9.828777e-13	19226.75074362755
235	0.0	0.0	0.0	0.0	0.0	0.0	0.0	0.0	1000.0	1000.0	939999	0.00030805366	0.00019780564	0.005306444	-0.0031912369	-0.00030805188	2.5387367e-06	19310.499655008316
236	0.0	0.0	0.0	0.0	0.0	0.0	0.0	0.0	1000.0	1000.0	943999	0.00031531905	0.00018907672	0.0051332647	-0.003009889	-0.00031531524	2.5352876e-06	19394.243493556976
237	0.0	0.0	0.0	0.0	0.0	0.0	0.0	0.0	1000.0	1000.0	947999	0.00031544996	0.0002945003	0.0052817725	-0.003212826	-0.00031547277	7.583806e-06	19477.999838113785
238	0.0	0.0	0.0	0.0	0.0	0.0	0.0	0.0	1000.0	1000.0	951999	0.0003746912	0.00025890884	0.0051700347	-0.0029514213	-0.00037469875	5.066361e-06	19561.793823719025
239	0.0	0.0	0.0	0.0	0.0	0.0	0.0	0.0	1000.0	1000.0	955999	0.00037649876	0.00019489347	0.0053140568	-0.003087086	-0.00037649204	2.5375025e-06	19645.385229110718
240	0.0	0.0	0.0	0.0	0.0	0.0	0.0	0.0	1000.0	1000.0	959999	0.00041582406	0.00023534564	0.004910718	-0.002606294	-0.000415827	5.054448e-06	19728.975600481033
241	0.0	0.0	0.0	0.0	0.0	0.0	0.0	0.0	1000.0	1000.0	963999	0.00040939395	0.0002676182	0.005324016	-0.003027022	-0.00040940073	5.0709928e-06	19812.724329471588
242	0.0	0.0	0.0	0.0	0.0	0.0	0.0	0.0	1000.0	1000.0	967999	0.00039951503	0.00019361565	0.005317518	-0.0030410183	-0.00039950444	2.537108e-06	19896.37264895439
243	0.0	0.0	0.0	0.0	0.2	0.59999996	2.0	0.0	1000.0	1000.0	971999	0.000399625	0.00018060734	0.004999668	-0.002670226	-0.00039961725	2.532035e-06	19979.950810432434
244	0.0	0.0	0.0	0.0	0.0	0.0	0.0	0.0	1000.0	1000.0	975999	0.00036499454	0.0001963922	0.0053517385	-0.003117854	-0.0003649912	2.5381623e-06	20063.386395931244
245	0.0	0.0	0.0	0.0	0.0	0.0	0.0	0.0	1000.0	1000.0	979999	0.00037970993	0.0003146466	0.0052912156	-0.0030900377	-0.00037973025	7.597813e-06	20146.979738235474
246	0.0	0.0	0.0	0.0	0.0	0.0	0.0	0.0	1000.0	1000.0	983999	0.00045322083	0.00023395265	0.0049654725	-0.0025345173	-0.000453224	5.054299e-06	20230.536289453506
247	0.0	0.0	0.0	0.0	0.0	0.0	0.0	0.0	1000.0	1000.0	987999	0.0004189222	0.00019466324	0.0053674965	-0.0030373544	-0.00041891664	2.537536e-06	20314.15702533722
248	0.0	0.0	0.0	0.0	0.0	0.0	0.0	0.0	1000.0	1000.0	991999	0.00038605728	0.0001957127	0.005355955	-0.0030923833	-0.00038605125	2.5379527e-06	20397.8563952446
249	0.75	1.299038	3.0	0.0	0.0	0.0	0.0	0.0	1000.0	1000.0	995999	0.00033871763	1.9650344e-05	0.00037388492	0.00029887824	-0.00033870057	1.0422181e-12	20481.312074184418
250	0.0	0.0	0.0	0.0	0.0	0.0	0.0	0.0	1000.0	1000.0	999999	0.0004006013	0.00034907088	0.005329868	-0.003170977	-0.00040063143	1.0120533e-05	20564.953155517578
251	0.0	0.0	0.0	0.0	0.0	0.0	0.0	0.0	1000.0	1000.0	1003999	0.000548379	0.00034354086	0.0049405973	-0.002347487	-0.0005484148	1.261534e-05	20648.687645196915
252	0.0	0.0	0.0	0.0	0.0	0.0	0.0	0.0	1000.0	1000.0	1007999	0.0005795074	0.0002894806	0.0053011654	-0.0027243444	-0.00057951635	7.5823173e-06	20732.32510113716
253	0.0	0.0	0.0	0.0	0.0	0.0	0.0	0.0	1000.0	1000.0	1011999	0.0005861444	0.00018227946	0.0052294317	-0.0025410305	-0.00058612763	2.5326585e-06	20816.067876577377
254	0.0	0.0	0.0	0.0	0.0	0.0	0.0	0.0	1000.0	1000.0	1015999	0.000565406	0.00030227707	0.0054900884	-0.0029310037	-0.000565416	7.590086e-06	20899.92671275139
255	0.0	0.0	0.0	0.0	0.0	0.0	0.0	0.0	1000.0	1000.0	1019999	0.0006283428	0.0003233351	0.005100717	-0.0024167264	-0.00062836206	1.0102149e-05	20983.858229875565
256	0.0	0.0	0.0	0.0	0.0	0.0	0.0	0.0	1000.0	1000.0	1023999	0.00065062597	0.00024587868	0.0053792004	-0.002626399	-0.0006506189	5.059841e-06	21067.427187919617
257	0.0	0.0	0.0	0.0	0.0	0.0	0.0	0.0	1000.0	1000.0	1027999	0.00066521624	0.00030174726	0.0051746666	-0.0023439208	-0.00066522113	7.590428e-06	21151.03962635994
258	0.0	0.0	0.0	0.0	0.0	0.0	0.0	0.0	1000.0	1000.0	1031999	0.0005923951	3.4337332e-05	0.00065384817	0.000534896	-0.0005923654	2.5966847e-17	21234.900375127792
259	0.0	0.0	0.0	0.0	0.0	0.0	0.0	0.0	1000.0	1000.0	1035999	0.0005306495	0.00019839252	0.0055451314	-0.0029382424	-0.0005306358	2.5382976e-06	21318.768727064133
260	0.0	0.0	0.0	0.0	0.3	0.90000004	3.0	0.0	1000.0	1000.0	1039999	0.0004715185	0.00019681457	0.0054663615	-0.0030087917	-0.00047150766	2.5382162e-06	21402.414789676666
261	0.0	0.0	0.0	0.0	0.0	0.0	0.0	0.0	1000.0	1000.0	1043999	0.00039628998	2.6789408e-05	0.0005633853	0.00018159207	-0.00039626996	1.8870344e-10	21486.317387104034
262	0.0	0.0	0.0	0.0	0.0	0.0	0.0	0.0	1000.0	1000.0	1047999	0.00037292604	0.00030236773	0.005347313	-0.0031499965	-0.00037294577	7.5895546e-06	21570.00492501259
263	0.0	0.0	0.0	0.0	0.0	0.0	0.0	0.0	1000.0	1000.0	1051999	0.00058238534	0.00038413043	0.0045581823	-0.0019512359	-0.00058244466	1.763904e-05	21653.720499038696
264	0.0	0.0	0.0	0.0	0.0	0.0	0.0	0.0	1000.0	1000.0	1055999	0.00064077036	0.000178483	0.005176513	-0.0023625768	-0.0006407509	2.531265e-06	21736.725558519363
265	0.0	0.0	0.0	0.0	0.0	0.0	0.0	0.0	1000.0	1000.0	1059999	0.0005405316	3.232522e-05	0.0006763261	0.0003175111	-0.00054050446	6.236645e-11	21819.688924074173
266	0.0	0.0	0.0	0.0	0.0	0.0	0.0	0.0	1000.0	1000.0	1063999	0.0004912767	0.00019887768	0.0055134417	-0.0029835836	-0.000491265	2.5384359e-06	21902.72142100334
267	0.0	0.0	0.0	0.0	0.0	0.0	0.0	0.0	1000.0	1000.0	1067999	0.00050315325	0.00030578164	0.0054298225	-0.0030016117	-0.00050316646	7.5925254e-06	21986.470373868942
268	0.0	0.0	0.0	0.0	0.0	0.0	0.0	0.0	1000.0	1000.0	1071999	0.00054998236	0.00033927755	0.0052047083	-0.002696991	-0.0005500673	1.01138885e-05	22070.08501148224
269	0.0	0.0	0.0	0.0	0.0	0.0	0.0	0.0	1000.0	1000.0	1075999	0.00065609626	0.0002541541	0.004308198	-0.0018109544	-0.0006560397	7.563139e-06	22153.89785552025
270	0.0	0.0	0.0	0.0	0.0	0.0	0.0	0.0	1000.0	1000.0	1079999	0.00070736336	0.0003243629	0.005478079	-0.00274828	-0.00070737896	1.0092173e-05	22237.475212812424
271	0.0	0.0	0.0	0.0	0.0	0.0	0.0	0.0	1000.0	1000.0	1083999	0.0006516514	0.0002493309	0.005590487	-0.0028414093	-0.00065164425	5.0614067e-06	22320.838191509247
272	0.0	0.0	0.0	0.0	0.0	0.0	0.0	0.0	1000.0	1000.0	1087999	0.0006452414	0.00029579957	0.005466523	-0.0027483702	-0.00064524723	7.586287e-06	22404.104963302612
273	0.0	0.0	0.0	0.0	0.0	0.0	0.0	0.0	1000.0	1000.0	1091999	0.0006760687	0.00023560063	0.0050466545	-0.002238617	-0.0006760602	5.054716e-06	22487.21993660927
274	0.0	0.0	0.0	0.0	0.0	0.0	0.0	0.0	1000.0	1000.0	1095999	0.0006029773	0.00019556748	0.0055644093	-0.0028580052	-0.00060296	2.5377021e-06	22570.110189914703
275	0.0	0.0	0.0	0.0	0.0	0.0	0.0	0.0	1000.0	1000.0	1099999	0.0006847792	0.00041655343	0.005398811	-0.0027503655	-0.00068483374	1.7668915e-05	22653.285269260406
276	0.0	0.0	0.0	0.0	0.0	0.0	0.0	0.0	1000.0	1000.0	1103999	0.0007080978	4.102353e-05	0.00078150077	0.00063939166	-0.0007080623	1.8002318e-16	22736.902886629105
277	0.0	0.0	0.0	0.0	0.0	0.0	0.0	0.0	1000.0	1000.0	1107999	0.00062039617	0.00029341612	0.0055806283	-0.002908595	-0.0006204034	7.5847493e-06	22820.741518735886
278	0.0	0.0	0.0	0.0	0.0	0.0	0.0	0.0	1000.0	1000.0	1111999	0.00071982667	0.0003506934	0.0053226706	-0.0024544634	-0.0007198541	1.26201885e-05	22904.45873618126
279	0.0	0.0	0.0	0.0	0.0	0.0	0.0	0.0	1000.0	1000.0	1115999	0.000737012	0.0001737492	0.005121452	-0.0021557384	-0.0007369877	2.5293136e-06	22987.824865341187
280	0.0	0.0	0.0	0.0	0.0	0.0	0.0	0.0	1000.0	1000.0	1119999	0.00066611066	0.00026547766	0.005607256	-0.0027843993	-0.0006661031	5.069954e-06	23071.301100969315
281	0.0	0.0	0.0	0.0	0.0	0.0	0.0	0.0	1000.0	1000.0	1123999	0.0005891222	3.414793e-05	0.00065023615	0.00053194	-0.0005890926	4.155799e-17	23154.67916584015
282	0.0	0.0	0.0	0.0	0.0	0.0	0.0	0.0	1000.0	1000.0	1127999	0.00048188874	3.7161466e-05	0.0006804394	0.00024691233	-0.00048186438	5.971e-10	23238.243140935898
283	0.0	0.0	0.0	0.0	0.0	0.0	0.0	0.0	1000.0	1000.0	1131999	0.0005557879	0.00040124587	0.0054594604	-0.0030356534	-0.0005558366	1.5159949e-05	23322.031561374664
284	0.0	0.0	0.0	0.0	0.0	0.0	0.0	0.0	1000.0	1000.0	1135999	0.0006173483	0.0002462689	0.005339928	-0.002650399	-0.0006173427	5.0600675e-06	23405.673654794693
285	0.0	0.0	0.0	0.0	0.0	0.0	0.0	0.0	1000.0	1000.0	1139999	0.00057636644	0.00018981306	0.005405646	-0.0027734116	-0.0005763503	2.5355728e-06	23489.33547091484
286	0.0	0.0	0.0	0.0	0.0	0.0	0.0	0.0	1000.0	1000.0	1143999	0.0005232453	0.00019430058	0.0054620528	-0.0029176003	-0.000523232	2.5373004e-06	23572.987582206726
287	0.0	0.0	0.0	0.0	0.0	0.0	0.0	0.0	1000.0	1000.0	1147999	0.00048294922	0.00019370127	0.0054078	-0.0029306442	-0.00048293787	2.5369252e-06	23656.29703593254
288	0.0	0.0	0.0	0.0	0.0	0.0	0.0	0.0	1000.0	1000.0	1151999	0.00045087148	0.00019396697	0.0053716325	-0.002945674	-0.00045086176	2.5367374e-06	23739.84727191925
289	0.0	0.0	0.0	0.0	0.0	0.0	0.0	0.0	1000.0	1000.0	1155999	0.00046265853	0.00031812207	0.0053863474	-0.0030264147	-0.0004626739	7.6006204e-06	23823.20921611786
290	0.0	0.0	0.0	0.0	0.0	0.0	0.0	0.0	1000.0	1000.0	1159999	0.00042811938	0.0001966256	0.005386551	-0.0030660436	-0.0004281107	2.5379936e-06	23906.950962781906
291	0.0	0.0	0.0	0.0	0.0	0.0	0.0	0.0	1000.0	1000.0	1163999	0.0005095208	0.0003226434	0.005106963	-0.002573225	-0.000509517	1.0103313e-05	23990.571279764175
292	0.0	0.0	0.0	0.0	0.0	0.0	0.0	0.0	1000.0	1000.0	1167999	0.0005296621	0.00015465255	0.0043064132	-0.001886231	-0.0005296777	2.522951e-06	24074.262451648712
293	0.0	0.0	0.0	0.0	0.0	0.0	0.0	0.0	1000.0	1000.0	1171999	0.00047807017	0.00026120446	0.0054550255	-0.0030273725	-0.00047807186	5.0675353e-06	24158.025683403015
294	0.0	0.0	0.0	0.0	0.0	0.0	0.0	0.0	1000.0	1000.0	1175999	0.00053294655	0.0003281133	0.005299275	-0.002870183	-0.0005329706	1.0106962e-05	24241.820701122284
295	0.0	0.0	0.0	0.0	0.0	0.0	0.0	0.0	1000.0	1000.0	1179999	0.00061014714	0.00035359303	0.0051555326	-0.0024927934	-0.00061018	1.2621226e-05	24325.522984027863
296	0.0	0.0	0.0	0.0	0.0	0.0	0.0	0.0	1000.0	1000.0	1183999	0.0007277712	0.00020838008	0.00444303	-0.0016609024	-0.00072775985	5.042362e-06	24408.952825069427
297	0.0	0.0	0.0	0.0	0.0	0.0	0.0	0.0	1000.0	1000.0	1187999	0.0006228466	0.0001974801	0.005599015	-0.002888961	-0.00062282826	2.5383442e-06	24493.036551713943
298	0.0	0.0	0.0	0.0	0.0	0.0	0.0	0.0	1000.0	1000.0	1191999	0.0005632273	0.00019392032	0.0054838913	-0.0028798415	-0.0005632119	2.5371542e-06	24576.53429865837
299	0.0	0.0	0.0	0.0	0.0	0.0	0.0	0.0	1000.0	1000.0	1195999	0.0005642648	0.00034486153	0.005288461	-0.002705961	-0.000564289	1.0117757e-05	24660.411226511
300	0.0	0.0	0.0	0.0	0.0	0.0	0.0	0.0	1000.0	1000.0	1199999	0.00062418444	0.0002904166	0.0050557614	-0.0023389973	-0.00062418997	7.5834328e-06	24744.132283449173
301	0.0	0.0	0.0	0.0	0.0	0.0	0.0	0.0	1000.0	1000.0	1203999	0.0007226421	0.00033919036	0.0051647592	-0.002372031	-0.0007226693	1.2609914e-05	24827.95599102974
302	0.0	0.0	0.0	0.0	0.0	0.0	0.0	0.0	1000.0	1000.0	1207999	0.0006909638	4.0045903e-05	0.00076262944	0.0006239022	-0.0006909291	5.03242e-17	24911.697602033615
303	0.0	0.0	0.0	0.0	0.0	0.0	0.0	0.0	1000.0	1000.0	1211999	0.00057649444	0.00019881203	0.0055539315	-0.0029433444	-0.00057647843	2.5387997e-06	24995.63416337967
304	0.0	0.0	0.0	0.0	0.0	0.0	0.0	0.0	1000.0	1000.0	1215999	0.0005350009	0.00018972252	0.005366958	-0.0028122277	-0.00053498696	2.5355732e-06	25079.533165216446
305	0.0	0.0	0.0	0.0	0.0	0.0	0.0	0.0	1000.0	1000.0	1219999	0.0004868191	0.00019482359	0.0054383697	-0.0029675162	-0.00048680758	2.5375457e-06	25163.45903277397
306	0.0	0.0	0.0	0.0	0.0	0.0	0.0	0.0	1000.0	1000.0	1223999	0.0005013638	0.0003326438	0.0053973855	-0.002998267	-0.00050138956	1.010711e-05	25247.311624526978
307	0.0	0.0	0.0	0.0	0.0	0.0	0.0	0.0	1000.0	1000.0	1227999	0.0005445833	0.00017719824	0.005051579	-0.002407745	-0.00054456876	2.5308175e-06	25331.233453035355
308	0.0	0.0	0.0	0.0	0.0	0.0	0.0	0.0	1000.0	1000.0	1231999	0.00056318275	0.00029342592	0.0054322267	-0.0029127847	-0.00056319276	7.5848025e-06	25414.955791711807
309	0.0	0.0	0.0	0.0	0.0	0.0	0.0	0.0	1000.0	1000.0	1235999	0.00049264653	2.8561893e-05	0.0005437684	0.0004448213	-0.00049262185	8.221985e-18	25498.73348093033
310	0.0	0.0	0.0	0.0	0.0	0.0	0.0	0.0	1000.0	1000.0	1239999	0.00045295857	0.0002531066	0.0054137763	-0.0030437745	-0.00045296145	5.06367e-06	25582.481267929077
311	0.5	0.8660254	2.0	0.0	0.0	0.0	0.0	0.0	1000.0	1000.0	1243999	0.00047099372	0.0003024675	0.0052655027	-0.0028690794	-0.0004710085	7.590127e-06	25666.191449403763
312	0.0	0.0	0.0	0.0	0.0	0.0	0.0	0.0	1000.0	1000.0	1247999	0.0005547239	0.00027452648	0.0052285455	-0.0026359898	-0.0005547343	7.5743114e-06	25749.801293373108
313	0.0	0.0	0.0	0.0	0.0	0.0	0.0	0.0	1000.0	1000.0	1251999	0.0005251482	0.00019236558	0.0054104757	-0.0028889356	-0.0005251347	2.5365803e-06	25833.501614570618
314	0.0	0.0	0.0	0.0	0.0	0.0	0.0	0.0	1000.0	1000.0	1255999	0.0004558945	2.6429398e-05	0.0005031977	0.0004116393	-0.0004558717	9.130791e-18	25916.97580718994
315	0.0	0.0	0.0	0.0	0.0	0.0	0.0	0.0	1000.0	1000.0	1259999	0.00039121814	0.00019800308	0.005381234	-0.003109379	-0.00039121145	2.5388802e-06	26000.78888130188
316	0.0	0.0	0.0	0.0	0.0	0.0	0.0	0.0	1000.0	1000.0	1263999	0.0004610077	0.000365516	0.0050695855	-0.0027765278	-0.00046104818	1.2629532e-05	26084.38073015213
317	0.0	0.0	0.0	0.0	0.0	0.0	0.0	0.0	1000.0	1000.0	1267999	0.00059241557	0.0002733536	0.004627907	-0.002097666	-0.0005924239	7.573644e-06	26167.909788131714
318	0.0	0.0	0.0	0.0	0.0	0.0	0.0	0.0	1000.0	1000.0	1271999	0.00063033967	0.00038381247	0.0054426775	-0.002826919	-0.0006303834	1.5141139e-05	26251.277825832367
319	0.0	0.0	0.0	0.0	0.0	0.0	0.0	0.0	1000.0	1000.0	1275999	0.0007087667	0.00025081338	0.005473523	-0.0026225948	-0.0007087577	5.0620383e-06	26334.8458275795
320	0.0	0.0	0.0	0.0	0.0	0.0	0.0	0.0	1000.0	1000.0	1279999	0.0007268736	0.0002268537	0.00503325	-0.002133064	-0.00072686246	5.0506137e-06	26418.611523151398
321	0.0	0.0	0.0	0.0	0.0	0.0	0.0	0.0	1000.0	1000.0	1283999	0.0006846738	0.00030839714	0.005480261	-0.0026807354	-0.000684678	7.594104e-06	26502.357268571854
322	0.0	0.0	0.0	0.0	0.0	0.0	0.0	0.0	1000.0	1000.0	1287999	0.0007503587	0.00031352576	0.004887382	-0.002092906	-0.0007503717	1.0096655e-05	26586.32548713684
323	0.0	0.0	0.0	0.0	0.0	0.0	0.0	0.0	1000.0	1000.0	1291999	0.0007087865	0.0002488956	0.005619445	-0.0027670767	-0.0007087764	5.061156e-06	26670.49253797531
324	0.0	0.0	0.0	0.0	0.0	0.0	0.0	0.0	1000.0	1000.0	1295999	0.0006715645	0.00025345437	0.005540842	-0.0027517444	-0.0006715564	5.0635895e-06	26754.170988082886
325	0.0	0.0	0.0	0.0	0.0	0.0	0.0	0.0	1000.0	1000.0	1299999	0.0008100371	0.00036853453	0.0052598584	-0.0021394526	-0.00081007264	1.5134368e-05	26837.844779253006
326	0.0	0.0	0.0	0.0	0.0	0.0	0.0	0.0	1000.0	1000.0	1303999	0.0007960602	0.0002449088	0.0052616294	-0.0021552946	-0.0007960459	5.05938e-06	26921.596485853195
327	0.0	0.0	0.0	0.0	0.0	0.0	0.0	0.0	1000.0	1000.0	1307999	0.0007110692	0.00024758	0.0056515895	-0.0028038134	-0.0007110591	5.060255e-06	27005.67481327057
328	0.0	0.0	0.0	0.0	0.0	0.0	0.0	0.0	1000.0	1000.0	1311999	0.0007766536	0.00025720426	0.0045518177	-0.0017243793	-0.0007766526	7.564896e-06	27088.89414024353
329	0.0	0.0	0.0	0.0	0.0	0.0	0.0	0.0	1000.0	1000.0	1315999	0.00079975015	0.00035963402	0.005583631	-0.0026437426	-0.00079977367	1.2626761e-05	27172.406616926193
330	0.0	0.0	0.0	0.0	0.0	0.0	0.0	0.0	1000.0	1000.0	1319999	0.00081100594	0.00032897823	0.0054679583	-0.0023986355	-0.0008110163	1.0106547e-05	27255.46656847
331	0.0	0.0	0.0	0.0	0.0	0.0	0.0	0.0	1000.0	1000.0	1323999	0.0008229932	0.0002921968	0.0055108764	-0.002437455	-0.00082299026	7.5844723e-06	27338.64549279213
332	0.0	0.0	0.0	0.0	0.0	0.0	0.0	0.0	1000.0	1000.0	1327999	0.00082396716	0.00028478086	0.0053908704	-0.0022972168	-0.00082396413	7.580172e-06	27421.983104467392
333	0.0	0.0	0.0	0.0	0.0	0.0	0.0	0.0	1000.0	1000.0	1331999	0.0008216145	0.0003289659	0.0054589226	-0.0023941416	-0.0008216245	1.0106714e-05	27505.458408117294
334	0.0	0.0	0.0	0.0	0.0	0.0	0.0	0.0	1000.0	1000.0	1335999	0.00083359116	0.00024554707	0.005534646	-0.0024341207	-0.00083357503	5.0593653e-06	27588.997181653976
335	0.0	0.0	0.0	0.0	0.0	0.0	0.0	0.0	1000.0	1000.0	1339999	0.0007916887	0.00036133177	0.0056322957	-0.0026730383	-0.00079187175	1.5131461e-05	27672.339078187943
336	0.0	0.0	0.0	0.0	0.0	0.0	0.0	0.0	1000.0	1000.0	1343999	0.0009143402	0.00031232287	0.005605624	-0.0023983587	-0.00091416185	1.0094853e-05	27756.15000104904
337	0.0	0.0	0.0	0.0	0.0	0.0	0.0	0.0	1000.0	1000.0	1347999	0.0008847028	0.00019385316	0.005669256	-0.0024875812	-0.00088470825	2.5360148e-06	27839.521288394928
338	0.0	0.0	0.0	0.0	0.0	0.0	0.0	0.0	1000.0	1000.0	1351999	0.0008065592	0.00026097766	0.0056717736	-0.0026616245	-0.00080654456	5.0663984e-06	27923.57419037819
339	0.0	0.0	0.0	0.0	0.0	0.0	0.0	0.0	1000.0	1000.0	1355999	0.000756853	0.00024813035	0.0056173163	-0.002700146	-0.00075684104	5.059883e-06	28007.459700345993
340	0.0	0.0	0.0	0.0	0.0	0.0	0.0	0.0	1000.0	1000.0	1359999	0.0007286939	0.00027667527	0.0054804427	-0.0026360706	-0.00072869565	7.574656e-06	28090.849187850952
341	0.0	0.0	0.0	0.0	0.0	0.0	0.0	0.0	1000.0	1000.0	1363999	0.00070287957	0.00026488016	0.0054789307	-0.0026421486	-0.00070287054	5.069365e-06	28174.17439842224
342	0.0	0.0	0.0	0.0	0.0	0.0	0.0	0.0	1000.0	1000.0	1367999	0.00070642296	0.00031981998	0.005272698	-0.0024311559	-0.0007064381	1.0099666e-05	28257.683241844177
343	0.0	0.0	0.0	0.0	0.0	0.0	0.0	0.0	1000.0	1000.0	1371999	0.0008063064	0.0002619696	0.0049092676	-0.0019055577	-0.000806304	7.567628e-06	28341.180724859238
344	0.0	0.0	0.0	0.0	0.0	0.0	0.0	0.0	1000.0	1000.0	1375999	0.0007495408	0.00030149648	0.0056484514	-0.0027122097	-0.0007495416	7.5900334e-06	28424.290282726288
345	0.0	0.0	0.0	0.0	0.0	0.0	0.0	0.0	1000.0	1000.0	1379999	0.0007775081	0.0003274896	0.005293527	-0.0023053354	-0.00077752006	1.0105966e-05	28507.67196369171
346	0.0	0.0	0.0	0.0	0.0	0.0	0.0	0.0	1000.0	1000.0	1383999	0.0008391182	0.0003180386	0.0050482564	-0.0020100472	-0.0008391271	1.0100361e-05	28591.247742414474
347	0.0	0.0	0.0	0.0	0.0	0.0	0.0	0.0	1000.0	1000.0	1387999	0.0008706479	0.00032404758	0.005219178	-0.002076788	-0.0008706553	1.0104068e-05	28674.97049665451
348	0.0	0.0	0.0	0.0	0.0	0.0	0.0	0.0	1000.0	1000.0	1391999	0.0008951417	0.00027431894	0.005143323	-0.0019763212	-0.00089513493	7.574006e-06	28758.76953434944
349	0.0	0.0	0.0	0.0	0.0	0.0	0.0	0.0	1000.0	1000.0	1395999	0.00093304587	0.00038582215	0.005674277	-0.002519982	-0.0009330876	1.7655622e-05	28842.875768899918
350	0.0	0.0	0.0	0.0	0.0	0.0	0.0	0.0	1000.0	1000.0	1399999	0.0009514492	0.00016028844	0.0047469973	-0.0014203192	-0.0009514144	2.522772e-06	28926.448328495026
351	0.0	0.0	0.0	0.0	0.0	0.0	0.0	0.0	1000.0	1000.0	1403999	0.0008835611	0.0003467577	0.0058134394	-0.0025813389	-0.0008835679	1.011941e-05	29010.114955186844
352	0.0	0.0	0.0	0.0	0.0	0.0	0.0	0.0	1000.0	1000.0	1407999	0.0008397461	0.00024336572	0.0056715156	-0.0025786145	-0.0008397297	5.0582894e-06	29093.65580010414
353	0.0	0.0	0.0	0.0	0.0	0.0	0.0	0.0	1000.0	1000.0	1411999	0.00079963583	0.0002502533	0.005495411	-0.0024156105	-0.0007996216	5.062076e-06	29177.56199479103
354	0.0	0.0	0.0	0.0	0.0	0.0	0.0	0.0	1000.0	1000.0	1415999	0.000764085	0.0002549368	0.0054116365	-0.0023962855	-0.0007640723	5.0640338e-06	29261.34455895424
355	0.0	0.0	0.0	0.0	0.0	0.0	0.0	0.0	1000.0	1000.0	1419999	0.00067882886	0.00019420707	0.005604012	-0.0027380392	-0.00067880773	2.5369573e-06	29345.22127342224
356	0.0	0.0	0.0	0.0	0.0	0.0	0.0	0.0	1000.0	1000.0	1423999	0.0005944792	0.00026234923	0.005571378	-0.0029032326	-0.0005946159	5.0682293e-06	29429.014711380005
357	0.0	0.0	0.0	0.0	0.0	0.0	0.0	0.0	1000.0	1000.0	1427999	0.0006051432	0.0002508991	0.005405039	-0.0027531588	-0.0006049975	5.062211e-06	29513.129893302917
358	0.0	0.0	0.0	0.0	0.0	0.0	0.0	0.0	1000.0	1000.0	1431999	0.00058077794	0.0002445404	0.005403491	-0.0028053639	-0.00058077445	5.058965e-06	29596.67623233795
359	0.0	0.0	0.0	0.0	0.0	0.0	0.0	0.0	1000.0	1000.0	1435999	0.00054638804	0.0002474171	0.0054888045	-0.0029542814	-0.0005463862	5.0601975e-06	29680.637305021286
360	0.0	0.0	0.0	0.0	0.0	0.0	0.0	0.0	1000.0	1000.0	1439999	0.00056846626	0.00029465824	0.005151398	-0.0025343052	-0.00056847616	7.585708e-06	29764.30200433731
361	0.0	0.0	0.0	0.0	0.0	0.0	0.0	0.0	1000.0	1000.0	1443999	0.0006056546	0.00028872196	0.005316306	-0.0026817014	-0.0006056627	7.581977e-06	29848.15196609497
362	0.0	0.0	0.0	0.0	0.0	0.0	0.0	0.0	1000.0	1000.0	1447999	0.0005822377	3.374053e-05	0.00064261636	0.0005257333	-0.00058220845	4.911267e-17	29932.263318538666
363	0.0	0.0	0.0	0.0	0.0	0.0	0.0	0.0	1000.0	1000.0	1451999	0.00057178456	0.00034150988	0.005516273	-0.002972215	-0.00057184685	1.0114672e-05	30015.636337518692
364	0.0	0.0	0.0	0.0	0.0	0.0	0.0	0.0	1000.0	1000.0	1455999	0.0006924963	0.00034461913	0.005086142	-0.0022592621	-0.00069248525	1.2618189e-05	30099.256021499634
365	0.0	0.0	0.0	0.0	0.0	0.0	0.0	0.0	1000.0	1000.0	1459999	0.000669821	0.00019528886	0.0055581145	-0.0027929675	-0.00066980027	2.5370387e-06	30182.78665471077
366	0.0	0.0	0.0	0.0	0.0	0.0	0.0	0.0	1000.0	1000.0	1463999	0.0007205878	0.00025393677	0.0045660855	-0.001849059	-0.00072058965	7.5631665e-06	30266.351938962936
367	0.0	0.0	0.0	0.0	0.0	0.0	0.0	0.0	1000.0	1000.0	1467999	0.00059311726	3.7028185e-05	0.0007264669	0.0003456459	-0.0005930878	1.8743335e-10	30349.784254550934
368	0.0	0.0	0.0	0.0	0.0	0.0	0.0	0.0	1000.0	1000.0	1471999	0.0005808974	0.00033706563	0.0055337264	-0.0029404098	-0.0005809338	1.0120913e-05	30433.558968544006
369	0.0	0.0	0.0	0.0	0.0	0.0	0.0	0.0	1000.0	1000.0	1475999	0.0006049416	0.00028526687	0.0053527076	-0.0027214903	-0.0006049347	7.5797234e-06	30517.89889717102
370	0.0	0.0	0.0	0.0	0.0	0.0	0.0	0.0	1000.0	1000.0	1479999	0.0007370473	0.00033771148	0.00477133	-0.002034224	-0.00073707354	1.2610836e-05	30601.766567230225
371	0.0	0.0	0.0	0.0	0.4	0.8	2.0	0.0	1000.0	1000.0	1483999	0.0007200197	0.00026337404	0.0055352706	-0.0026165508	-0.00072001206	5.068653e-06	30685.61023402214
372	0.0	0.0	0.0	0.0	0.0	0.0	0.0	0.0	1000.0	1000.0	1487999	0.0007179407	0.00029372275	0.005141486	-0.002235118	-0.0007179403	7.5855673e-06	30769.33744287491
373	0.0	0.0	0.0	0.0	0.0	0.0	0.0	0.0	1000.0	1000.0	1491999	0.00070359535	0.00016298685	0.0047062756	-0.0018533291	-0.00070357276	2.524922e-06	30852.93834757805
374	0.0	0.0	0.0	0.0	0.0	0.0	0.0	0.0	1000.0	1000.0	1495999	0.00064675586	0.00028093543	0.0055873874	-0.0027717198	-0.0006478671	7.578093e-06	30936.900347948074
375	0.0	0.0	0.0	0.0	0.0	0.0	0.0	0.0	1000.0	1000.0	1499999	0.0007858804	0.00042034802	0.005171324	-0.0022983486	-0.00078482425	1.7685326e-05	31020.482762813568
376	0.0	0.0	0.0	0.0	0.0	0.0	0.0	0.0	1000.0	1000.0	1503999	0.00086546584	0.0002748363	0.0050876206	-0.0019498313	-0.00086546055	7.5746707e-06	31104.215792417526
377	0.0	0.0	0.0	0.0	0.0	0.0	0.0	0.0	1000.0	1000.0	1507999	0.0007969606	0.00028719124	0.0056970073	-0.0026746003	-0.000796986	7.5815983e-06	31187.995777368546
378	0.0	0.0	0.0	0.0	0.0	0.0	0.0	0.0	1000.0	1000.0	1511999	0.00090151216	0.00037479453	0.004843758	-0.0017465529	-0.0009015161	1.5138325e-05	31271.566211223602
379	0.0	0.0	0.0	0.0	0.0	0.0	0.0	0.0	1000.0	1000.0	1515999	0.0010022515	0.00034428432	0.005406006	-0.0019588019	-0.0010022721	1.2617672e-05	31355.058898448944
380	0.0	0.0	0.0	0.0	0.0	0.0	0.0	0.0	1000.0	1000.0	1519999	0.0009934864	0.00033209354	0.005598557	-0.0021829286	-0.0009934802	1.0105495e-05	31438.651644945145
381	0.0	0.0	0.0	0.0	0.0	0.0	0.0	0.0	1000.0	1000.0	1523999	0.0009976936	0.0002792097	0.005150564	-0.0017800282	-0.0009976819	7.577365e-06	31521.954788446426
382	0.0	0.0	0.0	0.0	0.0	0.0	0.0	0.0	1000.0	1000.0	1527999	0.0009040044	0.00028159074	0.005807177	-0.0026220025	-0.0009039973	7.577268e-06	31605.65618944168
383	0.0	0.0	0.0	0.0	0.0	0.0	0.0	0.0	1000.0	1000.0	1531999	0.00091918657	0.00028931946	0.00535581	-0.0020456552	-0.0009191788	7.5830467e-06	31689.56326198578
384	0.0	0.0	0.0	0.0	0.0	0.0	0.0	0.0	1000.0	1000.0	1535999	0.0010335164	0.00041001395	0.0052028163	-0.0019779773	-0.001033566	2.016062e-05	31773.260991096497
385	0.0	0.0	0.0	0.0	0.0	0.0	0.0	0.0	1000.0	1000.0	1539999	0.0010733583	0.0002898812	0.005495353	-0.0019000634	-0.0010733427	7.5831313e-06	31856.947628498077
386	0.0	0.0	0.0	0.0	0.0	0.0	0.0	0.0	1000.0	1000.0	1543999	0.0009856664	0.0001681956	0.005009562	-0.0015302284	-0.00098563	2.5248248e-06	31940.7032122612
387	0.0	0.0	0.0	0.0	0.2	0.59999996	2.0	0.0	1000.0	1000.0	1547999	0.00086335104	0.0002691416	0.005854894	-0.002596403	-0.0008633336	5.071558e-06	32024.31352877617
388	0.0	0.0	0.0	0.0	0.0	0.0	0.0	0.0	1000.0	1000.0	1551999	0.00087347947	0.00032781978	0.0056364485	-0.002498968	-0.00087346917	1.0105662e-05	32107.88523697853
389	0.0	0.0	0.0	0.0	0.0	0.0	0.0	0.0	1000.0	1000.0	1555999	0.0008166182	0.0002964128	0.005415695	-0.0023010778	-0.00081663346	7.5871153e-06	32191.332121372223
390	0.0	0.0	0.0	0.0	0.0	0.0	0.0	0.0	1000.0	1000.0	1559999	0.0008125919	0.00029475748	0.005365734	-0.0022738627	-0.0008125894	7.5861662e-06	32275.025527238846
391	0.0	0.0	0.0	0.0	0.0	0.0	0.0	0.0	1000.0	1000.0	1563999	0.00089303526	0.0002951595	0.004772535	-0.0017442743	-0.00089304126	1.0085523e-05	32358.75340604782
392	0.0	0.0	0.0	0.0	0.0	0.0	0.0	0.0	1000.0	1000.0	1567999	0.00085330347	0.00029824476	0.005646554	-0.002488162	-0.00085329893	7.5882544e-06	32442.217089891434
393	0.0	0.0	0.0	0.0	0.0	0.0	0.0	0.0	1000.0	1000.0	1571999	0.0008470716	0.00033954083	0.0053362655	-0.0021636214	-0.00084715936	1.0114364e-05	32525.72598028183
394	0.0	0.0	0.0	0.0	0.4	0.8	2.0	0.0	1000.0	1000.0	1575999	0.0008248527	0.00016481947	0.004869161	-0.0017876166	-0.0008247448	2.5255952e-06	32609.20454621315
395	0.0	0.0	0.0	0.0	0.0	0.0	0.0	0.0	1000.0	1000.0	1579999	0.0006819554	4.1727806e-05	0.00082224095	0.0004505472	-0.00068192114	1.7665837e-10	32692.890018463135
396	0.0	0.0	0.0	0.0	0.0	0.0	0.0	0.0	1000.0	1000.0	1583999	0.00059654313	0.00026422835	0.0055835303	-0.002912274	-0.00059653906	5.0692615e-06	32776.75491690636
397	0.0	0.0	0.0	0.0	0.0	0.0	0.0	0.0	1000.0	1000.0	1587999	0.0006128338	0.0002426266	0.0050407974	-0.002311661	-0.0006128286	5.058286e-06	32860.50666332245
398	0.0	0.0	0.0	0.0	0.0	0.0	0.0	0.0	1000.0	1000.0	1591999	0.00060560793	0.00024053943	0.0054079117	-0.0027510184	-0.0006056031	5.0567405e-06	32944.22852039337
399	0.0	0.0	0.0	0.0	0.0	0.0	0.0	0.0	1000.0	1000.0	1595999	0.00053074403	0.00026227467	0.0055111507	-0.0029761002	-0.0005307435	5.06816e-06	33028.14852833748
400	0.0	0.0	0.0	0.0	0.0	0.0	0.0	0.0	1000.0	1000.0	1599999	0.0005654456	0.00023988711	0.0051580905	-0.0025303396	-0.00056544266	5.0570507e-06	33111.63820362091
401	0.0	0.0	0.0	0.0	0.0	0.0	0.0	0.0	1000.0	1000.0	1603999	0.0005023646	0.00024584052	0.005467719	-0.0030151592	-0.0005023657	5.0595477e-06	33195.394572257996
402	0.0	0.0	0.0	0.0	0.0	0.0	0.0	0.0	1000.0	1000.0	1607999	0.00056673144	0.00021871137	0.0044593937	-0.0019271495	-0.0005667279	5.0471826e-06	33279.14711689949
403	0.0	0.0	0.0	0.0	0.0	0.0	0.0	0.0	1000.0	1000.0	1611999	0.00059779955	0.000340762	0.005327801	-0.002732421	-0.0005978206	1.0114826e-05	33362.86269521713
404	0.0	0.0	0.0	0.0	0.0	0.0	0.0	0.0	1000.0	1000.0	1615999	0.0005597047	3.2438526e-05	0.00061775616	0.000505383	-0.00055967696	3.3211583e-17	33446.47459101677
405	0.0	0.0	0.0	0.0	0.0	0.0	0.0	0.0	1000.0	1000.0	1619999	0.0005105999	0.0002486092	0.005483452	-0.003011922	-0.0005105999	5.060782e-06	33530.10640120506
406	0.0	0.0	0.0	0.0	0.0	0.0	0.0	0.0	1000.0	1000.0	1623999	0.0006451391	0.0003774354	0.0051078997	-0.0025452366	-0.0006451831	1.51375625e-05	33613.758350372314
407	0.0	0.0	0.0	0.0	0.0	0.0	0.0	0.0	1000.0	1000.0	1627999	0.00072496827	0.00027542526	0.0050542722	-0.0022103458	-0.00072497013	7.5744856e-06	33697.529202222824
408	0.0	0.0	0.0	0.0	0.0	0.0	0.0	0.0	1000.0	1000.0	1631999	0.00071789545	0.0002896075	0.0055593364	-0.0027162384	-0.0007178979	7.5825683e-06	33781.24378037453
409	0.0	0.0	0.0	0.0	0.0	0.0	0.0	0.0	1000.0	1000.0	1635999	0.0007122761	0.00024817063	0.005270995	-0.0023147233	-0.0007122659	5.0605518e-06	33864.79191017151
410	0.0	0.0	0.0	0.0	0.0	0.0	0.0	0.0	1000.0	1000.0	1639999	0.0007015645	0.00033757646	0.005566329	-0.0027583342	-0.00070158043	1.01123305e-05	33948.52590894699
411	0.0	0.0	0.0	0.0	0.0	0.0	0.0	0.0	1000.0	1000.0	1643999	0.0007360158	0.00029732802	0.0052797883	-0.0023224615	-0.00073601725	7.587751e-06	34032.31882429123
412	0.0	0.0	0.0	0.0	0.0	0.0	0.0	0.0	1000.0	1000.0	1647999	0.00070953416	0.000254103	0.005391356	-0.002512261	-0.00070952415	5.063967e-06	34116.08097696304
413	0.0	0.0	0.0	0.0	0.0	0.0	0.0	0.0	1000.0	1000.0	1651999	0.00068807905	0.000250738	0.005281199	-0.0024056304	-0.0006880702	5.062213e-06	34200.21157693863
414	0.0	0.0	0.0	0.0	0.0	0.0	0.0	0.0	1000.0	1000.0	1655999	0.0006226228	0.00024763957	0.005567664	-0.0028834254	-0.00062261714	5.0604153e-06	34283.75687146187
415	0.0	0.0	0.0	0.0	0.0	0.0	0.0	0.0	1000.0	1000.0	1659999	0.00067691604	0.00027977573	0.004821232	-0.0021350519	-0.00067692035	7.577506e-06	34367.43968963623
416	0.0	0.0	0.0	0.0	0.0	0.0	0.0	0.0	1000.0	1000.0	1663999	0.0006542706	0.00025990256	0.0053691287	-0.0025874781	-0.00065426354	5.0667986e-06	34451.158024549484
417	0.0	0.0	0.0	0.0	0.2	0.59999996	2.0	0.0	1000.0	1000.0	1667999	0.0006190348	0.00026166465	0.005392705	-0.0026613483	-0.0006190294	5.067899e-06	34535.29360842705
418	0.0	0.0	0.0	0.0	0.0	0.0	0.0	0.0	1000.0	1000.0	1671999	0.0005780839	0.00026591253	0.005434818	-0.0027918033	-0.00057808054	5.070139e-06	34619.250619888306
419	0.0	0.0	0.0	0.0	0.0	0.0	0.0	0.0	1000.0	1000.0	1675999	0.0005657196	0.00025840185	0.005243078	-0.0026350485	-0.00056571723	5.066244e-06	34703.05773663521
420	0.0	0.0	0.0	0.0	0.0	0.0	0.0	0.0	1000.0	1000.0	1679999	0.0005169682	2.9959774e-05	0.0005705825	0.00046679645	-0.0005169426	3.3416717e-17	34786.87200284004
421	0.0	0.0	0.0	0.0	0.1	0.29999998	1.0	0.0	1000.0	1000.0	1683999	0.0004668571	0.00027261942	0.0054630814	-0.0030270873	-0.0004668599	5.0737112e-06	34870.41124510765
422	0.0	0.0	0.0	0.0	0.0	0.0	0.0	0.0	1000.0	1000.0	1687999	0.00043176892	2.502112e-05	0.00047654475	0.0003898664	-0.0004317472	1.1745468e-14	34954.459954977036
423	0.0	0.0	0.0	0.0	0.0	0.0	0.0	0.0	1000.0	1000.0	1691999	0.00038225777	0.0002589776	0.005368413	-0.0031288192	-0.00038226444	5.0662206e-06	35038.66607880592
424	0.0	0.0	0.0	0.0	0.0	0.0	0.0	0.0	1000.0	1000.0	1695999	0.00056129595	0.00037404464	0.005209347	-0.0022811643	-0.00056134403	1.51175e-05	35122.306499004364
425	0.0	0.0	0.0	0.0	0.0	0.0	0.0	0.0	1000.0	1000.0	1699999	0.0006001684	0.00025357757	0.005293442	-0.0026194395	-0.00060016406	5.063799e-06	35205.997782468796
426	0.0	0.0	0.0	0.0	0.0	0.0	0.0	0.0	1000.0	1000.0	1703999	0.0005702172	0.0001872111	0.0053389934	-0.002689901	-0.0005702014	2.534421e-06	35289.810062646866
427	0.0	0.0	0.0	0.0	0.0	0.0	0.0	0.0	1000.0	1000.0	1707999	0.00052234705	0.0003286051	0.0054857456	-0.0029944142	-0.0005226598	1.0106062e-05	35373.72670388222
428	0.0	0.0	0.0	0.0	0.0	0.0	0.0	0.0	1000.0	1000.0	1711999	0.00060594175	0.00016058877	0.0043915454	-0.0018205472	-0.0006056362	2.5249767e-06	35457.33441948891
429	0.0	0.0	0.0	0.0	0.0	0.0	0.0	0.0	1000.0	1000.0	1715999	0.0005126868	0.00019788851	0.005492023	-0.0030044387	-0.0005126741	2.5384913e-06	35541.011373758316
430	0.0	0.0	0.0	0.0	0.0	0.0	0.0	0.0	1000.0	1000.0	1719999	0.0005238213	0.0002390591	0.0050683497	-0.0025447812	-0.00052382046	5.0563726e-06	35624.785027742386
431	0.0	0.0	0.0	0.0	0.0	0.0	0.0	0.0	1000.0	1000.0	1723999	0.0005084644	0.00026250762	0.0053998656	-0.0029117477	-0.0005084647	5.0683407e-06	35708.65600728989
432	0.0	0.0	0.0	0.0	0.0	0.0	0.0	0.0	1000.0	1000.0	1727999	0.0004880328	0.00018973023	0.0053238044	-0.002852497	-0.00048802124	2.5355507e-06	35792.324534893036
433	0.0	0.0	0.0	0.0	0.0	0.0	0.0	0.0	1000.0	1000.0	1731999	0.0004693395	0.00025892275	0.005405245	-0.0030047768	-0.0004693417	5.066322e-06	35876.00972414017
434	0.0	0.0	0.0	0.0	0.0	0.0	0.0	0.0	1000.0	1000.0	1735999	0.0004210715	2.4410325e-05	0.00046476134	0.00038019702	-0.00042105038	7.666454e-18	35959.76948642731
435	0.0	0.0	0.0	0.0	0.0	0.0	0.0	0.0	1000.0	1000.0	1739999	0.0004085213	0.0002649135	0.005390564	-0.0031058255	-0.00040852654	5.0695e-06	36043.68419575691
436	0.0	0.0	0.0	0.0	0.0	0.0	0.0	0.0	1000.0	1000.0	1743999	0.00045214663	0.0003062317	0.005110283	-0.0027459406	-0.00045216252	7.5930056e-06	36127.71048665047
437	0.0	0.0	0.0	0.0	0.0	0.0	0.0	0.0	1000.0	1000.0	1747999	0.0004417212	0.00019286445	0.0053446665	-0.002983346	-0.0004417119	2.5368327e-06	36211.819904088974
438	0.0	0.0	0.0	0.0	0.0	0.0	0.0	0.0	1000.0	1000.0	1751999	0.00042976212	0.00018540426	0.005154137	-0.0027806994	-0.00042975353	2.5337508e-06	36295.91674208641
439	0.0	0.0	0.0	0.0	0.0	0.0	0.0	0.0	1000.0	1000.0	1755999	0.00038571047	0.0002574244	0.005370908	-0.0031267465	-0.00038571702	5.0653757e-06	36379.59020423889
440	0.0	0.0	0.0	0.0	0.0	0.0	0.0	0.0	1000.0	1000.0	1759999	0.00043477284	0.00025069254	0.0051812977	-0.0028338202	-0.00043477688	5.062309e-06	36463.19726538658
441	0.0	0.0	0.0	0.0	0.0	0.0	0.0	0.0	1000.0	1000.0	1763999	0.00046037007	0.00024581698	0.0050689406	-0.0026846575	-0.00046037274	5.0597146e-06	36546.82636284828
442	0.0	0.0	0.0	0.0	0.0	0.0	0.0	0.0	1000.0	1000.0	1767999	0.00042831444	0.00019514904	0.005386939	-0.003037874	-0.0004283059	2.5377258e-06	36630.57469320297
443	0.0	0.0	0.0	0.0	0.0	0.0	0.0	0.0	1000.0	1000.0	1771999	0.00047930836	0.0003400647	0.0051595843	-0.0028053992	-0.00047933534	1.0116243e-05	36714.3204741478
444	0.0	0.0	0.0	0.0	0.0	0.0	0.0	0.0	1000.0	1000.0	1775999	0.0005568581	0.00021833822	0.0045309337	-0.002083443	-0.0005568556	5.04669e-06	36798.231723070145
445	0.0	0.0	0.0	0.0	0.0	0.0	0.0	0.0	1000.0	1000.0	1779999	0.00054804084	0.00030256395	0.005463678	-0.0029469575	-0.00054805184	7.5903126e-06	36881.81714081764
446	0.0	0.0	0.0	0.0	0.0	0.0	0.0	0.0	1000.0	1000.0	1783999	0.00054442097	0.00017687559	0.005014985	-0.0023656439	-0.00054440653	2.5301777e-06	36965.508103609085
447	0.0	0.0	0.0	0.0	0.0	0.0	0.0	0.0	1000.0	1000.0	1787999	0.00050046155	0.00027459924	0.0054684384	-0.0029496711	-0.00050046237	5.074582e-06	37049.21728658676
448	0.0	0.0	0.0	0.0	0.0	0.0	0.0	0.0	1000.0	1000.0	1791999	0.00054832717	0.00028288158	0.004978928	-0.0024114167	-0.00054833794	7.5793387e-06	37132.91577219963
449	0.0	0.0	0.0	0.0	0.0	0.0	0.0	0.0	1000.0	1000.0	1795999	0.0005622078	0.00025067595	0.005084303	-0.0024357706	-0.0005622051	5.062252e-06	37216.52547073364
450	0.0	0.0	0.0	0.0	0.0	0.0	0.0	0.0	1000.0	1000.0	1799999	0.0005629427	0.00030585518	0.0054017045	-0.0028481474	-0.00056295306	7.592321e-06	37300.323516368866
451	0.0	0.0	0.0	0.0	0.0	0.0	0.0	0.0	1000.0	1000.0	1803999	0.000605262	0.0002837196	0.0050903047	-0.0023893793	-0.0006052698	7.57973e-06	37384.086554288864
452	0.0	0.0	0.0	0.0	0.1	0.29999998	1.0	0.0	1000.0	1000.0	1807999	0.0005554529	0.00019638422	0.0055065523	-0.002937912	-0.00055543793	2.5379145e-06	37467.840180397034
453	0.0	0.0	0.0	0.0	0.0	0.0	0.0	0.0	1000.0	1000.0	1811999	0.00051923137	0.00018871609	0.0053292527	-0.0028008244	-0.0005192181	2.5351853e-06	37551.457862615585
454	0.0	0.0	0.0	0.0	0.0	0.0	0.0	0.0	1000.0	1000.0	1815999	0.00049386086	0.00026844625	0.0053865863	-0.0029102785	-0.0004938619	5.071478e-06	37635.34442806244
455	0.0	0.0	0.0	0.0	0.0	0.0	0.0	0.0	1000.0	1000.0	1819999	0.0004634074	0.0001939606	0.0053854953	-0.0029848549	-0.0004633971	2.5372153e-06	37719.15427732468
456	0.0	0.0	0.0	0.0	0.0	0.0	0.0	0.0	1000.0	1000.0	1823999	0.00053616933	0.00038391756	0.005274734	-0.0028951822	-0.0005362186	1.5140445e-05	37802.967908382416
457	0.0	0.0	0.0	0.0	0.0	0.0	0.0	0.0	1000.0	1000.0	1827999	0.0006157889	0.00017842982	0.0051530465	-0.0023930324	-0.0006157709	2.5313054e-06	37886.61659812927
458	0.0	0.0	0.0	0.0	0.2	0.59999996	2.0	0.0	1000.0	1000.0	1831999	0.0005242582	0.00019847434	0.005496334	-0.0029987055	-0.00052426785	2.5384595e-06	37970.825562000275
459	0.0	0.0	0.0	0.0	0.0	0.0	0.0	0.0	1000.0	1000.0	1835999	0.00053083856	0.00024376168	0.0052926624	-0.002770921	-0.0005308145	5.0588405e-06	38054.49529123306
460	0.0	0.0	0.0	0.0	0.0	0.0	0.0	0.0	1000.0	1000.0	1839999	0.0004686738	2.716645e-05	0.00051729387	0.0004231824	-0.00046865022	1.5459857e-17	38138.11114859581
461	0.0	0.0	0.0	0.0	0.0	0.0	0.0	0.0	1000.0	1000.0	1843999	0.0004609709	0.00031652523	0.0054326253	-0.0030592307	-0.0004609864	7.5992207e-06	38221.76891350746
462	0.0	0.0	0.0	0.0	0.0	0.0	0.0	0.0	1000.0	1000.0	1847999	0.00048498277	0.00016142882	0.0044957506	-0.0021156394	-0.0004849712	2.525179e-06	38305.67160320282
463	0.0	0.0	0.0	0.0	0.0	0.0	0.0	0.0	1000.0	1000.0	1851999	0.00046276956	0.00026901986	0.0054094414	-0.0030011751	-0.00046277224	5.0718218e-06	38389.61164832115
464	0.0	0.0	0.0	0.0	0.0	0.0	0.0	0.0	1000.0	1000.0	1855999	0.0004118077	0.00019728114	0.0053896336	-0.0030949144	-0.00041180008	2.53831e-06	38473.43885040283
465	0.0	0.0	0.0	0.0	0.0	0.0	0.0	0.0	1000.0	1000.0	1859999	0.00042421627	0.00029874223	0.0051229964	-0.0028191973	-0.0004242332	7.5880153e-06	38557.21438717842
466	0.0	0.0	0.0	0.0	0.0	0.0	0.0	0.0	1000.0	1000.0	1863999	0.00055724307	0.0002556826	0.0043733795	-0.0019371514	-0.0005572534	7.5646803e-06	38641.13262915611
467	0.0	0.0	0.0	0.0	0.0	0.0	0.0	0.0	1000.0	1000.0	1867999	0.00047680404	2.8881255e-05	0.000630379	0.00024759455	-0.00047678858	6.923444e-11	38724.995956897736
468	0.0	0.0	0.0	0.0	0.0	0.0	0.0	0.0	1000.0	1000.0	1871999	0.000439236	0.00030704497	0.005416397	-0.0030782386	-0.00043924415	7.5948024e-06	38808.89586353302
469	0.0	0.0	0.0	0.0	0.0	0.0	0.0	0.0	1000.0	1000.0	1875999	0.00046842426	0.00018981399	0.0052970075	-0.002890627	-0.00046841364	2.5356424e-06	38892.69339776039
470	0.0	0.0	0.0	0.0	0.0	0.0	0.0	0.0	1000.0	1000.0	1879999	0.00042129937	0.00019659374	0.0053925607	-0.003075599	-0.00042129116	2.5381473e-06	38976.50028896332
471	0.0	0.0	0.0	0.0	0.0	0.0	0.0	0.0	1000.0	1000.0	1883999	0.00049628416	0.0003258154	0.004897929	-0.0024349338	-0.0004963102	1.0104442e-05	39060.438178777695
472	0.0	0.0	0.0	0.0	0.0	0.0	0.0	0.0	1000.0	1000.0	1887999	0.0005227176	0.0002519871	0.0052670436	-0.0027638527	-0.00052271725	5.0628687e-06	39144.371438503265
473	0.0	0.0	0.0	0.0	0.0	0.0	0.0	0.0	1000.0	1000.0	1891999	0.0004733147	2.743478e-05	0.0005224165	0.0004273735	-0.0004732914	1.21535675e-14	39228.53893375397
474	0.0	0.0	0.0	0.0	0.0	0.0	0.0	0.0	1000.0	1000.0	1895999	0.00041339413	0.00019754597	0.005409415	-0.0030852142	-0.0004133866	2.5386707e-06	39312.470202207565
475	0.0	0.0	0.0	0.0	0.0	0.0	0.0	0.0	1000.0	1000.0	1899999	0.00039006872	0.00028955395	0.0053553814	-0.003122055	-0.00039008743	7.5819e-06	39396.1883020401
476	0.0	0.0	0.0	0.0	0.0	0.0	0.0	0.0	1000.0	1000.0	1903999	0.00046650975	0.00024688616	0.0050770263	-0.0026722022	-0.00046651193	5.06024e-06	39479.803407907486
477	0.0	0.0	0.0	0.0	0.0	0.0	0.0	0.0	1000.0	1000.0	1907999	0.0004346895	2.519516e-05	0.00047978002	0.00039249848	-0.00043466766	1.6126283e-17	39563.54636955261
478	0.0	0.0	0.0	0.0	0.0	0.0	0.0	0.0	1000.0	1000.0	1911999	0.00036908637	0.00019805298	0.005361104	-0.0031362504	-0.0003690809	2.5388051e-06	39647.21220803261
479	0.0	0.0	0.0	0.0	0.0	0.0	0.0	0.0	1000.0	1000.0	1915999	0.00034918834	0.00019526608	0.0053031184	-0.003121572	-0.0003491838	2.5377246e-06	39730.8544113636
480	0.0	0.0	0.0	0.0	0.0	0.0	0.0	0.0	1000.0	1000.0	1919999	0.0003966349	0.00024136034	0.004754554	-0.0025000137	-0.00039664048	5.0577682e-06	39814.827783346176
481	0.0	0.0	0.0	0.0	0.0	0.0	0.0	0.0	1000.0	1000.0	1923999	0.00038474915	0.00019029158	0.005227877	-0.0029525887	-0.0003847429	2.5355841e-06	39898.77116036415
482	0.0	0.0	0.0	0.0	0.0	0.0	0.0	0.0	1000.0	1000.0	1927999	0.0004382065	0.00034595068	0.005324996	-0.0030866158	-0.00043823576	1.0118009e-05	39982.41266465187
483	0.0	0.0	0.0	0.0	0.0	0.0	0.0	0.0	1000.0	1000.0	1931999	0.00042639987	0.00019667274	0.00538716	-0.0030689635	-0.00042639126	2.5380286e-06	40066.15653800964
484	0.0	0.0	0.0	0.0	0.0	0.0	0.0	0.0	1000.0	1000.0	1935999	0.00039125438	2.2671718e-05	0.00043236825	0.0003532858	-0.000391235	1.6551936e-15	40149.93048810959
485	0.0	0.0	0.0	0.0	0.0	0.0	0.0	0.0	1000.0	1000.0	1939999	0.00035162945	0.00019697336	0.0053505106	-0.0031447771	-0.0003516248	2.5384186e-06	40233.93912315369
486	0.0	0.0	0.0	0.0	0.0	0.0	0.0	0.0	1000.0	1000.0	1943999	0.000333084	0.00019548557	0.0052995677	-0.0031374674	-0.00033308024	2.537843e-06	40317.6890039444
487	0.0	0.0	0.0	0.0	0.0	0.0	0.0	0.0	1000.0	1000.0	1947999	0.000383171	0.00034114034	0.005241772	-0.003091209	-0.0003832028	1.01135e-05	40401.48297548294
488	0.0	0.0	0.0	0.0	0.0	0.0	0.0	0.0	1000.0	1000.0	1951999	0.00041232305	0.00019523695	0.0053500524	-0.003057856	-0.00041231545	2.5375646e-06	40485.21934270859
489	0.0	0.0	0.0	0.0	0.0	0.0	0.0	0.0	1000.0	1000.0	1955999	0.00043251365	0.00024728992	0.005322531	-0.0030013598	-0.00043251808	5.0604262e-06	40569.08171629906
490	0.0	0.0	0.0	0.0	0.0	0.0	0.0	0.0	1000.0	1000.0	1959999	0.00042335526	0.00025674765	0.0052509587	-0.0029417838	-0.0004233597	5.0652225e-06	40652.80987715721
491	0.0	0.0	0.0	0.0	0.0	0.0	0.0	0.0	1000.0	1000.0	1963999	0.0004523544	0.00016147284	0.004473067	-0.0021645937	-0.00045234442	2.5253116e-06	40736.467076301575
492	0.0	0.0	0.0	0.0	0.0	0.0	0.0	0.0	1000.0	1000.0	1967999	0.00049509207	0.00033909333	0.0053742942	-0.0030190675	-0.00049511844	1.0112769e-05	40820.26434278488
493	0.0	0.0	0.0	0.0	0.0	0.0	0.0	0.0	1000.0	1000.0	1971999	0.0005130247	0.000171973	0.0048417975	-0.0023296494	-0.00051301176	2.5285146e-06	40903.954986572266
494	0.0	0.0	0.0	0.0	0.0	0.0	0.0	0.0	1000.0	1000.0	1975999	0.0005038078	0.00025372242	0.0054414095	-0.0029795729	-0.00050380814	5.063597e-06	40987.70177149773
495	0.0	0.0	0.0	0.0	0.0	0.0	0.0	0.0	1000.0	1000.0	1979999	0.0004685091	0.0002603312	0.0054306667	-0.0030260216	-0.0004685116	5.067055e-06	41071.57747173309
496	0.0	0.0	0.0	0.0	0.0	0.0	0.0	0.0	1000.0	1000.0	1983999	0.00047612144	0.00017215974	0.0048155324	-0.0023770246	-0.00047611046	2.5286683e-06	41156.00247454643
497	0.0	0.0	0.0	0.0	0.0	0.0	0.0	0.0	1000.0	1000.0	1987999	0.0005005135	0.00029591104	0.005415464	-0.0030296699	-0.00050052674	7.5864727e-06	41239.65863466263
498	0.0	0.0	0.0	0.0	0.0	0.0	0.0	0.0	1000.0	1000.0	1991999	0.0004688623	0.00019354853	0.0053931293	-0.0029566172	-0.00046885185	2.5370275e-06	41323.524636268616
499	0.0	0.0	0.0	0.0	0.0	0.0	0.0	0.0	1000.0	1000.0	1995999	0.00043133285	0.0002877859	0.0054029967	-0.0030739396	-0.0004313496	7.5825897e-06	41407.201538562775
500	0.0	0.0	0.0	0.0	0.0	0.0	0.0	0.0	1000.0	1000.0	1999999	0.00048135885	0.00024587943	0.0053159567	-0.002909877	-0.00048136036	5.0595386e-06	41491.056591272354
