Epoch	AverageEpRet	StdEpRet	MaxEpRet	MinEpRet	AverageTestEpRet	StdTestEpRet	MaxTestEpRet	MinTestEpRet	EpLen	TestEpLen	TotalEnvInteracts	AverageQVals	StdQVals	MaxQVals	MinQVals	LossPi	LossQ	Time
1	0.25	0.4330127	1.0	0.0	2.0	3.0659418	10.0	0.0	1000.0	1000.0	3999	0.38160044	0.10905451	2.145028	-0.60684425	-0.4098247	0.00069867267	45.173495292663574
2	0.0	0.0	0.0	0.0	1.8	3.7094474	12.0	0.0	1000.0	1000.0	7999	0.68492585	0.07624683	2.122272	0.36915526	-0.6991626	0.0003765018	102.79646444320679
3	0.0	0.0	0.0	0.0	0.0	0.0	0.0	0.0	1000.0	1000.0	11999	0.537122	0.11727798	2.0407248	0.18948963	-0.53247434	0.000106985506	161.4241864681244
4	0.0	0.0	0.0	0.0	1.3	2.6095977	7.0	0.0	1000.0	1000.0	15999	0.31416714	0.091166556	1.5659719	0.14285162	-0.31185332	0.00011136378	221.07668113708496
5	4.5	4.974937	12.0	0.0	3.3	4.196427	11.0	0.0	1000.0	1000.0	19999	0.42626032	0.47333598	11.278679	0.06337536	-0.4630715	0.005286228	280.2640497684479
6	0.0	0.0	0.0	0.0	0.9	1.8138357	5.0	0.0	1000.0	1000.0	23999	0.7836683	1.1510564	10.525197	-0.21343824	-0.78339756	0.008003404	339.60727977752686
7	0.0	0.0	0.0	0.0	0.9	2.118962	7.0	0.0	1000.0	1000.0	27999	0.62355584	1.1271831	10.8563595	0.11453897	-0.6442218	0.008055409	399.18796849250793
8	0.0	0.0	0.0	0.0	1.2	2.5612497	8.0	0.0	1000.0	1000.0	31999	0.7513582	1.4636363	11.645797	-0.032091618	-0.761801	0.008770871	459.2044732570648
9	2.25	2.2776084	5.0	0.0	3.0	5.4405885	17.0	0.0	1000.0	1000.0	35999	0.5095549	1.183849	9.459949	-0.008143976	-0.5138408	0.007593669	519.113029718399
10	0.5	0.8660254	2.0	0.0	3.4	5.4990907	15.0	0.0	1000.0	1000.0	39999	0.4284634	0.99785537	9.429582	0.10530872	-0.43227986	0.004157473	579.2580969333649
11	5.75	3.9607449	11.0	0.0	0.6	1.8000001	6.0	0.0	1000.0	1000.0	43999	0.44519925	0.9956442	9.508367	-0.13022366	-0.4548146	0.006248951	639.2771596908569
12	2.5	4.3301272	10.0	0.0	1.6	2.6153393	7.0	0.0	1000.0	1000.0	47999	0.6271513	1.3953111	9.895183	-0.092699945	-0.6420118	0.008986277	699.3354852199554
13	1.5	2.598076	6.0	0.0	2.6	4.386342	12.0	0.0	1000.0	1000.0	51999	0.6055565	1.3831486	10.208262	0.072969235	-0.61101085	0.008426971	759.8372962474823
14	0.25	0.4330127	1.0	0.0	0.7	1.5524175	5.0	0.0	1000.0	1000.0	55999	0.5823918	1.4103062	9.218623	0.064755976	-0.58765596	0.0072769043	821.5940313339233
15	0.0	0.0	0.0	0.0	0.9	1.4456832	4.0	0.0	1000.0	1000.0	59999	0.5052068	1.2803828	8.201012	-0.008151919	-0.5091446	0.005644358	885.5336036682129
16	0.0	0.0	0.0	0.0	3.1	4.526588	14.0	0.0	1000.0	1000.0	63999	0.46072564	1.1998318	9.195643	0.0030619986	-0.46512404	0.0056957575	953.3929402828217
17	1.0	1.7320508	4.0	0.0	0.8	1.6	4.0	0.0	1000.0	1000.0	67999	0.4281492	1.1470509	9.674972	0.048293047	-0.43296286	0.0048520076	1028.654759645462
18	0.0	0.0	0.0	0.0	1.7	3.9509492	13.0	0.0	1000.0	1000.0	71999	0.3752683	1.048727	8.806985	-0.10588236	-0.3769625	0.0049680425	1107.9501144886017
19	3.5	6.0621777	14.0	0.0	4.4	6.6513157	19.0	0.0	1000.0	1000.0	75999	0.32449278	0.9169346	12.397596	-0.08003403	-0.32428828	0.0040585794	1187.977647781372
20	2.0	3.4641016	8.0	0.0	2.0	4.449719	15.0	0.0	1000.0	1000.0	79999	0.3102482	0.92533016	17.180483	0.03644592	-0.31793812	0.0073409253	1268.7990458011627
21	3.75	6.4951906	15.0	0.0	2.3	5.020956	16.0	0.0	1000.0	1000.0	83999	0.35623243	1.1080443	14.439651	0.032655068	-0.3580567	0.0055241124	1349.9420275688171
22	1.75	3.0310888	7.0	0.0	2.4	4.9839745	15.0	0.0	1000.0	1000.0	87999	0.32501084	1.0536457	14.600424	0.031695746	-0.3299874	0.0049798135	1430.7173445224762
23	0.25	0.4330127	1.0	0.0	1.8	3.8418746	12.0	0.0	1000.0	1000.0	91999	0.32747087	1.0735329	11.679146	0.030402003	-0.32847035	0.004895253	1511.8297762870789
24	6.5	6.538348	14.0	0.0	0.2	0.59999996	2.0	0.0	1000.0	1000.0	95999	0.2778623	0.9483103	13.998737	0.027542124	-0.2808149	0.0054434594	1593.0770933628082
25	2.0	3.4641016	8.0	0.0	1.8	4.489989	15.0	0.0	1000.0	1000.0	99999	0.3254794	1.1802183	14.62699	0.026909819	-0.33222228	0.0072902157	1674.0521705150604
26	0.0	0.0	0.0	0.0	0.9	2.7	9.0	0.0	1000.0	1000.0	103999	0.35031104	1.3296834	17.620312	-0.10528463	-0.35331038	0.008304736	1754.9635336399078
27	0.0	0.0	0.0	0.0	2.7	4.9809637	14.0	0.0	1000.0	1000.0	107999	0.308652	1.1667632	11.999747	0.027119903	-0.3112484	0.0060918187	1836.3243148326874
28	0.5	0.8660254	2.0	0.0	3.5	6.328507	17.0	0.0	1000.0	1000.0	111999	0.29454294	1.0915552	12.991674	0.029090164	-0.29512423	0.005917208	1917.6139421463013
29	4.5	7.7942286	18.0	0.0	3.2	5.05569	14.0	0.0	1000.0	1000.0	115999	0.2666143	1.0088339	12.868782	-0.03185103	-0.26837268	0.0054018535	1999.18891954422
30	1.75	2.4874685	6.0	0.0	4.4	5.713143	19.0	0.0	1000.0	1000.0	119999	0.2204774	0.8404305	12.992262	-0.49384645	-0.2207036	0.0046768575	2080.5054841041565
31	3.0	5.196152	12.0	0.0	1.3	3.2878563	11.0	0.0	1000.0	1000.0	123999	0.24262431	0.9294311	14.852375	0.034239408	-0.24920312	0.0064798137	2161.7328345775604
32	3.5	4.092676	10.0	0.0	1.7	5.1	17.0	0.0	1000.0	1000.0	127999	0.29068914	1.148344	14.010215	0.03300772	-0.29322854	0.006760465	2242.610497713089
33	0.0	0.0	0.0	0.0	4.4	5.765414	16.0	0.0	1000.0	1000.0	131999	0.27179962	1.0717068	15.916742	0.030318111	-0.27341607	0.0063280524	2323.6378309726715
34	0.0	0.0	0.0	0.0	1.2	3.6000001	12.0	0.0	1000.0	1000.0	135999	0.2601247	1.0489776	15.275056	0.031393506	-0.26298115	0.006513552	2404.4353675842285
35	1.5	1.6583124	4.0	0.0	2.6	2.7276363	7.0	0.0	1000.0	1000.0	139999	0.23650903	1.0079906	17.307617	0.027310653	-0.23759882	0.0064558364	2485.695830345154
36	0.0	0.0	0.0	0.0	0.5	1.024695	3.0	0.0	1000.0	1000.0	143999	0.20690627	0.8850459	14.015078	0.026635699	-0.20896696	0.006130667	2566.8852887153625
37	1.0	1.0	2.0	0.0	0.2	0.59999996	2.0	0.0	1000.0	1000.0	147999	0.2248263	0.9343821	14.391091	-0.19900975	-0.2266072	0.006339118	2648.1121904850006
38	5.25	6.977643	17.0	0.0	3.2	4.79166	15.0	0.0	1000.0	1000.0	151999	0.202612	0.871838	15.714793	-0.32298157	-0.20349461	0.007431022	2729.1654522418976
39	3.25	3.6996622	9.0	0.0	3.1	4.846648	15.0	0.0	1000.0	1000.0	155999	0.2035706	0.8888319	16.455278	-0.13956016	-0.20626712	0.007262511	2810.6058304309845
40	4.0	4.8989797	12.0	0.0	1.0	3.0	10.0	0.0	1000.0	1000.0	159999	0.20138785	0.78903306	15.647368	0.025219962	-0.20364964	0.0060899905	2892.4081218242645
41	0.0	0.0	0.0	0.0	2.3	3.5510561	9.0	0.0	1000.0	1000.0	163999	0.20954317	0.90419716	14.997337	-0.3422104	-0.21121852	0.008550157	2974.089482307434
42	0.0	0.0	0.0	0.0	2.6	4.3634844	13.0	0.0	1000.0	1000.0	167999	0.21466479	0.944158	15.846878	-0.15295604	-0.21749139	0.006718024	3055.3612246513367
43	0.0	0.0	0.0	0.0	2.6	5.8514957	19.0	0.0	1000.0	1000.0	171999	0.21357971	0.91915154	14.4095545	0.008271273	-0.21464133	0.0076926546	3136.503583431244
44	3.0	5.196152	12.0	0.0	5.6	6.118823	16.0	0.0	1000.0	1000.0	175999	0.18694578	0.7939222	14.210042	-0.20238578	-0.18721777	0.005875064	3217.7319247722626
45	0.5	0.8660254	2.0	0.0	3.9	5.5217752	16.0	0.0	1000.0	1000.0	179999	0.18724824	0.7902675	16.085909	-0.095229134	-0.19106552	0.0076504946	3298.9167006015778
46	7.25	6.2998013	17.0	0.0	1.8	3.7094474	11.0	0.0	1000.0	1000.0	183999	0.19776121	0.85076165	17.692408	-0.16960254	-0.19860691	0.007511739	3380.0819313526154
47	0.0	0.0	0.0	0.0	2.9	4.805206	13.0	0.0	1000.0	1000.0	187999	0.18863295	0.8192498	17.33909	-0.73179454	-0.18964377	0.006963954	3461.230672121048
48	2.5	4.3301272	10.0	0.0	2.4	4.004997	11.0	0.0	1000.0	1000.0	191999	0.19984946	0.86257076	16.20396	-0.8408905	-0.20226122	0.0065820008	3542.461584329605
49	4.75	6.609652	16.0	0.0	1.5	3.0740852	9.0	0.0	1000.0	1000.0	195999	0.18652144	0.8028637	15.923767	-0.8719359	-0.18782082	0.0070921746	3623.5876092910767
50	0.75	1.299038	3.0	0.0	2.8	4.6	14.0	0.0	1000.0	1000.0	199999	0.19769342	0.87355113	17.467285	-0.63668406	-0.19942741	0.008057215	3704.751699924469
51	0.0	0.0	0.0	0.0	2.7	4.561798	12.0	0.0	1000.0	1000.0	203999	0.18356656	0.82352674	16.6942	-0.6941176	-0.1842395	0.007216526	3786.0834953784943
52	3.25	5.629165	13.0	0.0	2.1	4.205948	11.0	0.0	1000.0	1000.0	207999	0.17847775	0.7947362	14.729534	-0.4994692	-0.18059835	0.006838616	3867.1916484832764
53	3.75	3.8971143	9.0	0.0	1.4	4.2000003	14.0	0.0	1000.0	1000.0	211999	0.19813828	0.90131414	17.645653	-1.137675	-0.20055927	0.008346691	3948.677236557007
54	3.25	5.629165	13.0	0.0	2.9	4.8877397	15.0	0.0	1000.0	1000.0	215999	0.173399	0.7974796	14.193678	-0.6086115	-0.17431976	0.0067388127	4030.4639108181
55	0.0	0.0	0.0	0.0	2.5	3.879433	10.0	0.0	1000.0	1000.0	219999	0.18079492	0.84061813	14.842973	-0.7831702	-0.1819636	0.006038271	4112.048449754715
56	1.5	2.598076	6.0	0.0	1.1	2.4677925	8.0	0.0	1000.0	1000.0	223999	0.18336612	0.85909057	15.48596	-0.4810313	-0.18489486	0.007440918	4193.475157022476
57	3.0	5.196152	12.0	0.0	1.7	4.1964273	14.0	0.0	1000.0	1000.0	227999	0.17211322	0.81158954	16.616257	-0.7208378	-0.17358129	0.0077576246	4274.903059244156
58	0.0	0.0	0.0	0.0	2.5	3.905125	11.0	0.0	1000.0	1000.0	231999	0.17603093	0.83504295	15.9784155	-0.89353836	-0.17744021	0.007715506	4356.399109363556
59	0.0	0.0	0.0	0.0	1.9	4.78435	16.0	0.0	1000.0	1000.0	235999	0.17501538	0.8085871	18.089672	-0.7020905	-0.17606871	0.0083302725	4437.8345737457275
60	0.5	0.8660254	2.0	0.0	2.4	4.6086874	15.0	0.0	1000.0	1000.0	239999	0.16576262	0.7659248	19.039623	-0.7364961	-0.16700466	0.0067093517	4519.127250909805
61	3.75	6.4951906	15.0	0.0	3.9	4.7000003	12.0	0.0	1000.0	1000.0	243999	0.16812162	0.8000162	19.948427	-1.1092031	-0.16873288	0.006514703	4600.563591718674
62	2.5	4.3301272	10.0	0.0	5.4	4.9234138	13.0	0.0	1000.0	1000.0	247999	0.15746725	0.75907886	21.434303	-0.99865717	-0.15887247	0.0072240974	4681.851068496704
63	0.0	0.0	0.0	0.0	1.4	3.3226495	11.0	0.0	1000.0	1000.0	251999	0.15253212	0.73304945	16.75584	-2.4743237	-0.15338607	0.008488085	4763.369985818863
64	1.75	3.0310888	7.0	0.0	3.0	3.3763885	9.0	0.0	1000.0	1000.0	255999	0.15460928	0.7482868	17.138294	-0.727409	-0.15610912	0.0070267715	4844.867728710175
65	2.0	3.4641016	8.0	0.0	1.8	2.8565712	7.0	0.0	1000.0	1000.0	259999	0.17659396	0.8932166	18.773064	-1.9417133	-0.17811115	0.008330742	4926.2173726558685
66	5.0	5.7445626	14.0	0.0	1.5	3.0083218	8.0	0.0	1000.0	1000.0	263999	0.16161853	0.8082317	16.27252	-1.3944695	-0.1620582	0.007604164	5007.474130868912
67	0.0	0.0	0.0	0.0	4.3	5.496362	13.0	0.0	1000.0	1000.0	267999	0.14928271	0.74066335	19.062044	-3.1076353	-0.15011127	0.007023339	5088.807745218277
68	5.75	6.0156045	14.0	0.0	0.0	0.0	0.0	0.0	1000.0	1000.0	271999	0.14458548	0.7384265	18.987537	-1.6656247	-0.14577945	0.006805283	5170.19918680191
69	0.0	0.0	0.0	0.0	0.8	1.6613246	5.0	0.0	1000.0	1000.0	275999	0.15922663	0.81346565	16.62006	-1.681662	-0.1604535	0.008296349	5251.684455633163
70	5.0	7.5498343	18.0	0.0	1.1	2.4677925	8.0	0.0	1000.0	1000.0	279999	0.15624045	0.7974619	15.417923	-1.948041	-0.15774576	0.007102485	5333.328045606613
71	3.0	5.196152	12.0	0.0	2.7	4.0261645	11.0	0.0	1000.0	1000.0	283999	0.1460086	0.7446441	17.417984	-2.2436557	-0.14586492	0.006773915	5414.750829219818
72	4.75	5.3560715	13.0	0.0	3.0	3.435113	10.0	0.0	1000.0	1000.0	287999	0.14317206	0.7327953	17.550251	-1.5488584	-0.14481024	0.0064152796	5496.014674425125
73	1.5	2.598076	6.0	0.0	1.3	3.9	13.0	0.0	1000.0	1000.0	291999	0.14522591	0.7591206	14.95175	-1.7675655	-0.14618966	0.0056244754	5577.471686601639
74	1.5	1.6583124	4.0	0.0	2.6	3.2924156	9.0	0.0	1000.0	1000.0	295999	0.14639138	0.7811761	16.454565	-1.640619	-0.14783561	0.007081698	5658.837499141693
75	4.25	4.380354	10.0	0.0	3.8	5.4735727	17.0	0.0	1000.0	1000.0	299999	0.15600431	0.8483965	16.050125	-1.7214531	-0.15771924	0.0073127137	5740.124976158142
76	0.75	1.299038	3.0	0.0	3.0	4.2426405	13.0	0.0	1000.0	1000.0	303999	0.14871262	0.79701024	15.385724	-1.6334889	-0.14866328	0.005655832	5821.283086299896
77	2.25	3.8971143	9.0	0.0	7.3	6.03407	17.0	0.0	1000.0	1000.0	307999	0.14529265	0.76589453	17.320698	-1.6082803	-0.14723538	0.0069377874	5902.783361673355
78	0.0	0.0	0.0	0.0	3.7	5.866004	16.0	0.0	1000.0	1000.0	311999	0.14910705	0.79555035	16.200415	-2.3403409	-0.14984691	0.0072881933	5984.387838602066
79	0.0	0.0	0.0	0.0	1.6	3.903844	13.0	0.0	1000.0	1000.0	315999	0.1473535	0.79508716	18.094809	-2.6519332	-0.14784211	0.006983848	6065.816220521927
80	4.25	7.361216	17.0	0.0	1.7	3.407345	9.0	0.0	1000.0	1000.0	319999	0.14908598	0.8106228	17.194668	-3.3505569	-0.15082149	0.0070137423	6147.287038326263
81	4.0	5.8309517	14.0	0.0	0.3	0.90000004	3.0	0.0	1000.0	1000.0	323999	0.14554843	0.7775295	20.85053	-3.697224	-0.14555123	0.0072701788	6229.0926077365875
82	0.0	0.0	0.0	0.0	1.2	3.6000001	12.0	0.0	1000.0	1000.0	327999	0.14483573	0.7595142	19.297146	-2.9845357	-0.14665662	0.007554828	6310.643721818924
83	4.75	5.7172985	14.0	0.0	4.8	5.9464273	18.0	0.0	1000.0	1000.0	331999	0.1461603	0.7788208	16.04442	-2.8059704	-0.1475308	0.0073270192	6392.267646312714
84	2.75	4.7631397	11.0	0.0	2.5	5.239275	16.0	0.0	1000.0	1000.0	335999	0.13864817	0.7683687	16.599836	-2.6795866	-0.13852729	0.0065385667	6473.916963100433
85	0.0	0.0	0.0	0.0	0.6	1.8000001	6.0	0.0	1000.0	1000.0	339999	0.1399784	0.7879782	18.103117	-2.1834507	-0.14161418	0.006585105	6555.495425701141
86	1.5	2.598076	6.0	0.0	1.1	3.3	11.0	0.0	1000.0	1000.0	343999	0.13980182	0.7890668	19.251926	-2.1558378	-0.1399729	0.0062346384	6636.968692541122
87	1.5	2.598076	6.0	0.0	2.7	4.4056783	13.0	0.0	1000.0	1000.0	347999	0.13766235	0.7831765	16.804813	-2.932444	-0.1389503	0.0060082697	6718.349841594696
88	2.25	2.4874685	6.0	0.0	2.3	3.950949	12.0	0.0	1000.0	1000.0	351999	0.14035551	0.8128192	17.93093	-2.668503	-0.14157115	0.0073513063	6799.883791446686
89	0.5	0.8660254	2.0	0.0	0.8	1.6613247	5.0	0.0	1000.0	1000.0	355999	0.13648397	0.8024987	17.046766	-2.7127066	-0.13728419	0.007238017	6881.3068697452545
90	0.75	1.299038	3.0	0.0	0.4	1.1999999	4.0	0.0	1000.0	1000.0	359999	0.1485363	0.8646028	19.001179	-2.7540205	-0.15028226	0.008013006	6963.304615020752
91	0.5	0.8660254	2.0	0.0	2.9	4.4598207	11.0	0.0	1000.0	1000.0	363999	0.13781741	0.81411207	16.818855	-2.3569908	-0.13816562	0.007222284	7044.932596206665
92	0.0	0.0	0.0	0.0	0.7	2.1000001	7.0	0.0	1000.0	1000.0	367999	0.14032084	0.85722893	18.350996	-2.6671126	-0.14168578	0.007623045	7126.675082206726
93	1.75	3.0310888	7.0	0.0	2.0	4.2190046	13.0	0.0	1000.0	1000.0	371999	0.12748066	0.80514205	25.19203	-2.1080847	-0.12735818	0.0075883116	7208.63898897171
94	1.75	3.0310888	7.0	0.0	2.0	3.9242833	13.0	0.0	1000.0	1000.0	375999	0.11773902	0.74583536	18.879421	-2.2330515	-0.11920938	0.006381276	7290.319818973541
95	3.25	5.629165	13.0	0.0	1.5	3.0083218	8.0	0.0	1000.0	1000.0	379999	0.12372486	0.77635044	16.406553	-2.447326	-0.12459666	0.007498439	7372.001984119415
96	1.25	1.299038	3.0	0.0	3.0	5.5497746	18.0	0.0	1000.0	1000.0	383999	0.118557766	0.74087983	16.628948	-2.5342946	-0.118762605	0.0066277427	7453.555373430252
97	1.75	3.0310888	7.0	0.0	1.7	2.7946377	7.0	0.0	1000.0	1000.0	387999	0.11589343	0.70753425	17.966795	-2.4453075	-0.116878726	0.007933477	7534.892197132111
98	5.75	6.0156045	14.0	0.0	0.7	2.1000001	7.0	0.0	1000.0	1000.0	391999	0.12762554	0.786485	19.461395	-2.7462633	-0.1290822	0.0073859603	7616.504284620285
99	0.0	0.0	0.0	0.0	2.7	5.5145264	16.0	0.0	1000.0	1000.0	395999	0.12249812	0.77211505	20.250757	-2.7653115	-0.1222772	0.0077193384	7697.911568641663
100	0.0	0.0	0.0	0.0	2.0	4.2190046	13.0	0.0	1000.0	1000.0	399999	0.12733907	0.8263938	19.6086	-2.4705276	-0.12941512	0.007776639	7779.737519979477
101	0.25	0.4330127	1.0	0.0	5.1	6.0572267	17.0	0.0	1000.0	1000.0	403999	0.12050082	0.80685276	18.462097	-2.9507618	-0.11970819	0.0073062554	7860.923672199249
102	4.5	4.555217	10.0	0.0	0.5	1.024695	3.0	0.0	1000.0	1000.0	407999	0.10658347	0.69612426	17.29996	-2.5474637	-0.10701059	0.0074073537	7942.409957885742
103	1.75	3.0310888	7.0	0.0	4.3	5.292448	16.0	0.0	1000.0	1000.0	411999	0.113572195	0.7244808	19.992313	-3.5966861	-0.11465791	0.0071705156	8024.036599397659
104	3.0	5.196152	12.0	0.0	1.4	3.5832946	12.0	0.0	1000.0	1000.0	415999	0.1047148	0.67650247	19.307446	-2.4566276	-0.10404151	0.0065906355	8105.499819278717
105	2.75	3.6996622	9.0	0.0	1.8	4.489989	15.0	0.0	1000.0	1000.0	419999	0.10478755	0.6728947	16.891953	-2.8948183	-0.10653406	0.006591023	8186.8762855529785
106	1.25	2.1650636	5.0	0.0	1.5	2.8017852	9.0	0.0	1000.0	1000.0	423999	0.12723964	0.8094549	18.334322	-3.239735	-0.12783398	0.0069837277	8268.402643442154
107	6.5	6.652067	15.0	0.0	0.7	2.1000001	7.0	0.0	1000.0	1000.0	427999	0.12339561	0.8057988	19.533667	-3.0992248	-0.12428375	0.00723054	8349.800986289978
108	2.75	4.7631397	11.0	0.0	2.2	2.7495453	6.0	0.0	1000.0	1000.0	431999	0.12249178	0.7968748	19.074461	-2.9744167	-0.122047834	0.0076836254	8431.438369750977
109	3.5	3.2015622	8.0	0.0	2.6	4.6733284	14.0	0.0	1000.0	1000.0	435999	0.11766917	0.76417434	19.609486	-2.4289649	-0.11869542	0.008169833	8512.672966003418
110	7.5	7.5332594	16.0	0.0	1.8	2.8565714	9.0	0.0	1000.0	1000.0	439999	0.1156945	0.73469085	17.596033	-3.177358	-0.11612829	0.0073028468	8593.906608819962
111	3.25	3.6996622	9.0	0.0	2.5	4.544227	14.0	0.0	1000.0	1000.0	443999	0.123314396	0.7785939	16.984715	-2.8086078	-0.124655455	0.007990038	8675.003229141235
112	3.75	6.4951906	15.0	0.0	2.7	5.5145264	16.0	0.0	1000.0	1000.0	447999	0.1317119	0.85389864	19.91211	-2.905157	-0.13267808	0.007360781	8756.424616575241
113	2.5	4.3301272	10.0	0.0	1.8	2.7856774	9.0	0.0	1000.0	1000.0	451999	0.11062134	0.73243433	21.258934	-2.7211077	-0.11018794	0.007923831	8837.718432188034
114	2.75	4.7631397	11.0	0.0	2.1	5.374942	18.0	0.0	1000.0	1000.0	455999	0.11174067	0.734914	17.516445	-2.746321	-0.11251576	0.0066293324	8918.97339129448
115	0.75	1.299038	3.0	0.0	1.7	4.4732537	15.0	0.0	1000.0	1000.0	459999	0.11310085	0.7492588	20.50847	-3.2413266	-0.113829896	0.00782692	9000.39499425888
116	0.0	0.0	0.0	0.0	0.0	0.0	0.0	0.0	1000.0	1000.0	463999	0.10632212	0.7068718	18.324835	-2.9176865	-0.106322736	0.0062284633	9081.846399068832
117	6.25	6.259992	13.0	0.0	2.1	2.8442924	7.0	0.0	1000.0	1000.0	467999	0.10463868	0.6771284	20.457388	-2.5160835	-0.10473119	0.0071853516	9163.0634059906
118	2.5	2.598076	6.0	0.0	3.9	4.9689035	14.0	0.0	1000.0	1000.0	471999	0.1130818	0.7221051	18.447577	-2.4661741	-0.1147465	0.0072524766	9244.337012529373
119	0.0	0.0	0.0	0.0	1.0	2.1908903	7.0	0.0	1000.0	1000.0	475999	0.115415774	0.72635347	16.343971	-2.1958287	-0.115714826	0.005788421	9325.911800861359
120	3.0	4.6368093	11.0	0.0	3.2	5.3999996	15.0	0.0	1000.0	1000.0	479999	0.11268794	0.72732055	16.024853	-2.1400409	-0.113240145	0.005739952	9407.545684099197
121	2.5	4.3301272	10.0	0.0	1.0	1.8439089	6.0	0.0	1000.0	1000.0	483999	0.10970786	0.71353066	19.514112	-2.2475538	-0.11062216	0.0072065433	9488.705992937088
122	1.25	1.299038	3.0	0.0	0.0	0.0	0.0	0.0	1000.0	1000.0	487999	0.1175615	0.77055234	16.99501	-1.7497282	-0.11811484	0.007746302	9570.200449705124
123	0.5	0.8660254	2.0	0.0	4.9	7.020684	18.0	0.0	1000.0	1000.0	491999	0.10961759	0.7059053	16.918758	-1.7348726	-0.109702975	0.0059390385	9651.816919326782
124	0.0	0.0	0.0	0.0	2.4	5.1224995	16.0	0.0	1000.0	1000.0	495999	0.11196536	0.7195525	17.745367	-1.8361721	-0.1127778	0.006396109	9733.181378364563
125	7.25	6.796139	15.0	0.0	2.0	3.3166249	10.0	0.0	1000.0	1000.0	499999	0.10945951	0.69789517	16.997849	-2.282004	-0.10963637	0.0058044363	9814.573291778564
126	0.0	0.0	0.0	0.0	3.3	5.780138	17.0	0.0	1000.0	1000.0	503999	0.103931054	0.68726945	16.645267	-1.4467636	-0.104413055	0.0053428304	9896.301668643951
127	2.75	3.269174	8.0	0.0	3.7	5.5145264	16.0	0.0	1000.0	1000.0	507999	0.10729423	0.7008815	18.512785	-1.9446222	-0.10755922	0.007444337	9978.211998224258
128	2.75	4.7631397	11.0	0.0	1.2	2.7495456	9.0	0.0	1000.0	1000.0	511999	0.11198247	0.73694193	18.095997	-1.4414893	-0.11311907	0.0064462456	10059.76538491249
129	2.5	4.3301272	10.0	0.0	3.9	5.8557663	15.0	0.0	1000.0	1000.0	515999	0.115434796	0.7645111	16.773773	-1.2895242	-0.11584773	0.0063252803	10141.272664546967
130	2.25	3.8971143	9.0	0.0	3.3	5.622277	16.0	0.0	1000.0	1000.0	519999	0.11471608	0.7616507	20.349533	-0.99490994	-0.11547733	0.0064770123	10222.534043550491
131	0.5	0.8660254	2.0	0.0	0.7	1.5524175	5.0	0.0	1000.0	1000.0	523999	0.114690095	0.7567469	18.142365	-1.5244274	-0.115074985	0.0065860404	10304.047528028488
132	3.5	6.0621777	14.0	0.0	4.1	5.2430906	13.0	0.0	1000.0	1000.0	527999	0.112298645	0.7372249	20.638863	-2.540505	-0.11243842	0.0063545476	10385.42895936966
133	0.0	0.0	0.0	0.0	5.3	4.627094	11.0	0.0	1000.0	1000.0	531999	0.103552565	0.6756807	16.981182	-1.0119479	-0.1042355	0.0055949795	10467.071047782898
134	0.0	0.0	0.0	0.0	4.7	4.5177426	13.0	0.0	1000.0	1000.0	535999	0.10429265	0.6986476	18.74783	-0.96365064	-0.10497382	0.00531157	10548.493860721588
135	6.75	5.402546	15.0	0.0	2.1	3.5623026	9.0	0.0	1000.0	1000.0	539999	0.10667352	0.7266153	19.562527	-1.2037387	-0.10724791	0.006529371	10630.306327104568
136	3.25	3.4186985	8.0	0.0	2.5	3.6945906	9.0	0.0	1000.0	1000.0	543999	0.10267201	0.71055293	16.868553	-1.4764898	-0.103354424	0.005967906	10712.27509355545
137	0.0	0.0	0.0	0.0	1.9	2.9816103	8.0	0.0	1000.0	1000.0	547999	0.106978476	0.73144805	17.951944	-1.6801533	-0.10751736	0.00561428	10793.763006210327
138	1.5	2.598076	6.0	0.0	2.6	5.2191954	14.0	0.0	1000.0	1000.0	551999	0.10406299	0.71309704	16.846315	-1.7654605	-0.10442996	0.0047628395	10875.462608098984
139	0.5	0.8660254	2.0	0.0	3.0	4.97996	15.0	0.0	1000.0	1000.0	555999	0.09478385	0.6657377	16.710577	-1.7443027	-0.09548967	0.0063001276	10956.978535413742
140	2.25	3.8971143	9.0	0.0	2.7	5.235456	17.0	0.0	1000.0	1000.0	559999	0.11107008	0.7907858	19.345776	-1.5712525	-0.11214005	0.0050341296	11038.378631353378
141	3.5	6.0621777	14.0	0.0	1.6	3.9038439	13.0	0.0	1000.0	1000.0	563999	0.09917434	0.7175724	18.091633	-2.2079132	-0.0991118	0.0070890645	11119.602455377579
142	0.75	1.299038	3.0	0.0	2.6	5.4990907	17.0	0.0	1000.0	1000.0	567999	0.096720494	0.70143527	17.36903	-1.9411514	-0.09771229	0.0061408165	11201.244751930237
143	2.0	3.4641016	8.0	0.0	1.7	3.348134	11.0	0.0	1000.0	1000.0	571999	0.094354674	0.70168483	18.049738	-1.7425903	-0.09476452	0.006743605	11282.722625255585
144	4.0	4.8989797	12.0	0.0	2.1	3.5902643	11.0	0.0	1000.0	1000.0	575999	0.09814603	0.70855075	17.43024	-1.8185222	-0.09874069	0.00514637	11364.23483991623
145	0.75	1.299038	3.0	0.0	2.1	3.6728735	11.0	0.0	1000.0	1000.0	579999	0.09351289	0.6815132	17.993942	-1.4194403	-0.09376403	0.0058048917	11446.50263595581
146	3.75	6.4951906	15.0	0.0	3.2	4.8948956	11.0	0.0	1000.0	1000.0	583999	0.09877351	0.70648277	18.987963	-2.1086998	-0.098967135	0.006894332	11527.98172044754
147	0.0	0.0	0.0	0.0	2.3	3.1	9.0	0.0	1000.0	1000.0	587999	0.09700096	0.6845408	18.359465	-1.4982134	-0.097744994	0.0058123036	11609.287363290787
148	1.0	1.7320508	4.0	0.0	2.4	3.7469985	9.0	0.0	1000.0	1000.0	591999	0.09877226	0.6934017	16.385809	-1.807945	-0.099062614	0.0059793475	11690.656913995743
149	5.75	6.259992	15.0	0.0	0.3	0.90000004	3.0	0.0	1000.0	1000.0	595999	0.09773774	0.67765915	16.851034	-1.8860115	-0.09847476	0.0050994223	11771.958819627762
150	0.5	0.8660254	2.0	0.0	3.1	4.060788	10.0	0.0	1000.0	1000.0	599999	0.09984666	0.6964947	16.680918	-1.801255	-0.10004066	0.0055633225	11853.42244553566
151	3.25	3.4186985	8.0	0.0	1.7	2.4515302	6.0	0.0	1000.0	1000.0	603999	0.09758921	0.7041093	21.305983	-1.5220697	-0.09876549	0.006492389	11935.031415224075
152	0.0	0.0	0.0	0.0	1.1	1.8138357	5.0	0.0	1000.0	1000.0	607999	0.104288206	0.73814917	17.774317	-1.5800278	-0.1048266	0.0059857513	12016.35941529274
153	7.75	5.1173725	14.0	0.0	2.2	4.422669	12.0	0.0	1000.0	1000.0	611999	0.1008951	0.7147261	17.830442	-1.5011932	-0.10119259	0.0060296976	12097.880185842514
154	5.5	5.545268	12.0	0.0	1.3	2.8301945	9.0	0.0	1000.0	1000.0	615999	0.10114086	0.72229207	20.131662	-1.6689316	-0.10175775	0.0060627516	12179.157708644867
155	2.75	2.9474566	7.0	0.0	1.8	3.8418746	12.0	0.0	1000.0	1000.0	619999	0.09839022	0.68560815	16.539478	-1.3478036	-0.0988627	0.0061790342	12260.499211072922
156	0.0	0.0	0.0	0.0	0.0	0.0	0.0	0.0	1000.0	1000.0	623999	0.09852972	0.6956496	17.847298	-1.6873878	-0.09910396	0.0054521943	12342.224165678024
157	2.25	3.8971143	9.0	0.0	4.0	5.8651514	18.0	0.0	1000.0	1000.0	627999	0.103720956	0.74531436	20.088764	-1.5152894	-0.10394194	0.0064088437	12424.01312303543
158	1.5	1.6583124	4.0	0.0	3.6	4.2237425	11.0	0.0	1000.0	1000.0	631999	0.09497506	0.6950468	19.30616	-1.0295405	-0.095475085	0.0063228193	12505.584427595139
159	5.25	3.6996622	10.0	0.0	2.6	5.2191954	14.0	0.0	1000.0	1000.0	635999	0.09445486	0.6815641	20.040981	-1.3534586	-0.09476673	0.0060779233	12586.812983036041
160	0.0	0.0	0.0	0.0	4.0	5.0	12.0	0.0	1000.0	1000.0	639999	0.08951432	0.64438844	17.536867	-1.8933364	-0.089671195	0.0050695087	12668.130246639252
161	0.5	0.8660254	2.0	0.0	1.4	2.8354893	8.0	0.0	1000.0	1000.0	643999	0.093875654	0.67586106	18.765102	-0.8079617	-0.09457116	0.0051936167	12750.357216596603
162	4.0	4.0620193	9.0	0.0	0.0	0.0	0.0	0.0	1000.0	1000.0	647999	0.09671292	0.69569594	18.234598	-1.259993	-0.09749794	0.0062881317	12831.613572597504
163	0.0	0.0	0.0	0.0	3.9	5.5217752	16.0	0.0	1000.0	1000.0	651999	0.10332215	0.7524731	16.619987	-1.1733797	-0.104119726	0.0056377794	12913.457470417023
164	0.0	0.0	0.0	0.0	0.3	0.90000004	3.0	0.0	1000.0	1000.0	655999	0.090268016	0.66051257	19.284124	-0.7878373	-0.09056241	0.0051368983	12994.587554216385
165	3.25	3.4186985	8.0	0.0	2.0	4.2190046	13.0	0.0	1000.0	1000.0	659999	0.100070134	0.73087233	17.817553	-0.87376577	-0.10106912	0.007002492	13076.299578428268
166	2.75	3.6996622	9.0	0.0	2.4	4.9839745	16.0	0.0	1000.0	1000.0	663999	0.10245058	0.7430288	17.091618	-0.8238495	-0.1026292	0.0060152216	13158.047018051147
167	0.0	0.0	0.0	0.0	3.7	5.866004	16.0	0.0	1000.0	1000.0	667999	0.098957516	0.7071341	16.626965	-1.2709324	-0.09960489	0.0060888375	13239.474255084991
168	4.5	4.7169905	11.0	0.0	2.7	5.4415073	15.0	0.0	1000.0	1000.0	671999	0.10197265	0.7442566	20.655266	-0.74621296	-0.1021314	0.0066218977	13320.89735031128
169	0.0	0.0	0.0	0.0	1.3	3.9	13.0	0.0	1000.0	1000.0	675999	0.10205668	0.7519498	18.51015	-1.0173422	-0.10256714	0.005573639	13402.360564470291
170	0.0	0.0	0.0	0.0	3.0	4.472136	12.0	0.0	1000.0	1000.0	679999	0.09107488	0.68719876	19.420885	-1.1752231	-0.091049656	0.0061185337	13484.05176115036
171	0.0	0.0	0.0	0.0	5.3	6.0174747	17.0	0.0	1000.0	1000.0	683999	0.090182014	0.6994059	19.041246	-1.1904112	-0.09059723	0.0056362282	13565.473390579224
172	2.0	2.1213202	5.0	0.0	1.2	1.9899749	6.0	0.0	1000.0	1000.0	687999	0.08843659	0.689395	18.30778	-0.80137515	-0.08901318	0.0059507424	13647.339001655579
173	0.0	0.0	0.0	0.0	0.9	1.9209372	6.0	0.0	1000.0	1000.0	691999	0.08296066	0.64908934	18.653208	-0.8875904	-0.08301454	0.005203979	13729.08488702774
174	0.0	0.0	0.0	0.0	2.6	4.963869	16.0	0.0	1000.0	1000.0	695999	0.08125203	0.63017255	17.263777	-0.7581316	-0.08143281	0.005005136	13810.605417490005
175	2.75	2.9474566	7.0	0.0	0.3	0.90000004	3.0	0.0	1000.0	1000.0	699999	0.0858925	0.6680262	18.055136	-1.1585336	-0.086375326	0.0057004374	13892.569139242172
176	2.75	3.112475	8.0	0.0	1.2	1.8867962	5.0	0.0	1000.0	1000.0	703999	0.080216944	0.6225502	20.495768	-0.6306425	-0.08007669	0.0054325964	13974.121057033539
177	5.25	4.43706	11.0	0.0	2.1	3.5623026	9.0	0.0	1000.0	1000.0	707999	0.08796694	0.6409762	20.148205	-0.8340549	-0.08824246	0.0056452905	14056.09433889389
178	0.75	1.299038	3.0	0.0	2.5	3.2015622	8.0	0.0	1000.0	1000.0	711999	0.08044671	0.5916933	16.059021	-2.181334	-0.080586456	0.0045424486	14137.484807252884
179	3.75	2.58602	7.0	0.0	2.8	4.556314	13.0	0.0	1000.0	1000.0	715999	0.08629581	0.6288061	15.533618	-1.924132	-0.0868509	0.0049618073	14218.994198083878
180	3.0	4.1231055	10.0	0.0	0.5	1.5	5.0	0.0	1000.0	1000.0	719999	0.08521423	0.63507146	17.121914	-0.7406232	-0.08579862	0.0052592475	14300.539849042892
181	0.0	0.0	0.0	0.0	2.5	3.5	9.0	0.0	1000.0	1000.0	723999	0.08567063	0.6298204	18.953243	-0.7638849	-0.085827515	0.0057165464	14382.12072634697
182	3.0	5.196152	12.0	0.0	3.4	5.370289	14.0	0.0	1000.0	1000.0	727999	0.08976885	0.6758088	18.545048	-1.3613375	-0.09073996	0.0061024437	14463.624108791351
183	1.75	3.0310888	7.0	0.0	0.3	0.90000004	3.0	0.0	1000.0	1000.0	731999	0.090173714	0.68683666	18.780415	-1.2788663	-0.09008015	0.005534735	14545.259182691574
184	4.5	3.354102	9.0	0.0	3.8	6.013318	16.0	0.0	1000.0	1000.0	735999	0.08733735	0.6645997	18.755648	-1.7524884	-0.08785757	0.0063061942	14626.694495677948
185	0.0	0.0	0.0	0.0	0.7	2.1000001	7.0	0.0	1000.0	1000.0	739999	0.07668161	0.5936368	17.36735	-1.2374041	-0.07630171	0.0057353466	14708.082943201065
186	7.75	6.5717196	18.0	0.0	1.0	3.0	10.0	0.0	1000.0	1000.0	743999	0.0744306	0.5746785	16.209911	-1.5720129	-0.07487115	0.0055620833	14789.756313323975
187	4.5	6.1032777	15.0	0.0	0.7	2.1000001	7.0	0.0	1000.0	1000.0	747999	0.081911154	0.63033587	17.172953	-1.2640666	-0.08265532	0.005761303	14871.461457490921
188	1.0	1.7320508	4.0	0.0	3.4	3.8262255	11.0	0.0	1000.0	1000.0	751999	0.08348289	0.6422459	15.586775	-1.557789	-0.083844446	0.0063030054	14953.220337152481
189	3.75	3.8971143	9.0	0.0	4.8	6.584831	19.0	0.0	1000.0	1000.0	755999	0.0913117	0.69263995	18.442533	-1.1201631	-0.09150976	0.005551574	15034.68739104271
190	4.25	5.3091903	13.0	0.0	2.9	4.205948	12.0	0.0	1000.0	1000.0	759999	0.08840836	0.67038023	16.617945	-1.8905748	-0.08882745	0.0052465047	15116.15436553955
191	6.0	5.0990195	14.0	0.0	3.9	5.1662364	15.0	0.0	1000.0	1000.0	763999	0.08891923	0.6940575	18.785961	-1.2642834	-0.0887615	0.0071053496	15197.761499404907
192	5.75	5.2141633	14.0	0.0	2.2	3.4	8.0	0.0	1000.0	1000.0	767999	0.08722924	0.6604425	19.074142	-1.463867	-0.087921046	0.005766692	15279.191093206406
193	4.5	4.5	9.0	0.0	1.7	5.1000004	17.0	0.0	1000.0	1000.0	771999	0.08743219	0.6612919	16.490494	-2.2361422	-0.08761273	0.0060724798	15361.206690073013
194	4.25	7.361216	17.0	0.0	3.5	3.956008	9.0	0.0	1000.0	1000.0	775999	0.08267802	0.6397323	16.83086	-1.465937	-0.08257144	0.0053472253	15442.864601373672
195	2.25	3.8971143	9.0	0.0	1.5	2.5787594	8.0	0.0	1000.0	1000.0	779999	0.08202245	0.6168816	16.749939	-1.4759277	-0.082482986	0.0049824286	15524.374217271805
196	0.0	0.0	0.0	0.0	2.2	5.344156	18.0	0.0	1000.0	1000.0	783999	0.086934984	0.6671738	17.467836	-0.964333	-0.08740869	0.0060309772	15605.86557006836
197	2.0	3.4641016	8.0	0.0	2.7	4.73392	12.0	0.0	1000.0	1000.0	787999	0.08117675	0.6295275	18.188997	-1.3261902	-0.08124965	0.0056041963	15687.344862937927
198	1.0	1.7320508	4.0	0.0	2.2	4.770744	16.0	0.0	1000.0	1000.0	791999	0.07841413	0.6320455	17.913164	-1.6443255	-0.078727685	0.0053929845	15768.707918405533
199	0.0	0.0	0.0	0.0	2.3	3.5510561	9.0	0.0	1000.0	1000.0	795999	0.07950736	0.6505257	19.096003	-1.4275638	-0.07992868	0.006148916	15850.049842357635
200	3.5	3.5	7.0	0.0	4.1	4.1581244	11.0	0.0	1000.0	1000.0	799999	0.0810874	0.6272883	17.91872	-1.3103651	-0.081082046	0.0056151827	15931.720778942108
201	0.0	0.0	0.0	0.0	1.0	2.04939	6.0	0.0	1000.0	1000.0	803999	0.08061167	0.6220434	18.013535	-1.7075695	-0.08095357	0.0051307497	16013.374640226364
202	0.75	1.299038	3.0	0.0	2.6	4.4542117	15.0	0.0	1000.0	1000.0	807999	0.08343908	0.6436569	18.530964	-1.2678555	-0.08372148	0.005386801	16094.955619335175
203	0.0	0.0	0.0	0.0	0.0	0.0	0.0	0.0	1000.0	1000.0	811999	0.08145231	0.61749136	16.311607	-1.1251721	-0.08220201	0.005633333	16176.289479255676
204	2.25	3.8971143	9.0	0.0	0.0	0.0	0.0	0.0	1000.0	1000.0	815999	0.07720287	0.58800906	16.561584	-1.0896877	-0.07701839	0.0047523105	16257.853067398071
205	0.0	0.0	0.0	0.0	6.5	6.484597	20.0	0.0	1000.0	1000.0	819999	0.07748371	0.59127223	17.287802	-0.9923845	-0.07826405	0.0058202017	16339.473718643188
206	5.5	7.3993244	18.0	0.0	2.8	4.3772135	13.0	0.0	1000.0	1000.0	823999	0.08567421	0.66618544	19.785412	-1.1190228	-0.08593999	0.0057785152	16421.193798303604
207	5.0	3.082207	8.0	0.0	4.1	6.2841067	19.0	0.0	1000.0	1000.0	827999	0.078883305	0.60567814	16.335396	-1.2290378	-0.07899727	0.005121878	16503.345605134964
208	0.0	0.0	0.0	0.0	1.6	3.231099	9.0	0.0	1000.0	1000.0	831999	0.07955123	0.6158504	16.988623	-1.5037494	-0.07976489	0.006386079	16585.140549182892
209	2.75	4.7631397	11.0	0.0	1.6	3.231099	9.0	0.0	1000.0	1000.0	835999	0.08421226	0.64721507	16.848795	-2.4837997	-0.0845587	0.005677781	16666.861522436142
210	4.0	6.928203	16.0	0.0	2.7	2.531798	7.0	0.0	1000.0	1000.0	839999	0.08216038	0.6219635	25.955822	-1.9908961	-0.08203409	0.0065263617	16748.629571676254
211	0.0	0.0	0.0	0.0	0.6	1.2806249	4.0	0.0	1000.0	1000.0	843999	0.08165318	0.6158845	19.659515	-1.9494575	-0.082603686	0.0060190554	16830.358481884003
212	1.5	2.598076	6.0	0.0	1.0	3.0	10.0	0.0	1000.0	1000.0	847999	0.08469804	0.6397316	19.85674	-2.623409	-0.08476483	0.0052753203	16912.260422706604
213	0.0	0.0	0.0	0.0	0.9	2.7	9.0	0.0	1000.0	1000.0	851999	0.085345656	0.6546731	18.35913	-1.8295577	-0.08584272	0.0054998826	16993.969192028046
214	2.25	3.8971143	9.0	0.0	0.9	1.6401219	5.0	0.0	1000.0	1000.0	855999	0.08138539	0.63396704	17.519821	-1.3209668	-0.08143873	0.0050830827	17075.736097812653
215	0.0	0.0	0.0	0.0	4.2	5.617829	16.0	0.0	1000.0	1000.0	859999	0.07637512	0.585604	16.93068	-1.722846	-0.07669429	0.004651578	17157.279254436493
216	3.0	5.196152	12.0	0.0	1.2	2.6758177	9.0	0.0	1000.0	1000.0	863999	0.078480385	0.6076018	21.249546	-1.2379965	-0.078718446	0.005852693	17238.70342540741
217	4.5	4.5	9.0	0.0	0.8	2.3999999	8.0	0.0	1000.0	1000.0	867999	0.0831886	0.6355342	19.007257	-1.7938545	-0.083865255	0.0064684637	17320.167233228683
218	0.0	0.0	0.0	0.0	2.8	5.7584715	17.0	0.0	1000.0	1000.0	871999	0.0817914	0.63245124	18.10848	-1.3686067	-0.08191836	0.005896826	17401.846064329147
219	5.5	3.640055	10.0	0.0	0.4	1.1999999	4.0	0.0	1000.0	1000.0	875999	0.08174472	0.62993306	18.500097	-2.624759	-0.08237205	0.0052221627	17483.658048391342
220	0.0	0.0	0.0	0.0	3.7	3.9509494	10.0	0.0	1000.0	1000.0	879999	0.08543548	0.64796054	19.01882	-0.8274099	-0.08573922	0.00573413	17565.264744997025
221	1.5	2.0615528	5.0	0.0	5.0	5.477226	16.0	0.0	1000.0	1000.0	883999	0.084006906	0.63480055	17.279219	-1.0494053	-0.08446353	0.0054808347	17646.912039518356
222	0.0	0.0	0.0	0.0	1.6	3.2	8.0	0.0	1000.0	1000.0	887999	0.086738385	0.6536077	17.915462	-1.1189245	-0.086924866	0.0063720145	17728.671088457108
223	0.0	0.0	0.0	0.0	1.7	3.579106	11.0	0.0	1000.0	1000.0	891999	0.07980397	0.6004349	18.041845	-0.9353155	-0.080046706	0.0054915324	17810.444180965424
224	0.0	0.0	0.0	0.0	4.3	5.622277	16.0	0.0	1000.0	1000.0	895999	0.08398755	0.6369205	19.269575	-0.8584095	-0.08472932	0.006011293	17892.17529129982
225	2.25	3.8971143	9.0	0.0	2.9	4.4598207	11.0	0.0	1000.0	1000.0	899999	0.09320162	0.7493708	24.958984	-1.5837805	-0.09380418	0.0071487026	17973.779581785202
226	4.75	4.7631397	10.0	0.0	3.1	4.276681	11.0	0.0	1000.0	1000.0	903999	0.07996397	0.6316525	20.286366	-0.9828304	-0.080066256	0.006518251	18055.543929338455
227	0.0	0.0	0.0	0.0	2.3	3.848376	11.0	0.0	1000.0	1000.0	907999	0.08376981	0.6524957	18.543371	-1.1857747	-0.08410084	0.0059787985	18137.337888479233
228	2.0	3.4641016	8.0	0.0	6.0	6.8117547	17.0	0.0	1000.0	1000.0	911999	0.08413973	0.6463775	16.7419	-1.158549	-0.08472922	0.0053221104	18219.230090618134
229	0.0	0.0	0.0	0.0	1.0	1.8973665	6.0	0.0	1000.0	1000.0	915999	0.07770152	0.5925874	16.711689	-1.08294	-0.07748816	0.0052589336	18301.400043964386
230	3.0	3.3166249	8.0	0.0	3.4	4.8414874	14.0	0.0	1000.0	1000.0	919999	0.0763554	0.5832174	17.200035	-1.4315838	-0.07681307	0.004915524	18382.971903800964
231	3.0	3.082207	7.0	0.0	4.7	6.148984	16.0	0.0	1000.0	1000.0	923999	0.08337774	0.6272002	16.06861	-0.9960772	-0.08378387	0.005779168	18464.57230401039
232	0.0	0.0	0.0	0.0	3.8	3.9949968	11.0	0.0	1000.0	1000.0	927999	0.08054581	0.62467706	17.86152	-2.0681589	-0.080926	0.0054084505	18546.06049656868
233	3.5	6.0621777	14.0	0.0	0.9	2.3853722	8.0	0.0	1000.0	1000.0	931999	0.07945725	0.63188344	19.233656	-2.9896545	-0.07982342	0.0055165817	18627.809629917145
234	3.5	4.092676	10.0	0.0	0.9	2.7	9.0	0.0	1000.0	1000.0	935999	0.08195325	0.660374	21.048035	-1.4908683	-0.08280701	0.0061314506	18709.365413427353
235	1.0	1.7320508	4.0	0.0	3.2	4.2848573	12.0	0.0	1000.0	1000.0	939999	0.086158216	0.67774343	17.392214	-0.715964	-0.08627525	0.0047765686	18791.131678819656
236	1.5	2.598076	6.0	0.0	2.3	5.2163205	17.0	0.0	1000.0	1000.0	943999	0.0782942	0.5908044	17.502296	-0.83497345	-0.07874517	0.0048089027	18873.018625974655
237	1.75	3.0310888	7.0	0.0	3.9	5.6471233	15.0	0.0	1000.0	1000.0	947999	0.07962666	0.59869474	16.27763	-1.7487454	-0.0799839	0.004640154	18954.564593315125
238	4.0	6.928203	16.0	0.0	1.7	3.579106	11.0	0.0	1000.0	1000.0	951999	0.08023581	0.595822	16.739992	-0.96116024	-0.08088962	0.00540489	19036.166441679
239	1.25	2.1650636	5.0	0.0	1.7	3.407345	9.0	0.0	1000.0	1000.0	955999	0.084157325	0.6248078	16.8244	-1.0499872	-0.08479188	0.004985159	19117.651446819305
240	1.75	3.0310888	7.0	0.0	0.5	1.5	5.0	0.0	1000.0	1000.0	959999	0.084424496	0.65126115	16.616549	-0.8932631	-0.084629975	0.0047531063	19199.07555937767
241	2.0	2.1213202	5.0	0.0	2.7	5.404628	14.0	0.0	1000.0	1000.0	963999	0.081391744	0.6206391	18.3408	-1.0623947	-0.08179177	0.005036	19280.713851690292
242	1.75	3.0310888	7.0	0.0	2.1	3.238827	8.0	0.0	1000.0	1000.0	967999	0.0776346	0.5938126	15.396986	-1.4545577	-0.077804856	0.004448665	19362.393963575363
243	0.0	0.0	0.0	0.0	4.4	5.7654138	15.0	0.0	1000.0	1000.0	971999	0.072259	0.57861507	16.090237	-0.76026636	-0.072369516	0.0044918517	19443.943508386612
244	0.0	0.0	0.0	0.0	2.8	5.1536393	14.0	0.0	1000.0	1000.0	975999	0.07883863	0.62023866	15.765546	-0.2954145	-0.079627536	0.0043188105	19526.058465719223
245	2.25	3.8971143	9.0	0.0	5.6	6.2	18.0	0.0	1000.0	1000.0	979999	0.07627746	0.60599655	15.325207	-1.2779672	-0.07623886	0.005011989	19607.65676498413
246	4.0	6.928203	16.0	0.0	2.9	3.9357338	10.0	0.0	1000.0	1000.0	983999	0.073925644	0.6095958	17.478851	-1.10798	-0.07446286	0.0049912347	19689.91653895378
247	2.75	4.7631397	11.0	0.0	1.5	3.0083218	8.0	0.0	1000.0	1000.0	987999	0.07749928	0.6291767	17.855328	-0.4823427	-0.077916965	0.004738983	19771.71478486061
248	1.5	2.598076	6.0	0.0	3.2	5.0159745	13.0	0.0	1000.0	1000.0	991999	0.0738921	0.59504443	18.86226	-0.6295949	-0.07402244	0.0051481877	19853.572464704514
249	0.0	0.0	0.0	0.0	5.1	6.9346952	20.0	0.0	1000.0	1000.0	995999	0.07434116	0.6011436	18.853535	-0.46383917	-0.07496219	0.004882074	19935.201650619507
250	3.25	5.629165	13.0	0.0	3.6	5.4074025	16.0	0.0	1000.0	1000.0	999999	0.076691434	0.6259988	16.310747	-1.9433944	-0.07686125	0.0051856395	20017.006397485733
251	8.25	6.647368	17.0	0.0	3.0	4.3817806	14.0	0.0	1000.0	1000.0	1003999	0.0675309	0.5640647	19.09661	-1.996494	-0.06766625	0.0048155966	20098.98591184616
252	2.0	3.4641016	8.0	0.0	1.9	3.8845851	13.0	0.0	1000.0	1000.0	1007999	0.057122767	0.4847717	18.192408	-1.5486501	-0.057153005	0.0040931925	20180.845158815384
253	1.25	2.1650636	5.0	0.0	2.9	4.78435	12.0	0.0	1000.0	1000.0	1011999	0.050155975	0.46455178	17.562273	-0.9950227	-0.05016703	0.0039585265	20262.561423301697
254	0.0	0.0	0.0	0.0	0.8	1.7776388	6.0	0.0	1000.0	1000.0	1015999	0.051419497	0.48142898	20.564253	-1.4803321	-0.051397495	0.00457006	20344.529315948486
255	2.0	2.1213202	5.0	0.0	0.3	0.90000004	3.0	0.0	1000.0	1000.0	1019999	0.049080912	0.45480105	19.375526	-1.7847326	-0.04903941	0.004254376	20426.254506587982
256	7.75	7.01338	17.0	0.0	2.2	4.331281	14.0	0.0	1000.0	1000.0	1023999	0.045511927	0.42582622	22.074638	-0.73697436	-0.045432385	0.0042034523	20508.047545194626
257	1.75	3.0310888	7.0	0.0	2.2	4.489989	15.0	0.0	1000.0	1000.0	1027999	0.04785678	0.46109077	17.898441	-1.0185966	-0.04783419	0.0050313445	20589.805681467056
258	0.25	0.4330127	1.0	0.0	0.2	0.59999996	2.0	0.0	1000.0	1000.0	1031999	0.046836056	0.45230755	18.844862	-1.050125	-0.046782166	0.0042189835	20671.545645952225
259	0.0	0.0	0.0	0.0	3.3	4.73392	15.0	0.0	1000.0	1000.0	1035999	0.04603782	0.4542741	19.065659	-1.5691782	-0.045979824	0.004161216	20753.24486207962
260	3.25	5.0682836	12.0	0.0	4.0	5.234501	14.0	0.0	1000.0	1000.0	1039999	0.04408168	0.4281151	16.874498	-1.2224016	-0.04405019	0.0037066333	20835.0662651062
261	3.0	5.196152	12.0	0.0	3.4	6.0199666	19.0	0.0	1000.0	1000.0	1043999	0.044574443	0.44011593	17.431118	-1.0462599	-0.04453032	0.004017535	20916.977913856506
262	0.0	0.0	0.0	0.0	0.5	1.5	5.0	0.0	1000.0	1000.0	1047999	0.043887608	0.4580381	18.4569	-1.696807	-0.043869656	0.0038349654	20998.950526952744
263	0.75	1.299038	3.0	0.0	1.9	5.7	19.0	0.0	1000.0	1000.0	1051999	0.040946633	0.42102838	18.75879	-0.98847896	-0.040925246	0.004141422	21080.779108047485
264	1.25	2.1650636	5.0	0.0	3.6	4.6086874	12.0	0.0	1000.0	1000.0	1055999	0.040757667	0.41766295	15.765773	-0.9390281	-0.040716987	0.0036236295	21162.629993915558
265	3.0	3.6742346	9.0	0.0	0.6	1.1999999	3.0	0.0	1000.0	1000.0	1059999	0.04362533	0.45207152	18.526165	-1.016889	-0.043574717	0.0041211303	21244.323904037476
266	0.0	0.0	0.0	0.0	5.0	6.4031243	20.0	0.0	1000.0	1000.0	1063999	0.04203446	0.45026988	18.4283	-1.0647944	-0.041942842	0.004376111	21325.954778909683
267	2.0	3.4641016	8.0	0.0	3.8	5.8446555	14.0	0.0	1000.0	1000.0	1067999	0.0406859	0.43631798	16.689014	-1.8034099	-0.040641464	0.004152886	21407.79546904564
268	0.0	0.0	0.0	0.0	2.0	4.09878	12.0	0.0	1000.0	1000.0	1071999	0.043511122	0.46207467	16.659355	-1.7611232	-0.04348666	0.0045154057	21489.573473215103
269	3.5	3.7749171	9.0	0.0	0.7	1.5524175	5.0	0.0	1000.0	1000.0	1075999	0.04215167	0.44659612	18.953938	-1.4175546	-0.04209645	0.0041224128	21571.437561273575
270	6.5	7.889867	20.0	0.0	2.1	3.7536647	12.0	0.0	1000.0	1000.0	1079999	0.04376404	0.45983002	19.252495	-1.7513233	-0.04370011	0.00449467	21653.404958963394
271	0.0	0.0	0.0	0.0	1.7	3.4655447	10.0	0.0	1000.0	1000.0	1083999	0.043402202	0.46485335	20.357708	-1.0201112	-0.043404628	0.0045698634	21735.413055181503
272	5.0	5.196152	12.0	0.0	5.0	6.8556547	18.0	0.0	1000.0	1000.0	1087999	0.041510336	0.4359594	18.038893	-1.7622935	-0.041469667	0.0039169695	21817.536722898483
273	0.75	1.299038	3.0	0.0	0.9	2.3853722	8.0	0.0	1000.0	1000.0	1091999	0.044382162	0.45992836	19.674578	-0.84000313	-0.04437887	0.004370267	21899.282141685486
274	1.75	1.47902	4.0	0.0	1.2	2.2715635	7.0	0.0	1000.0	1000.0	1095999	0.042691637	0.44991025	18.830677	-2.0159385	-0.042647723	0.0045845653	21981.1519677639
275	2.25	3.8971143	9.0	0.0	3.8	6.013318	16.0	0.0	1000.0	1000.0	1099999	0.041797593	0.45067313	19.718601	-0.85298026	-0.041763052	0.0039641215	22063.172648906708
276	2.5	4.3301272	10.0	0.0	2.8	5.723635	19.0	0.0	1000.0	1000.0	1103999	0.04023819	0.4293088	19.140238	-1.5284226	-0.040193137	0.004799459	22145.338671207428
277	2.25	3.8971143	9.0	0.0	2.5	3.905125	11.0	0.0	1000.0	1000.0	1107999	0.044103798	0.45971283	17.021376	-1.0997919	-0.04410401	0.0049651945	22227.254803180695
278	2.0	3.4641016	8.0	0.0	1.8	3.6276712	10.0	0.0	1000.0	1000.0	1111999	0.04307184	0.4452183	17.896912	-1.2637266	-0.04305777	0.0042276457	22309.250390052795
279	3.5	6.0621777	14.0	0.0	2.6	4.963869	16.0	0.0	1000.0	1000.0	1115999	0.04287459	0.43519267	18.257593	-1.1513238	-0.042848807	0.0046119555	22391.399030447006
280	2.75	4.7631397	11.0	0.0	2.0	3.1304953	8.0	0.0	1000.0	1000.0	1119999	0.0415186	0.43303058	17.89961	-1.8848664	-0.041478515	0.004174863	22473.62552857399
281	2.25	3.8971143	9.0	0.0	0.3	0.90000004	3.0	0.0	1000.0	1000.0	1123999	0.041226596	0.44464365	18.046194	-0.6810976	-0.0411873	0.004076717	22555.7114880085
282	1.25	2.1650636	5.0	0.0	0.3	0.90000004	3.0	0.0	1000.0	1000.0	1127999	0.041050218	0.43254167	19.617285	-0.99232495	-0.04105	0.004510311	22637.631633996964
283	0.5	0.8660254	2.0	0.0	4.3	5.4046273	17.0	0.0	1000.0	1000.0	1131999	0.041263912	0.4435659	20.78772	-0.87299365	-0.0412373	0.0047200564	22719.388788938522
284	0.75	1.299038	3.0	0.0	1.9	5.7	19.0	0.0	1000.0	1000.0	1135999	0.04289887	0.4506066	16.769434	-0.9483162	-0.04283516	0.004185105	22801.243778944016
285	3.5	6.0621777	14.0	0.0	2.2	4.749737	15.0	0.0	1000.0	1000.0	1139999	0.04039352	0.4267483	19.514225	-0.870634	-0.04033844	0.0039735893	22882.992296218872
286	0.0	0.0	0.0	0.0	3.8	6.764614	19.0	0.0	1000.0	1000.0	1143999	0.04391797	0.4690706	18.002733	-0.5967831	-0.04390671	0.0045633093	22964.970450878143
287	1.0	1.7320508	4.0	0.0	2.7	5.3301034	16.0	0.0	1000.0	1000.0	1147999	0.041861128	0.45779115	20.272074	-1.4289988	-0.041832324	0.0043192594	23047.432183504105
288	4.25	7.361216	17.0	0.0	2.3	3.5510561	9.0	0.0	1000.0	1000.0	1151999	0.04066355	0.4341077	17.19848	-1.9265852	-0.04061108	0.0046192273	23129.56352162361
289	0.0	0.0	0.0	0.0	3.4	5.499091	15.0	0.0	1000.0	1000.0	1155999	0.04094156	0.4202403	19.271667	-1.2176555	-0.040917177	0.0035998134	23211.41659426689
290	0.0	0.0	0.0	0.0	4.9	6.518435	18.0	0.0	1000.0	1000.0	1159999	0.041823	0.43267214	16.105286	-1.1552258	-0.041771226	0.004018999	23293.676590681076
291	2.5	2.598076	6.0	0.0	1.1	3.3	11.0	0.0	1000.0	1000.0	1163999	0.040528722	0.43486512	21.20727	-2.216936	-0.040485073	0.003802721	23375.818071365356
292	1.0	1.7320508	4.0	0.0	0.5	1.5	5.0	0.0	1000.0	1000.0	1167999	0.041731533	0.4483122	17.26121	-0.9850191	-0.04172658	0.0042641936	23457.783153533936
293	6.75	4.968652	14.0	0.0	3.3	4.859012	13.0	0.0	1000.0	1000.0	1171999	0.04091443	0.4187357	15.31939	-0.7297259	-0.04090757	0.0037272836	23540.076496124268
294	0.75	1.299038	3.0	0.0	1.9	3.04795	8.0	0.0	1000.0	1000.0	1175999	0.04063995	0.40622684	13.966246	-0.60604185	-0.040631298	0.0033929679	23622.47758936882
295	3.25	4.085034	10.0	0.0	0.0	0.0	0.0	0.0	1000.0	1000.0	1179999	0.043502983	0.42614397	17.154928	-1.4017608	-0.043456305	0.00331852	23704.265735387802
296	0.0	0.0	0.0	0.0	5.2	6.660331	17.0	0.0	1000.0	1000.0	1183999	0.044574864	0.4394281	16.157034	-1.141793	-0.044584587	0.0037986012	23786.25991511345
297	0.75	1.299038	3.0	0.0	0.0	0.0	0.0	0.0	1000.0	1000.0	1187999	0.044195294	0.449877	25.239079	-1.3428103	-0.044167962	0.0047486615	23868.11366534233
298	1.5	2.598076	6.0	0.0	0.5	1.5	5.0	0.0	1000.0	1000.0	1191999	0.044300556	0.44411474	16.273857	-0.78594565	-0.044258554	0.0040576123	23950.075067043304
299	3.75	4.918079	12.0	0.0	1.1	2.3	7.0	0.0	1000.0	1000.0	1195999	0.04524509	0.45213664	18.525423	-1.1239995	-0.04521808	0.0042417105	24032.221705913544
300	3.5	6.0621777	14.0	0.0	3.8	4.707441	11.0	0.0	1000.0	1000.0	1199999	0.045797944	0.439548	16.988466	-0.8855008	-0.04578117	0.004112914	24114.248920440674
301	1.0	1.7320508	4.0	0.0	0.5	1.5	5.0	0.0	1000.0	1000.0	1203999	0.04389426	0.43420655	16.548136	-0.48768482	-0.043865845	0.0037379626	24196.31011891365
302	2.5	2.5	5.0	0.0	3.1	5.448853	18.0	0.0	1000.0	1000.0	1207999	0.043234132	0.44747433	20.096308	-1.2914029	-0.043225333	0.004011923	24278.21917939186
303	0.0	0.0	0.0	0.0	1.2	2.5612497	8.0	0.0	1000.0	1000.0	1211999	0.042471893	0.44255123	19.537807	-1.4909043	-0.042461205	0.0037546481	24360.125034332275
304	0.0	0.0	0.0	0.0	1.0	3.0	10.0	0.0	1000.0	1000.0	1215999	0.04079107	0.41767737	17.733597	-2.309849	-0.040748864	0.004275071	24442.123928308487
305	0.0	0.0	0.0	0.0	3.6	5.9699244	18.0	0.0	1000.0	1000.0	1219999	0.041013394	0.42670223	18.690699	-1.6390617	-0.04095949	0.0036346733	24524.0308675766
306	7.75	8.13557	19.0	0.0	3.7	5.95063	17.0	0.0	1000.0	1000.0	1223999	0.042027388	0.43028593	18.439413	-0.8253134	-0.041982003	0.004021925	24606.05093050003
307	2.5	2.8722813	7.0	0.0	2.1	4.205948	11.0	0.0	1000.0	1000.0	1227999	0.042754233	0.4328588	18.441673	-0.45571938	-0.0427386	0.0036677842	24688.071113348007
308	4.0	5.8309517	14.0	0.0	1.9	3.8065734	10.0	0.0	1000.0	1000.0	1231999	0.04311811	0.4442498	21.245583	-0.7404073	-0.04308338	0.0046596555	24769.879856348038
309	0.0	0.0	0.0	0.0	3.1	3.9862263	12.0	0.0	1000.0	1000.0	1235999	0.044020705	0.44223422	17.340628	-0.867461	-0.04400242	0.004725227	24851.7045814991
310	2.0	3.4641016	8.0	0.0	2.0	5.07937	17.0	0.0	1000.0	1000.0	1239999	0.04616453	0.44304797	18.613218	-0.875641	-0.04612439	0.0044273846	24933.807336568832
311	1.75	3.0310888	7.0	0.0	1.2	3.6000001	12.0	0.0	1000.0	1000.0	1243999	0.047659364	0.46087953	16.3442	-0.54513204	-0.0475747	0.0042347936	25015.892880916595
312	1.5	2.598076	6.0	0.0	4.1	4.825971	13.0	0.0	1000.0	1000.0	1247999	0.0442238	0.4328745	20.901733	-0.8902559	-0.044163745	0.004088211	25097.962998867035
313	2.0	3.4641016	8.0	0.0	2.8	4.489989	14.0	0.0	1000.0	1000.0	1251999	0.04616834	0.45323157	15.52682	-1.1197916	-0.04613645	0.0046865176	25180.1912252903
314	6.5	6.837397	16.0	0.0	1.2	2.4413111	7.0	0.0	1000.0	1000.0	1255999	0.045157924	0.4416317	14.123197	-2.1009827	-0.045115624	0.0036996477	25262.213974952698
315	1.25	2.1650636	5.0	0.0	3.4	5.8172154	18.0	0.0	1000.0	1000.0	1259999	0.046054848	0.45359814	17.88692	-0.9080856	-0.04601086	0.003933634	25344.200131177902
316	2.25	2.2776084	5.0	0.0	1.5	2.6551836	8.0	0.0	1000.0	1000.0	1263999	0.047111236	0.45261085	18.121277	-0.6524065	-0.047080602	0.004321539	25426.200500249863
317	2.25	3.8971143	9.0	0.0	2.4	3.9799495	10.0	0.0	1000.0	1000.0	1267999	0.048867393	0.47308457	21.906649	-1.012448	-0.048834097	0.00415002	25508.14418745041
318	3.5	6.0621777	14.0	0.0	1.5	2.4596748	7.0	0.0	1000.0	1000.0	1271999	0.04757315	0.44802856	16.591145	-1.1054608	-0.04751745	0.003473784	25590.221422433853
319	0.75	1.299038	3.0	0.0	0.8	1.3266499	4.0	0.0	1000.0	1000.0	1275999	0.047983408	0.45483667	17.121822	-0.50552833	-0.047971725	0.0038760041	25672.223295211792
320	3.75	5.402546	13.0	0.0	2.0	4.449719	15.0	0.0	1000.0	1000.0	1279999	0.04668798	0.44064698	17.485855	-0.25086245	-0.0466468	0.0033220632	25754.354468345642
321	5.75	6.339361	16.0	0.0	0.9	2.7000003	9.0	0.0	1000.0	1000.0	1283999	0.045315865	0.4354283	16.13552	-0.8738	-0.04530358	0.0034671668	25836.272767305374
322	2.25	3.344772	8.0	0.0	3.7	4.6270943	13.0	0.0	1000.0	1000.0	1287999	0.045485772	0.43232456	15.520839	-0.9314345	-0.045470033	0.0037624373	25918.323971033096
323	9.0	7.5828753	17.0	0.0	3.0	4.09878	12.0	0.0	1000.0	1000.0	1291999	0.047115196	0.43916017	16.060999	-0.35842463	-0.047089018	0.0032576325	26000.19839978218
324	5.25	6.977643	17.0	0.0	1.8	3.8418746	12.0	0.0	1000.0	1000.0	1295999	0.04611115	0.43844587	15.788004	-1.1039709	-0.046057586	0.0033794916	26082.572261333466
325	0.0	0.0	0.0	0.0	1.5	2.4596748	7.0	0.0	1000.0	1000.0	1299999	0.046651457	0.4629851	21.79618	-0.66618747	-0.046598136	0.004406542	26164.609403133392
326	0.0	0.0	0.0	0.0	2.7	4.196427	11.0	0.0	1000.0	1000.0	1303999	0.04548629	0.46122244	17.047789	-0.5637862	-0.045450013	0.0041274307	26246.671710968018
327	0.0	0.0	0.0	0.0	0.9	2.3853722	8.0	0.0	1000.0	1000.0	1307999	0.04633698	0.45380354	16.22124	-1.4211342	-0.046342175	0.0039220555	26328.59438109398
328	6.5	4.924429	13.0	0.0	1.7	5.1000004	17.0	0.0	1000.0	1000.0	1311999	0.045891304	0.45474625	16.187328	-0.59014976	-0.04586048	0.0037655092	26410.696439266205
329	0.0	0.0	0.0	0.0	1.7	4.4732537	15.0	0.0	1000.0	1000.0	1315999	0.048889413	0.47649032	16.15626	-0.4025505	-0.0488472	0.0043991976	26492.79997611046
330	4.0	4.8989797	12.0	0.0	1.3	2.45153	8.0	0.0	1000.0	1000.0	1319999	0.047741808	0.47368148	20.397291	-1.0397041	-0.04772797	0.004870656	26575.013775587082
331	3.5	3.5707142	8.0	0.0	1.6	4.1761227	14.0	0.0	1000.0	1000.0	1323999	0.04488135	0.4321547	15.4448805	-0.7236106	-0.044869956	0.0035063063	26656.990810632706
332	6.5	4.092676	10.0	0.0	2.6	5.388878	18.0	0.0	1000.0	1000.0	1327999	0.046709042	0.45660174	18.510374	-1.6425045	-0.046663057	0.004442148	26739.19431757927
333	5.5	5.5	11.0	0.0	3.3	3.8999999	11.0	0.0	1000.0	1000.0	1331999	0.047870673	0.4656836	17.728964	-0.43598303	-0.047817864	0.0035580592	26821.16069340706
334	1.75	2.4874685	6.0	0.0	2.9	5.4304695	17.0	0.0	1000.0	1000.0	1335999	0.045601476	0.4417861	18.376196	-1.2173437	-0.0455679	0.004384163	26903.262946128845
335	6.5	5.6789083	15.0	0.0	3.3	4.9406476	16.0	0.0	1000.0	1000.0	1339999	0.046891503	0.4500973	19.27553	-1.0955384	-0.046870477	0.0037310252	26985.287731409073
336	0.0	0.0	0.0	0.0	3.4	5.2383204	14.0	0.0	1000.0	1000.0	1343999	0.048149426	0.46336478	18.104185	-0.9165831	-0.048154455	0.004137592	27067.281655550003
337	3.75	3.8971143	9.0	0.0	2.9	5.4304695	17.0	0.0	1000.0	1000.0	1347999	0.04990251	0.45651147	19.045216	-1.1452667	-0.049886554	0.004019061	27149.243062496185
338	1.0	1.2247449	3.0	0.0	0.9	2.7	9.0	0.0	1000.0	1000.0	1351999	0.049680497	0.45836782	16.659582	-0.6960299	-0.04968698	0.0037229867	27231.16560792923
339	3.75	3.8971143	9.0	0.0	2.1	3.3301651	9.0	0.0	1000.0	1000.0	1355999	0.05043531	0.45992637	16.895567	-0.5819919	-0.050408695	0.0036615368	27313.224079608917
340	2.5	4.3301272	10.0	0.0	1.2	1.9899749	6.0	0.0	1000.0	1000.0	1359999	0.05244553	0.48647743	17.182337	-0.4122378	-0.05247056	0.0045388187	27395.32463669777
341	5.5	3.640055	10.0	0.0	0.6	1.8000001	6.0	0.0	1000.0	1000.0	1363999	0.050016128	0.47163573	16.94036	-0.6180883	-0.05001518	0.003491445	27477.320378303528
342	0.0	0.0	0.0	0.0	1.5	3.2015622	10.0	0.0	1000.0	1000.0	1367999	0.05014445	0.46046254	19.568583	-0.36881417	-0.050101332	0.0037075959	27559.494212150574
343	0.0	0.0	0.0	0.0	1.6	4.7999997	16.0	0.0	1000.0	1000.0	1371999	0.05094705	0.4643129	17.445322	-1.3678658	-0.05087901	0.0032718352	27641.56899356842
344	0.5	0.8660254	2.0	0.0	1.5	3.879433	13.0	0.0	1000.0	1000.0	1375999	0.051104248	0.4719455	17.403605	-0.6068549	-0.051052976	0.0043584383	27723.816802740097
345	3.5	6.0621777	14.0	0.0	2.9	4.0360875	11.0	0.0	1000.0	1000.0	1379999	0.052114062	0.4691763	18.541357	-0.40839165	-0.052048948	0.0038977538	27805.927289247513
346	1.25	1.299038	3.0	0.0	0.9	1.9209373	6.0	0.0	1000.0	1000.0	1383999	0.05141875	0.4653125	20.104912	-1.36728	-0.05138254	0.005293126	27887.823050260544
347	3.75	6.4951906	15.0	0.0	1.0	3.0	10.0	0.0	1000.0	1000.0	1387999	0.05228876	0.4705642	17.450869	-0.65601516	-0.052265394	0.004070257	27970.03288578987
348	2.5	4.3301272	10.0	0.0	2.8	4.5122056	13.0	0.0	1000.0	1000.0	1391999	0.048251685	0.45279184	19.070724	-1.4121383	-0.048179254	0.0042402763	28052.03228187561
349	1.0	1.7320508	4.0	0.0	1.5	3.3837848	11.0	0.0	1000.0	1000.0	1395999	0.04887074	0.45723012	20.180805	-0.66142756	-0.048820183	0.0044622836	28134.248415470123
350	3.75	3.7666297	8.0	0.0	3.1	4.2296567	14.0	0.0	1000.0	1000.0	1399999	0.050468888	0.4674892	16.804678	-0.83968544	-0.05043434	0.0048976946	28216.13350558281
351	3.0	5.196152	12.0	0.0	2.3	3.5510561	9.0	0.0	1000.0	1000.0	1403999	0.051497404	0.47151372	20.038847	-0.44141993	-0.05146285	0.004152587	28298.081553936005
352	2.5	3.2787192	8.0	0.0	1.1	3.3	11.0	0.0	1000.0	1000.0	1407999	0.051277116	0.4597252	19.662418	-0.5641192	-0.05123745	0.004324913	28379.914213180542
353	0.0	0.0	0.0	0.0	3.4	3.8262255	10.0	0.0	1000.0	1000.0	1411999	0.04866229	0.43845475	17.919725	-1.4201386	-0.04863095	0.0033418755	28461.681020259857
354	0.0	0.0	0.0	0.0	1.5	3.0083218	8.0	0.0	1000.0	1000.0	1415999	0.049716298	0.45243242	18.347952	-0.57061505	-0.049645845	0.0033814555	28543.57750892639
355	6.5	7.0887237	17.0	0.0	1.2	1.9899749	6.0	0.0	1000.0	1000.0	1419999	0.05030347	0.46987513	19.979063	-1.0755692	-0.050255723	0.003970964	28625.522487401962
356	0.5	0.8660254	2.0	0.0	1.8	4.0199504	13.0	0.0	1000.0	1000.0	1423999	0.048369057	0.45914558	17.018724	-0.8822091	-0.048313994	0.00320266	28707.49921631813
357	2.0	3.4641016	8.0	0.0	1.8	2.9933257	9.0	0.0	1000.0	1000.0	1427999	0.049480684	0.4572912	15.641318	-1.3708075	-0.049391717	0.004566992	28789.589541196823
358	0.0	0.0	0.0	0.0	4.2	4.445222	12.0	0.0	1000.0	1000.0	1431999	0.050218467	0.46083573	17.441866	-0.6516665	-0.050174687	0.0034856782	28871.613668441772
359	2.25	3.8971143	9.0	0.0	1.6	3.3226495	10.0	0.0	1000.0	1000.0	1435999	0.047986172	0.4488653	19.841896	-0.83459914	-0.04792111	0.0037317895	28953.511340141296
360	1.25	2.1650636	5.0	0.0	2.0	2.8982754	9.0	0.0	1000.0	1000.0	1439999	0.048990846	0.4672357	18.072348	-0.72059274	-0.048967376	0.0038513523	29035.53777384758
361	1.5	2.598076	6.0	0.0	5.9	6.155485	17.0	0.0	1000.0	1000.0	1443999	0.04880286	0.4795643	18.965689	-1.9834685	-0.048752274	0.004202899	29118.050236940384
362	2.5	4.3301272	10.0	0.0	1.9	3.8587565	11.0	0.0	1000.0	1000.0	1447999	0.045314223	0.44209534	17.648214	-1.4410708	-0.045338865	0.0038594683	29200.143791913986
363	0.75	1.299038	3.0	0.0	0.0	0.0	0.0	0.0	1000.0	1000.0	1451999	0.04752673	0.45843452	17.920404	-0.61829644	-0.047516827	0.004460729	29282.014453411102
364	5.25	5.3560715	12.0	0.0	2.2	3.6000001	9.0	0.0	1000.0	1000.0	1455999	0.049265176	0.47925463	19.779217	-0.5253385	-0.049257323	0.004089527	29363.771465301514
365	2.75	4.7631397	11.0	0.0	0.0	0.0	0.0	0.0	1000.0	1000.0	1459999	0.04977117	0.46359247	17.567135	-0.649454	-0.049846217	0.004405104	29445.3083050251
366	2.0	2.1213202	5.0	0.0	2.1	3.238827	10.0	0.0	1000.0	1000.0	1463999	0.05054226	0.46347368	17.501673	-0.8990172	-0.050569467	0.0043777237	29527.102583646774
367	3.25	3.6996622	9.0	0.0	0.8	2.3999999	8.0	0.0	1000.0	1000.0	1467999	0.050454628	0.46023363	18.063084	-1.0061997	-0.050464544	0.0037255674	29609.333674669266
368	2.25	3.8971143	9.0	0.0	2.8	5.1730065	16.0	0.0	1000.0	1000.0	1471999	0.050692324	0.46606654	17.933392	-0.6847432	-0.05064097	0.0037727056	29691.491411447525
369	1.75	3.0310888	7.0	0.0	1.6	3.6660604	12.0	0.0	1000.0	1000.0	1475999	0.05349741	0.48677233	18.997017	-1.2330594	-0.05346405	0.004639188	29773.71024274826
370	0.25	0.4330127	1.0	0.0	1.2	3.2802439	11.0	0.0	1000.0	1000.0	1479999	0.051531292	0.4749519	17.21512	-1.0499574	-0.051506188	0.0042175655	29855.529386281967
371	0.0	0.0	0.0	0.0	3.2	3.6276715	9.0	0.0	1000.0	1000.0	1483999	0.049202465	0.46152636	16.50717	-1.0514467	-0.04919446	0.0040287133	29937.160012483597
372	0.0	0.0	0.0	0.0	3.0	5.0990195	15.0	0.0	1000.0	1000.0	1487999	0.047464862	0.44784957	17.658798	-4.723888	-0.047461264	0.0037749922	30018.95544242859
373	0.0	0.0	0.0	0.0	3.5	4.7801676	14.0	0.0	1000.0	1000.0	1491999	0.04634657	0.44651875	19.291986	-0.92150736	-0.046314776	0.0036842022	30101.128478050232
374	3.25	3.4186985	8.0	0.0	3.1	5.6824293	17.0	0.0	1000.0	1000.0	1495999	0.04786655	0.45529178	15.692804	-0.6882033	-0.04783653	0.0040226826	30182.992257356644
375	3.75	3.7666297	8.0	0.0	0.9	1.9209373	6.0	0.0	1000.0	1000.0	1499999	0.048378754	0.45861498	16.416601	-0.9348537	-0.048385832	0.004290167	30264.702908039093
376	3.25	2.1650636	6.0	0.0	3.0	5.25357	17.0	0.0	1000.0	1000.0	1503999	0.047265597	0.44423187	16.394882	-2.442875	-0.04727826	0.0035283656	30346.674547195435
377	0.0	0.0	0.0	0.0	3.8	5.635601	15.0	0.0	1000.0	1000.0	1507999	0.049569838	0.4727453	19.267584	-0.79421604	-0.04957874	0.004799298	30428.715005874634
378	1.0	1.7320508	4.0	0.0	3.5	4.080441	12.0	0.0	1000.0	1000.0	1511999	0.048939716	0.45323247	18.580595	-0.7860118	-0.049002305	0.0039928574	30510.562039136887
379	0.25	0.4330127	1.0	0.0	2.6	4.9234133	15.0	0.0	1000.0	1000.0	1515999	0.05186816	0.45344564	18.203339	-1.5674175	-0.051959418	0.0037142471	30592.24009346962
380	1.25	2.1650636	5.0	0.0	1.6	2.6907248	8.0	0.0	1000.0	1000.0	1519999	0.053974263	0.47301427	17.423359	-0.87630105	-0.054059196	0.0039422065	30674.01589989662
381	0.0	0.0	0.0	0.0	3.4	5.4990907	16.0	0.0	1000.0	1000.0	1523999	0.053998917	0.4704849	19.334173	-0.58006114	-0.054060265	0.0036093388	30755.921152353287
382	5.75	5.7608595	12.0	0.0	3.4	5.748043	17.0	0.0	1000.0	1000.0	1527999	0.053107686	0.46321842	19.336575	-0.6575051	-0.0531611	0.003917925	30837.74559378624
383	0.0	0.0	0.0	0.0	0.6	1.4966631	5.0	0.0	1000.0	1000.0	1531999	0.053321015	0.45792285	19.436577	-0.67613137	-0.053400114	0.0036893229	30919.744188070297
384	0.0	0.0	0.0	0.0	1.3	2.1	6.0	0.0	1000.0	1000.0	1535999	0.057506636	0.49160364	17.659426	-2.1849265	-0.05761229	0.0047474434	31001.654106855392
385	3.25	3.6996622	9.0	0.0	2.2	3.2496157	10.0	0.0	1000.0	1000.0	1539999	0.05260329	0.45815313	17.371418	-2.7291028	-0.052643187	0.0040480946	31083.663784980774
386	0.0	0.0	0.0	0.0	1.2	2.4413111	7.0	0.0	1000.0	1000.0	1543999	0.05590839	0.48962775	18.398504	-1.8804508	-0.055938438	0.0045156297	31165.523059368134
387	4.25	4.6029882	11.0	0.0	0.0	0.0	0.0	0.0	1000.0	1000.0	1547999	0.053240586	0.45875877	19.7093	-1.6600993	-0.05328591	0.0037370264	31247.41438317299
388	0.0	0.0	0.0	0.0	0.9	2.7000003	9.0	0.0	1000.0	1000.0	1551999	0.05010736	0.43314028	17.98562	-1.4978789	-0.0501512	0.0032253452	31330.18175983429
389	0.0	0.0	0.0	0.0	1.4	4.2000003	14.0	0.0	1000.0	1000.0	1555999	0.052389044	0.46193576	16.15172	-1.3665994	-0.052439522	0.0039014663	31412.193393707275
390	0.25	0.4330127	1.0	0.0	1.7	4.1964273	14.0	0.0	1000.0	1000.0	1559999	0.053299416	0.4762093	21.146744	-0.8876926	-0.053328622	0.005095372	31494.082706212997
391	2.5	3.2787192	8.0	0.0	0.6	1.8000001	6.0	0.0	1000.0	1000.0	1563999	0.05349277	0.46629703	17.05743	-1.2306298	-0.053585555	0.0037506481	31575.775532245636
392	4.75	8.2272415	19.0	0.0	1.4	2.8354893	8.0	0.0	1000.0	1000.0	1567999	0.052904762	0.4699765	15.1108465	-2.078942	-0.052970394	0.0037499198	31657.760995864868
393	0.75	1.299038	3.0	0.0	1.8	3.6276715	10.0	0.0	1000.0	1000.0	1571999	0.0539291	0.46799478	18.751492	-0.98714453	-0.05400756	0.0036228541	31739.75335764885
394	3.0	3.6742346	9.0	0.0	0.5	1.5	5.0	0.0	1000.0	1000.0	1575999	0.052351795	0.45762336	18.197224	-2.0074463	-0.052388564	0.004116568	31821.953315973282
395	6.25	4.205651	11.0	0.0	1.1	2.4677923	8.0	0.0	1000.0	1000.0	1579999	0.050597105	0.44647127	16.899511	-1.2554891	-0.05067703	0.0035901512	31903.786034822464
396	3.5	6.0621777	14.0	0.0	3.1	5.557877	17.0	0.0	1000.0	1000.0	1583999	0.053674795	0.4707685	18.484879	-0.70042884	-0.05376806	0.0042680823	31985.895720243454
397	3.0	5.196152	12.0	0.0	2.3	3.0675724	8.0	0.0	1000.0	1000.0	1587999	0.054305226	0.47548914	16.776627	-1.069059	-0.054323133	0.0042113066	32067.707962036133
398	4.0	4.0620193	9.0	0.0	1.4	2.3323808	7.0	0.0	1000.0	1000.0	1591999	0.055068467	0.48219547	21.43847	-0.56745327	-0.055113304	0.005059538	32149.45908331871
399	0.0	0.0	0.0	0.0	0.8	2.3999999	8.0	0.0	1000.0	1000.0	1595999	0.054719556	0.47988787	15.411218	-1.0034673	-0.05476507	0.0041489825	32231.357523918152
400	5.25	5.3560715	12.0	0.0	1.8	4.237924	14.0	0.0	1000.0	1000.0	1599999	0.054370917	0.4618776	16.985218	-0.989878	-0.054448478	0.0040110936	32313.33073949814
401	0.75	1.299038	3.0	0.0	0.7	2.1000001	7.0	0.0	1000.0	1000.0	1603999	0.05828342	0.49638048	17.620796	-0.58800036	-0.058311798	0.0043030316	32395.65266561508
402	0.0	0.0	0.0	0.0	0.5	1.5	5.0	0.0	1000.0	1000.0	1607999	0.055939984	0.47552526	21.492603	-1.2933002	-0.055998098	0.0044275196	32477.842473745346
403	2.0	3.4641016	8.0	0.0	2.6	4.223742	13.0	0.0	1000.0	1000.0	1611999	0.055304557	0.46996415	18.68619	-0.80430645	-0.05530511	0.003813616	32559.59400177002
404	0.0	0.0	0.0	0.0	3.3	3.4655445	11.0	0.0	1000.0	1000.0	1615999	0.053398564	0.4551589	16.158754	-1.6026108	-0.053454585	0.0034011921	32641.674925088882
405	0.0	0.0	0.0	0.0	5.6	5.7827325	14.0	0.0	1000.0	1000.0	1619999	0.055021778	0.47609213	18.188759	-1.5266671	-0.05509484	0.0035345382	32723.985585451126
406	2.0	3.4641016	8.0	0.0	0.8	1.4000001	4.0	0.0	1000.0	1000.0	1623999	0.055613577	0.497063	19.766357	-1.448517	-0.0556941	0.0048922766	32805.93045592308
407	4.5	6.689544	16.0	0.0	1.1	3.3	11.0	0.0	1000.0	1000.0	1627999	0.054221135	0.4897692	21.345163	-0.66964775	-0.054303143	0.0044042356	32887.96752357483
408	0.75	1.299038	3.0	0.0	0.6	1.8000001	6.0	0.0	1000.0	1000.0	1631999	0.053032883	0.4717308	16.50272	-1.2657856	-0.053134635	0.0038487366	32970.297724723816
409	0.0	0.0	0.0	0.0	4.3	4.838388	12.0	0.0	1000.0	1000.0	1635999	0.054646045	0.48024225	18.317247	-1.2293826	-0.054737326	0.0040278668	33052.62472271919
410	0.0	0.0	0.0	0.0	0.3	0.90000004	3.0	0.0	1000.0	1000.0	1639999	0.05381173	0.4629641	19.79506	-1.5332134	-0.053905867	0.0038346045	33134.70976662636
411	0.0	0.0	0.0	0.0	3.0	5.366563	18.0	0.0	1000.0	1000.0	1643999	0.05349562	0.460468	16.456863	-1.3375102	-0.053541597	0.0036317396	33216.77069211006
412	5.0	7.0356236	17.0	0.0	1.5	3.0083218	10.0	0.0	1000.0	1000.0	1647999	0.054945264	0.47361234	19.127842	-1.1364195	-0.054985423	0.0041305693	33298.75404548645
413	0.0	0.0	0.0	0.0	3.8	6.3686733	19.0	0.0	1000.0	1000.0	1651999	0.05754058	0.49574336	18.145514	-0.28449884	-0.05758384	0.004391692	33380.684143304825
414	5.5	6.1846585	15.0	0.0	3.1	4.1581244	12.0	0.0	1000.0	1000.0	1655999	0.05625348	0.48957872	18.871439	-0.4576683	-0.056307558	0.0041189743	33462.91004681587
415	0.0	0.0	0.0	0.0	3.6	5.1613946	15.0	0.0	1000.0	1000.0	1659999	0.055411186	0.47600457	22.306019	-0.5128296	-0.055475395	0.004830455	33544.83331274986
416	2.75	3.269174	8.0	0.0	2.0	3.3763885	9.0	0.0	1000.0	1000.0	1663999	0.055481408	0.47400653	17.012268	-0.21279356	-0.05557406	0.0043642176	33626.79464221001
417	4.0	4.0620193	9.0	0.0	1.3	2.2825425	7.0	0.0	1000.0	1000.0	1667999	0.05889182	0.5131086	20.957386	-0.6180302	-0.05900374	0.0043703946	33708.849944114685
418	3.0	5.196152	12.0	0.0	1.0	3.0	10.0	0.0	1000.0	1000.0	1671999	0.057657782	0.5031478	20.959637	-1.3168745	-0.05770947	0.0051312055	33790.71147584915
419	0.0	0.0	0.0	0.0	1.3	2.6095977	7.0	0.0	1000.0	1000.0	1675999	0.05589701	0.49430972	17.20057	-1.6350231	-0.055937722	0.0037120227	33872.74209976196
420	3.0	5.196152	12.0	0.0	2.4	3.0397367	7.0	0.0	1000.0	1000.0	1679999	0.058506485	0.50413764	20.105436	-0.84219706	-0.058596972	0.0050051766	33954.788076877594
421	0.0	0.0	0.0	0.0	1.3	3.0347984	10.0	0.0	1000.0	1000.0	1683999	0.057548705	0.48707455	21.029804	-0.7418137	-0.057583127	0.0047731483	34036.59224200249
422	0.0	0.0	0.0	0.0	1.4	2.3323808	7.0	0.0	1000.0	1000.0	1687999	0.054589823	0.4818185	20.297747	-0.68858045	-0.054619987	0.0044095	34118.56983041763
423	0.0	0.0	0.0	0.0	2.6	4.1279535	12.0	0.0	1000.0	1000.0	1691999	0.054098897	0.47253343	19.157299	-0.65770465	-0.054102525	0.003862297	34201.165523052216
424	2.25	3.8971143	9.0	0.0	1.8	5.4	18.0	0.0	1000.0	1000.0	1695999	0.05268308	0.46297163	19.753222	-1.8595195	-0.052706763	0.0043187696	34283.277089357376
425	5.5	4.2720017	11.0	0.0	3.1	6.106554	18.0	0.0	1000.0	1000.0	1699999	0.05507042	0.49482206	23.204376	-2.372743	-0.055069778	0.0056084176	34365.16641950607
426	2.5	3.2787192	8.0	0.0	0.8	1.6613247	5.0	0.0	1000.0	1000.0	1703999	0.05445822	0.46692643	21.310041	-0.6006075	-0.05449123	0.0049607703	34447.15230536461
427	5.75	6.0156045	14.0	0.0	2.1	3.144837	9.0	0.0	1000.0	1000.0	1707999	0.054463375	0.47062603	17.825941	-0.9144998	-0.054491922	0.004685478	34529.22827887535
428	5.5	6.726812	17.0	0.0	5.6	6.0860496	17.0	0.0	1000.0	1000.0	1711999	0.054212764	0.46246007	20.540783	-0.3347229	-0.054192707	0.004345758	34611.09214568138
429	0.5	0.8660254	2.0	0.0	1.2	2.5612497	8.0	0.0	1000.0	1000.0	1715999	0.05411901	0.47001296	19.78716	-0.09311755	-0.054121178	0.0045579625	34693.046827077866
430	0.75	1.299038	3.0	0.0	2.8	3.1240997	9.0	0.0	1000.0	1000.0	1719999	0.052420195	0.4509206	18.273853	-0.5317107	-0.052460384	0.0038458388	34774.84407758713
431	0.0	0.0	0.0	0.0	1.8	4.237924	14.0	0.0	1000.0	1000.0	1723999	0.05272088	0.46096197	18.734943	-0.36968496	-0.052760717	0.004275651	34856.590879917145
432	1.0	1.7320508	4.0	0.0	3.0	6.2609906	19.0	0.0	1000.0	1000.0	1727999	0.054723907	0.47569382	18.769537	-0.5235727	-0.05480023	0.0035283412	34938.61229109764
433	1.75	1.7853571	4.0	0.0	2.4	4.694678	14.0	0.0	1000.0	1000.0	1731999	0.05419637	0.48407248	17.423262	-1.320903	-0.05422856	0.0040375707	35020.79063272476
434	0.0	0.0	0.0	0.0	3.9	5.6648035	18.0	0.0	1000.0	1000.0	1735999	0.05202963	0.46257097	17.427906	-0.7711873	-0.052071027	0.0038261032	35102.71026444435
435	6.25	7.7580605	19.0	0.0	3.5	5.5362444	14.0	0.0	1000.0	1000.0	1739999	0.052317772	0.4700499	15.738076	-0.5161556	-0.05240209	0.004287673	35185.156536102295
436	0.0	0.0	0.0	0.0	1.8	3.8418744	12.0	0.0	1000.0	1000.0	1743999	0.05265479	0.47736293	18.087563	-0.5084016	-0.05273928	0.0045793173	35267.51595854759
437	0.0	0.0	0.0	0.0	2.8	4.489989	14.0	0.0	1000.0	1000.0	1747999	0.051662426	0.46944934	19.779732	-0.6231447	-0.051715903	0.0038597714	35349.556418418884
438	0.75	0.8291562	2.0	0.0	3.4	6.216108	18.0	0.0	1000.0	1000.0	1751999	0.051397756	0.45182297	21.470964	-0.4223584	-0.05149316	0.0035298648	35431.58106088638
439	0.0	0.0	0.0	0.0	2.8	4.4676614	11.0	0.0	1000.0	1000.0	1755999	0.052964017	0.46562254	19.252808	-0.55700815	-0.05306462	0.004024951	35513.88294482231
440	0.75	1.299038	3.0	0.0	1.9	3.1128764	9.0	0.0	1000.0	1000.0	1759999	0.052722085	0.4570922	16.468477	-0.40872732	-0.052869603	0.0034497876	35595.7821829319
441	0.0	0.0	0.0	0.0	2.3	4.5398235	15.0	0.0	1000.0	1000.0	1763999	0.05470084	0.4854691	20.56011	-0.3607931	-0.054819886	0.0047137546	35677.385800123215
442	4.25	4.2646804	9.0	0.0	3.3	4.4056783	13.0	0.0	1000.0	1000.0	1767999	0.055097193	0.476209	16.778664	-0.09036164	-0.055207334	0.0039201207	35759.403708696365
443	0.0	0.0	0.0	0.0	3.8	5.249762	16.0	0.0	1000.0	1000.0	1771999	0.0519556	0.44595146	15.876213	-0.08734951	-0.052086353	0.0031024108	35841.00802016258
444	1.5	2.598076	6.0	0.0	2.7	4.1964273	10.0	0.0	1000.0	1000.0	1775999	0.051289383	0.44265726	16.025671	-0.3676259	-0.051411413	0.0035663224	35922.98872637749
445	3.75	3.7666297	8.0	0.0	1.6	2.6907248	8.0	0.0	1000.0	1000.0	1779999	0.05148867	0.4565466	19.39981	-1.7480379	-0.051634837	0.0040641353	36005.0536980629
446	3.25	3.269174	7.0	0.0	4.3	6.4969225	17.0	0.0	1000.0	1000.0	1783999	0.05237343	0.46896946	17.354815	-0.54446894	-0.05248156	0.0035394211	36087.090900182724
447	1.25	2.1650636	5.0	0.0	6.0	6.6483083	18.0	0.0	1000.0	1000.0	1787999	0.051764805	0.45687684	18.78475	-0.14201783	-0.051845547	0.0037883006	36169.18422484398
448	0.0	0.0	0.0	0.0	3.4	5.517246	16.0	0.0	1000.0	1000.0	1791999	0.051570036	0.4666911	17.686726	-0.97013974	-0.051679596	0.0038018127	36250.92807126045
449	1.25	2.1650636	5.0	0.0	2.0	5.366563	18.0	0.0	1000.0	1000.0	1795999	0.051141586	0.4595322	17.587671	-1.5013287	-0.051215474	0.003875587	36332.94490671158
450	1.5	2.598076	6.0	0.0	3.8	4.68615	13.0	0.0	1000.0	1000.0	1799999	0.050265484	0.4528396	19.662493	-0.80266356	-0.050320406	0.003591157	36415.137048482895
451	1.25	2.1650636	5.0	0.0	0.9	2.3853722	8.0	0.0	1000.0	1000.0	1803999	0.052461337	0.4644795	19.449238	-0.28245476	-0.052590106	0.004396869	36497.57663202286
452	1.75	2.4874685	6.0	0.0	4.8	5.8103356	18.0	0.0	1000.0	1000.0	1807999	0.051549945	0.4506989	16.748116	-0.6763652	-0.051650003	0.0038390176	36579.88459300995
453	2.5	4.3301272	10.0	0.0	0.0	0.0	0.0	0.0	1000.0	1000.0	1811999	0.05225535	0.4617763	20.944733	-0.79752266	-0.05235061	0.004573296	36661.797948122025
454	0.0	0.0	0.0	0.0	1.7	5.1000004	17.0	0.0	1000.0	1000.0	1815999	0.05153247	0.45383483	19.123234	-0.48266575	-0.051584914	0.0044224607	36743.76887202263
455	7.75	4.918079	12.0	0.0	0.3	0.90000004	3.0	0.0	1000.0	1000.0	1819999	0.0493495	0.4447268	17.378296	-0.79652935	-0.049408723	0.003901217	36825.87318611145
456	0.25	0.4330127	1.0	0.0	0.3	0.90000004	3.0	0.0	1000.0	1000.0	1823999	0.049898818	0.45868316	17.721518	-1.2617688	-0.04995916	0.0033488527	36907.6470952034
457	0.0	0.0	0.0	0.0	2.9	4.060788	12.0	0.0	1000.0	1000.0	1827999	0.049875103	0.45742875	17.008766	-1.533607	-0.049915753	0.003619465	36989.67566514015
458	4.0	6.928203	16.0	0.0	1.5	2.5787594	8.0	0.0	1000.0	1000.0	1831999	0.048916597	0.45410338	18.924477	-0.71192205	-0.04896983	0.0040916363	37071.72148895264
459	3.5	6.0621777	14.0	0.0	2.3	3.436568	9.0	0.0	1000.0	1000.0	1835999	0.04988752	0.47096223	18.307407	-1.1021342	-0.049901415	0.00525395	37153.675725221634
460	4.5	4.974937	12.0	0.0	1.3	3.2878563	11.0	0.0	1000.0	1000.0	1839999	0.048271757	0.46827483	17.40249	-1.962994	-0.048285898	0.0043039313	37235.539687395096
461	1.5	2.598076	6.0	0.0	4.7	6.0835843	15.0	0.0	1000.0	1000.0	1843999	0.04801558	0.45785323	19.633167	-0.9697384	-0.048074905	0.0043904665	37317.43624544144
462	0.0	0.0	0.0	0.0	1.5	3.879433	13.0	0.0	1000.0	1000.0	1847999	0.047218144	0.45789745	17.29352	-0.2968963	-0.047258604	0.0034332988	37399.19328999519
463	2.75	4.7631397	11.0	0.0	2.1	4.3462625	13.0	0.0	1000.0	1000.0	1851999	0.046897147	0.45257178	20.998762	-0.826916	-0.046937644	0.0042730686	37481.098996162415
464	0.5	0.8660254	2.0	0.0	3.0	5.0199604	15.0	0.0	1000.0	1000.0	1855999	0.046345253	0.4464877	16.182545	-0.42181686	-0.046371866	0.0036510988	37563.1812851429
465	0.0	0.0	0.0	0.0	2.8	4.331281	11.0	0.0	1000.0	1000.0	1859999	0.04672842	0.4475574	19.12444	-0.63480127	-0.04674395	0.0032473605	37645.261148929596
466	0.0	0.0	0.0	0.0	0.3	0.90000004	3.0	0.0	1000.0	1000.0	1863999	0.046215538	0.4456204	18.616388	-1.3107163	-0.04624808	0.0039906288	37727.29492855072
467	0.75	1.299038	3.0	0.0	2.9	5.906776	17.0	0.0	1000.0	1000.0	1867999	0.045091413	0.42696902	21.016628	-0.59867555	-0.0451264	0.0036369013	37809.22204589844
468	1.5	2.598076	6.0	0.0	1.9	3.8587565	11.0	0.0	1000.0	1000.0	1871999	0.04863883	0.4519603	20.859652	-0.5013541	-0.048693653	0.0050723716	37891.103850364685
469	6.75	3.49106	11.0	2.0	1.5	4.5	15.0	0.0	1000.0	1000.0	1875999	0.048142675	0.4425501	18.52195	-0.54915833	-0.04817253	0.003524071	37973.03769540787
470	0.75	1.299038	3.0	0.0	0.0	0.0	0.0	0.0	1000.0	1000.0	1879999	0.04793842	0.44117844	17.689508	-0.5467958	-0.047990266	0.0034154665	38055.08442568779
471	9.25	5.4486237	14.0	0.0	2.5	3.981206	11.0	0.0	1000.0	1000.0	1883999	0.048518546	0.44727924	22.608908	-0.9559167	-0.04854776	0.0038566636	38136.85098218918
472	2.5	4.3301272	10.0	0.0	4.6	5.73062	14.0	0.0	1000.0	1000.0	1887999	0.049528345	0.46121106	20.01354	-0.9263272	-0.049509384	0.0043017752	38218.74712014198
473	5.25	5.8040934	14.0	0.0	2.9	5.06853	15.0	0.0	1000.0	1000.0	1891999	0.047098473	0.4462672	15.720599	-0.30816358	-0.047073714	0.0032622346	38300.70741224289
474	0.0	0.0	0.0	0.0	0.6	1.2806249	4.0	0.0	1000.0	1000.0	1895999	0.045386314	0.43316862	17.09336	-0.8561345	-0.045392577	0.003373351	38382.66456604004
475	3.5	3.0413814	7.0	0.0	3.3	6.603787	21.0	0.0	1000.0	1000.0	1899999	0.04741269	0.4455381	16.738026	-0.906033	-0.04743918	0.0032248562	38465.12712883949
476	1.75	3.0310888	7.0	0.0	1.8	2.9257476	8.0	0.0	1000.0	1000.0	1903999	0.046854082	0.44426432	17.722595	-0.7229538	-0.046869177	0.0031535635	38547.15987277031
477	5.75	6.941722	17.0	0.0	4.6	6.5299306	20.0	0.0	1000.0	1000.0	1907999	0.048771378	0.47026494	20.440012	-0.4191292	-0.04883134	0.004944604	38629.462359428406
478	2.0	3.4641016	8.0	0.0	4.8	6.20967	16.0	0.0	1000.0	1000.0	1911999	0.048551586	0.44846112	17.174868	-0.1803308	-0.048595708	0.003487046	38711.39889240265
479	2.0	3.4641016	8.0	0.0	1.7	5.1000004	17.0	0.0	1000.0	1000.0	1915999	0.049463466	0.4538272	17.717833	-1.2514478	-0.04951546	0.003491823	38793.54333496094
480	5.75	6.941722	17.0	0.0	1.8	4.0199504	13.0	0.0	1000.0	1000.0	1919999	0.052099835	0.46375382	16.354094	-0.41204244	-0.052151494	0.0038105669	38875.48316216469
481	0.0	0.0	0.0	0.0	1.7	3.407345	9.0	0.0	1000.0	1000.0	1923999	0.051515352	0.46150097	17.042234	-0.3308031	-0.0516032	0.0043415516	38957.47644114494
482	1.5	2.598076	6.0	0.0	0.0	0.0	0.0	0.0	1000.0	1000.0	1927999	0.049571417	0.45232648	18.820538	-1.4494356	-0.049627814	0.004204549	39039.4394865036
483	0.0	0.0	0.0	0.0	1.5	3.879433	13.0	0.0	1000.0	1000.0	1931999	0.04889542	0.44715717	17.883186	-0.68240505	-0.048987992	0.0036660652	39121.49121212959
484	5.0	4.527693	10.0	0.0	2.5	4.6743984	14.0	0.0	1000.0	1000.0	1935999	0.049998686	0.4703982	22.54424	-0.26908755	-0.050070815	0.0046883402	39203.09041953087
485	3.5	3.5	7.0	0.0	1.9	4.7843494	16.0	0.0	1000.0	1000.0	1939999	0.049796596	0.46716762	18.314457	-0.33443865	-0.04988295	0.0034635742	39284.94574379921
486	1.25	1.299038	3.0	0.0	5.1	5.5217752	14.0	0.0	1000.0	1000.0	1943999	0.050212592	0.46861884	22.86691	-0.052007202	-0.050314642	0.0039684344	39366.960236787796
487	2.0	3.4641016	8.0	0.0	4.5	4.883646	12.0	0.0	1000.0	1000.0	1947999	0.050780654	0.47181183	17.793648	-0.47209927	-0.05084626	0.004211547	39449.36658668518
488	0.0	0.0	0.0	0.0	0.3	0.90000004	3.0	0.0	1000.0	1000.0	1951999	0.048822314	0.44980502	17.145777	-0.5028689	-0.04887743	0.0033423435	39531.14872598648
489	3.75	6.4951906	15.0	0.0	1.6	3.9038439	13.0	0.0	1000.0	1000.0	1955999	0.049022768	0.45802376	17.134487	-0.8709171	-0.04909703	0.0033771424	39612.84621191025
490	0.75	1.299038	3.0	0.0	1.2	1.8867962	5.0	0.0	1000.0	1000.0	1959999	0.05203352	0.4580926	16.189264	-0.51899827	-0.05214782	0.0038038078	39694.71191263199
491	6.75	6.832825	15.0	0.0	3.3	5.441507	16.0	0.0	1000.0	1000.0	1963999	0.053349312	0.46762985	17.735563	-0.25687948	-0.053452205	0.0037256563	39776.725429058075
492	0.0	0.0	0.0	0.0	2.4	5.73062	19.0	0.0	1000.0	1000.0	1967999	0.054363415	0.4772499	16.399733	-1.0580649	-0.05448259	0.0042410186	39858.884752988815
493	4.75	7.1195154	17.0	0.0	3.0	5.138093	13.0	0.0	1000.0	1000.0	1971999	0.05477593	0.47894737	21.01413	-0.60859716	-0.054901797	0.0035807737	39940.848693847656
494	0.75	1.299038	3.0	0.0	1.8	2.993326	8.0	0.0	1000.0	1000.0	1975999	0.05470202	0.48428	21.833286	-0.429543	-0.05485605	0.004329496	40022.62340283394
495	1.5	2.598076	6.0	0.0	3.0	5.215362	16.0	0.0	1000.0	1000.0	1979999	0.054133013	0.48671824	18.040554	-1.2684371	-0.0542089	0.0043995464	40104.40906953812
496	0.0	0.0	0.0	0.0	2.7	3.1000001	8.0	0.0	1000.0	1000.0	1983999	0.054120407	0.49524942	19.146776	-0.16363558	-0.05415442	0.004231868	40186.6067841053
497	3.75	2.8613808	7.0	0.0	3.6	5.834381	17.0	0.0	1000.0	1000.0	1987999	0.05204812	0.4681794	18.245031	-0.42952606	-0.052133925	0.0036856113	40268.66686344147
498	3.75	3.7666297	8.0	0.0	3.1	5.356304	17.0	0.0	1000.0	1000.0	1991999	0.053630035	0.49042025	18.108755	-1.1188829	-0.053735975	0.0040160944	40350.62878322601
499	4.25	4.380354	10.0	0.0	4.4	6.7852783	17.0	0.0	1000.0	1000.0	1995999	0.051688556	0.4644451	17.511095	-1.396819	-0.051741943	0.0036255913	40433.07421159744
500	5.0	3.535534	10.0	0.0	4.2	5.268776	16.0	0.0	1000.0	1000.0	1999999	0.05102245	0.45730674	16.082037	-0.6912431	-0.051072888	0.0038205949	40515.25119495392
