Epoch	AverageEpRet	StdEpRet	MaxEpRet	MinEpRet	AverageTestEpRet	StdTestEpRet	MaxTestEpRet	MinTestEpRet	EpLen	TestEpLen	TotalEnvInteracts	AverageQVals	StdQVals	MaxQVals	MinQVals	LossPi	LossQ	Time
1	3.0250044	1.5737348	4.62022	1.3697661	0.12682597	0.03348085	0.18724683	0.08005339	1000.0	1000.0	3999	0.58619493	0.28840834	1.2600065	-0.6531246	-0.64681506	0.00071837765	44.756043910980225
2	3.7942524	1.0798535	5.415233	2.5482285	0.61403614	0.028442523	0.6615418	0.56947196	1000.0	1000.0	7999	0.9276751	0.14449503	1.5528026	0.33755505	-0.9462596	0.00044182732	101.62360787391663
3	2.1537638	0.5207564	2.8740957	1.6460898	0.62067807	0.025809933	0.65365267	0.5684348	1000.0	1000.0	11999	1.2835575	0.1669223	2.230956	0.8070395	-1.3059685	0.0004858063	158.93567609786987
4	1.4370277	0.07590993	1.5536472	1.3417426	0.62190443	0.029043466	0.6692497	0.57948303	1000.0	1000.0	15999	1.101664	0.14788084	2.061091	0.67873025	-1.0914153	0.0001640897	217.1456081867218
5	5.1628084	4.7199397	13.236085	1.3142762	0.21955033	0.12869976	0.540895	0.10434901	1000.0	1000.0	19999	1.1292627	0.29966316	3.0446627	0.4318505	-1.176185	0.0006458534	275.2677731513977
6	28.034803	20.10241	62.623703	13.844496	16.305248	1.6717066	18.93909	11.878381	1000.0	1000.0	23999	2.4094245	0.7918036	6.1701303	0.55250293	-2.5377789	0.0030168763	333.25288581848145
7	18.73177	5.1708403	26.136	13.819813	54.9734	18.907066	75.3451	13.833572	1000.0	1000.0	27999	6.193699	1.6942489	13.147919	1.1712133	-6.4797373	0.00875562	391.1644456386566
8	15.30831	5.3406043	21.87748	7.6955175	4.339226	4.0835395	14.918644	1.2813889	1000.0	1000.0	31999	9.135535	1.0712252	13.565621	5.8635187	-9.290308	0.008455031	449.98415970802307
9	69.51822	40.63268	127.834526	30.009203	40.991047	25.485033	108.98731	17.432444	1000.0	1000.0	35999	10.479731	0.91027147	18.669703	6.735362	-10.654715	0.011185468	509.2543034553528
10	55.013336	38.079	98.76773	10.959287	61.260246	31.382833	141.34943	17.557955	1000.0	1000.0	39999	11.774078	1.3147681	25.510397	8.713452	-11.923769	0.01965392	568.691782951355
11	93.67147	18.06918	110.387794	63.445923	0.1182253	0.059284132	0.2805187	0.06664927	1000.0	1000.0	43999	13.133738	2.10279	26.17019	8.904085	-13.310511	0.03613975	628.5310134887695
12	49.957134	51.340298	136.17053	1.3705504	43.32463	10.368379	55.909004	22.83588	1000.0	1000.0	47999	14.879996	2.011793	29.612434	9.403895	-15.086144	0.04491276	688.1714339256287
13	62.08935	27.94707	105.80276	28.265026	66.523865	11.322996	88.602844	55.59309	1000.0	1000.0	51999	16.551577	2.4519155	33.379246	9.561373	-16.77516	0.063612886	747.7267513275146
14	54.48263	31.221043	105.24672	24.41728	84.15971	34.25251	127.09943	20.800146	1000.0	1000.0	55999	18.347717	2.863274	36.176506	10.357265	-18.60708	0.095224276	807.6155295372009
15	83.07182	49.416264	158.32904	29.111633	70.0998	30.728685	125.96904	21.103209	1000.0	1000.0	59999	19.679276	3.2179384	41.72746	11.527428	-19.874048	0.0959052	867.7449617385864
16	68.055145	32.732155	111.20163	27.62593	109.50554	45.745663	192.42331	15.33323	1000.0	1000.0	63999	21.0402	3.9011881	43.498257	11.991941	-21.297977	0.11938711	928.4262833595276
17	74.26586	31.616882	120.90675	38.063904	85.12587	21.353792	120.41272	42.68101	1000.0	1000.0	67999	21.799347	4.372344	44.24116	11.579981	-22.00516	0.11068454	992.9800584316254
18	88.0972	35.50303	130.35945	31.898155	95.97479	60.12411	214.52112	35.03199	1000.0	1000.0	71999	22.250202	5.0417175	44.281914	12.08921	-22.45605	0.10935967	1061.5537221431732
19	81.217	23.716095	106.74814	42.418297	79.05687	37.349728	151.97374	42.89344	1000.0	1000.0	75999	22.472225	5.843769	44.680912	11.563492	-22.681168	0.1184911	1131.0744352340698
20	104.295204	44.52681	163.40457	46.827415	56.392395	31.211893	138.37088	36.045094	1000.0	1000.0	79999	22.57771	6.6137223	45.61878	10.453791	-22.764872	0.13387802	1201.1791169643402
21	86.77976	42.47371	136.2407	34.111866	37.530502	5.3849673	50.20079	28.12255	1000.0	1000.0	83999	22.620377	7.1990952	47.541092	9.83058	-22.809164	0.141833	1271.8480262756348
22	107.13303	65.91807	207.39595	31.59589	127.3939	54.93401	231.07254	65.65938	1000.0	1000.0	87999	22.440994	7.686992	48.23158	9.079885	-22.625635	0.1440062	1342.973617553711
23	61.845108	14.679143	85.54364	48.18441	107.96145	54.60705	192.68657	46.610626	1000.0	1000.0	91999	22.46882	8.279908	47.57139	8.777511	-22.67371	0.1602629	1414.499653339386
24	158.03699	84.96583	263.28345	39.711143	112.0706	47.160313	197.26059	55.057358	1000.0	1000.0	95999	22.42574	8.666234	47.350353	8.327651	-22.583984	0.15499808	1486.4833064079285
25	162.3223	53.088043	232.1299	103.948044	168.9439	78.59821	275.24942	49.65304	1000.0	1000.0	99999	22.575817	8.983138	47.749897	7.836959	-22.75211	0.15148589	1558.6373682022095
26	176.39688	83.811325	272.02518	46.7079	116.82007	43.81652	230.93098	75.34891	1000.0	1000.0	103999	22.740482	9.114669	47.04321	7.4042535	-22.907871	0.15504898	1630.9774978160858
27	172.82101	90.782295	296.64542	72.099945	242.61853	75.55917	325.47354	122.41053	1000.0	1000.0	107999	22.776695	9.373117	47.537533	7.149264	-22.93744	0.16405481	1702.8346090316772
28	162.94902	92.2201	294.98145	72.52751	237.49008	23.340675	270.34937	199.21721	1000.0	1000.0	111999	22.92775	9.635947	48.13195	7.1468387	-23.092184	0.17301457	1774.2618963718414
29	227.00218	78.18199	294.8115	94.85392	222.54044	60.07828	317.0235	131.77705	1000.0	1000.0	115999	23.213583	9.9690695	48.416626	6.597443	-23.387457	0.1689564	1846.0893948078156
30	253.67914	18.595882	268.37692	222.47298	242.76985	89.18185	395.14703	111.7027	1000.0	1000.0	119999	23.66777	10.337869	51.795616	6.2100983	-23.840622	0.17487918	1917.8362743854523
31	215.07219	73.16644	304.60934	110.30019	189.11264	73.04479	320.6599	78.44302	1000.0	1000.0	123999	24.190357	10.750565	51.939102	6.0634303	-24.359219	0.19000806	1989.8038778305054
32	259.46796	70.174904	378.87033	198.64917	298.51926	43.14748	361.50998	226.78981	1000.0	1000.0	127999	24.457146	11.178339	51.201378	6.0477405	-24.62939	0.21229577	2061.617030620575
33	285.30432	53.687164	355.3124	204.41484	343.11246	103.469406	456.21445	167.56636	1000.0	1000.0	131999	25.07744	11.648548	52.16152	5.912347	-25.261562	0.22636843	2133.6708385944366
34	329.65533	38.23408	370.0888	271.37265	294.11978	81.90911	374.5584	102.76719	1000.0	1000.0	135999	25.863878	12.050615	53.085117	5.9448223	-26.036562	0.23470744	2205.8711473941803
35	259.13742	85.64525	348.3177	134.34035	342.15894	80.23644	401.04532	113.25279	1000.0	1000.0	139999	26.446583	12.369122	53.803436	5.215482	-26.622627	0.23843864	2278.004977464676
36	266.34265	103.207115	353.83676	90.528694	297.18073	84.95929	421.09677	117.999	1000.0	1000.0	143999	26.982843	12.681096	54.5532	3.734613	-27.163683	0.2357329	2349.9833159446716
37	293.48334	116.45291	374.83398	93.951454	331.79337	84.87763	424.5515	121.75382	1000.0	1000.0	147999	27.52202	12.938618	56.7358	5.5312257	-27.700418	0.23859589	2422.335609436035
38	417.25415	33.96215	446.02756	361.44662	426.84247	52.2395	496.9068	306.02814	1000.0	1000.0	151999	28.23429	13.340153	58.908672	5.6010623	-28.414028	0.2438784	2494.5275344848633
39	410.9764	21.930206	443.1766	381.4931	382.0188	84.76707	469.456	161.02203	1000.0	1000.0	155999	28.953482	13.711883	58.823174	5.470695	-29.129663	0.24931137	2566.5273814201355
40	391.01178	52.153927	427.54745	301.71768	256.54385	100.721855	419.1732	88.59863	1000.0	1000.0	159999	29.629137	14.0334635	61.645813	5.4677963	-29.799265	0.2372086	2638.92702126503
41	371.72067	83.26013	438.16714	228.95729	377.67145	104.70876	480.47842	125.12806	1000.0	1000.0	163999	30.084032	14.347174	64.263725	5.6999674	-30.253529	0.25860897	2711.487644672394
42	357.39685	151.34105	523.7032	118.154305	315.1181	127.8531	500.9386	110.40203	1000.0	1000.0	167999	30.73142	14.708864	66.05123	5.59858	-30.90682	0.27902758	2784.0487389564514
43	351.92078	122.94507	479.88272	157.44096	405.60907	63.536003	501.72363	307.8978	1000.0	1000.0	171999	31.210062	15.1113825	66.53285	5.557404	-31.389454	0.278803	2856.460822582245
44	438.8212	40.912827	484.88052	375.53152	358.26147	151.46066	539.9824	153.268	1000.0	1000.0	175999	31.974752	15.491506	67.93056	5.52115	-32.15362	0.29335696	2928.79328417778
45	453.5107	22.523947	489.3233	433.4306	376.49048	67.75437	451.71832	222.93556	1000.0	1000.0	179999	32.807095	15.921344	68.2804	5.335235	-32.986984	0.3205654	3001.4559183120728
46	386.48087	148.32063	496.1312	134.04884	455.4815	87.10375	601.56903	265.74142	1000.0	1000.0	183999	33.58314	16.345415	69.133965	5.214774	-33.759705	0.33318493	3073.8760414123535
47	422.11407	61.72216	485.8119	340.35904	495.3369	46.41442	553.12164	401.09537	1000.0	1000.0	187999	34.114258	16.79231	69.277985	4.9608436	-34.300343	0.3441922	3146.4757709503174
48	470.31094	47.590942	519.72235	392.12634	540.43933	14.363665	561.0279	516.0271	1000.0	1000.0	191999	34.949837	17.219236	70.43673	4.9959927	-35.13692	0.35351232	3219.273942708969
49	465.0862	80.70981	547.08795	345.38248	538.1384	104.378395	608.7798	231.03543	1000.0	1000.0	195999	35.760746	17.604992	70.9424	4.9733324	-35.95023	0.37456352	3292.4738006591797
50	387.2831	164.76378	569.25256	181.81409	487.2062	143.58282	651.6453	240.75014	1000.0	1000.0	199999	36.638153	18.053911	71.189026	2.916749	-36.83339	0.38847393	3365.325385093689
51	480.66772	121.65016	574.64813	271.5722	519.2497	94.07683	618.7773	305.37378	1000.0	1000.0	203999	37.17655	18.542791	74.86043	3.4450629	-37.36254	0.39024627	3438.374027967453
52	481.7495	136.15834	586.1712	248.07817	512.00543	129.72827	631.72906	198.34402	1000.0	1000.0	207999	37.800484	19.038721	75.36204	3.520347	-37.99425	0.41882873	3511.2829864025116
53	563.0837	25.041412	583.9653	522.13196	248.99368	119.57095	434.45596	99.75026	1000.0	1000.0	211999	38.62287	19.39065	76.65481	3.6466684	-38.81203	0.42565116	3584.0804538726807
54	495.6378	86.0035	592.8955	391.0901	525.9386	84.66153	623.5114	400.88458	1000.0	1000.0	215999	39.22534	19.738165	77.59911	3.4304707	-39.4185	0.4588806	3656.6807646751404
55	496.93823	43.39241	542.4968	433.33774	569.8413	44.34672	623.51984	490.5571	1000.0	1000.0	219999	40.06244	20.018854	78.54381	2.9048498	-40.254295	0.47067484	3729.401022672653
56	480.7551	145.29167	580.9739	230.22711	526.46185	95.36192	635.1284	341.40936	1000.0	1000.0	223999	40.69081	20.370378	78.80132	3.6963706	-40.884968	0.48498395	3802.0226027965546
57	501.0041	48.388363	550.7444	422.08368	598.8257	71.60287	656.16565	398.9226	1000.0	1000.0	227999	41.278587	20.67666	80.00657	3.1709588	-41.479588	0.48322865	3874.8006427288055
58	382.2751	165.78217	550.72424	210.11	275.31076	113.21242	403.7968	67.29177	1000.0	1000.0	231999	41.89641	20.932882	80.13058	3.5087762	-42.100098	0.48429862	3947.5723440647125
59	534.3455	19.493254	556.04175	509.49936	591.2017	34.779007	628.2884	522.0302	1000.0	1000.0	235999	42.55137	21.1954	80.70897	0.31673527	-42.752556	0.4857647	4020.2646176815033
60	525.07153	88.28668	598.2422	375.87497	513.1444	100.85819	616.56274	313.3947	1000.0	1000.0	239999	43.138004	21.313377	80.284935	0.058689117	-43.329304	0.4743307	4092.7828602790833
61	456.8664	95.10894	562.4304	302.9326	581.5814	11.544244	608.39795	564.6645	1000.0	1000.0	243999	43.55018	21.47775	80.8914	0.5632143	-43.740593	0.46852237	4165.347810745239
62	554.05927	17.697544	570.1324	525.77484	566.6454	117.41459	653.2501	223.79518	1000.0	1000.0	247999	43.756474	21.561596	80.473915	1.9603059	-43.937084	0.47010055	4238.140681028366
63	598.6538	32.637962	621.28625	542.27057	618.2755	45.040115	687.3228	534.4325	1000.0	1000.0	251999	44.1013	21.748169	80.81736	3.3116112	-44.28696	0.47039783	4311.002297401428
64	489.0927	112.59542	585.6856	306.18585	519.69696	144.72324	652.31604	166.57251	1000.0	1000.0	255999	44.605984	21.930815	81.030174	3.6369953	-44.795525	0.4782839	4383.984997987747
65	550.56946	129.0424	644.0289	328.2133	590.00726	179.08516	701.97394	70.06792	1000.0	1000.0	259999	44.98157	22.082327	82.65565	0.8677163	-45.164837	0.47122157	4456.828172206879
66	577.47327	24.197266	613.628	548.77374	622.8688	28.642498	655.8552	554.95355	1000.0	1000.0	263999	45.29531	22.271372	82.688965	2.4009385	-45.47803	0.4911361	4529.495346546173
67	555.1345	123.23595	644.32385	343.41895	612.8401	19.102274	636.20483	571.8928	1000.0	1000.0	267999	45.72347	22.468676	83.27661	2.2086399	-45.91064	0.49644473	4602.546145439148
68	577.1458	46.451637	648.4404	523.20135	637.38403	29.43585	680.85834	593.187	1000.0	1000.0	271999	46.23746	22.636658	83.20188	2.9647894	-46.42895	0.5074706	4675.732996940613
69	586.5573	36.0785	621.0173	526.0384	652.3743	28.108763	708.81934	604.484	1000.0	1000.0	275999	46.692375	22.725397	83.52798	3.2988904	-46.877117	0.4997939	4748.662811756134
70	532.7563	111.952896	609.99677	339.32126	616.7401	23.483114	648.9833	584.8003	1000.0	1000.0	279999	47.035213	22.85079	83.71475	3.6862926	-47.22436	0.52592605	4821.489410638809
71	554.707	109.01652	648.42456	372.39636	627.11127	16.949608	657.0885	594.93896	1000.0	1000.0	283999	47.521984	22.838724	83.689255	4.141142	-47.706173	0.49762222	4894.4181406497955
72	555.9855	62.96882	602.5808	447.67493	111.32439	30.84934	158.67992	64.13456	1000.0	1000.0	287999	47.854374	22.85648	83.734	4.3655405	-48.045547	0.49475643	4967.647612094879
73	355.78073	191.49208	561.84576	118.45558	571.32263	56.222755	642.53644	451.64096	1000.0	1000.0	291999	48.153107	22.950537	84.42107	4.6511602	-48.346836	0.5006468	5040.751817941666
74	563.2943	74.23868	614.18726	435.05145	551.03284	26.850891	594.75183	507.47415	1000.0	1000.0	295999	48.65461	22.906229	85.07483	4.707757	-48.847446	0.53173804	5113.980428218842
75	560.0926	31.45472	593.24146	523.31506	530.00183	106.826836	657.4362	313.4569	1000.0	1000.0	299999	48.906826	22.97896	85.337456	4.6395483	-49.09218	0.53425133	5186.996422052383
76	511.88452	74.75916	581.87036	391.44592	622.93243	38.173973	667.6975	542.89844	1000.0	1000.0	303999	49.234165	23.007563	85.40372	4.5412436	-49.419807	0.50961214	5259.798686027527
77	490.04785	145.05208	616.76086	247.50142	488.1048	186.96117	665.042	147.90042	1000.0	1000.0	307999	49.484474	23.080244	86.04009	4.8939066	-49.664562	0.53084654	5333.030206918716
78	545.5298	130.00266	641.8467	321.97253	640.61804	29.470362	681.1553	598.97565	1000.0	1000.0	311999	49.6374	23.220997	86.0696	5.1235967	-49.820133	0.54406273	5406.334986209869
79	511.2128	181.8754	661.24866	200.06065	653.63025	28.187033	700.58856	605.9291	1000.0	1000.0	315999	49.90303	23.272614	86.05921	4.634545	-50.07859	0.53740263	5479.416309833527
80	607.92395	24.431192	632.5641	571.0121	448.99493	218.67538	644.43884	86.634796	1000.0	1000.0	319999	50.01957	23.453024	86.66174	4.660999	-50.189915	0.53265357	5552.392156839371
81	453.32343	182.82343	666.9186	208.44234	606.6126	76.04757	701.5251	452.45178	1000.0	1000.0	323999	50.143356	23.661448	86.62103	4.411204	-50.318672	0.5176367	5625.441241025925
82	568.24115	92.158325	623.672	408.64108	666.82666	59.712666	724.13556	507.34973	1000.0	1000.0	327999	50.44643	23.794825	86.89298	4.4320755	-50.62829	0.548847	5698.151389122009
83	627.05225	70.18135	718.60077	528.9547	617.83203	54.622948	683.1864	474.91736	1000.0	1000.0	331999	50.750565	23.89514	87.74323	4.376864	-50.92811	0.53366566	5771.1119220256805
84	597.36743	12.117139	607.6958	577.95294	613.1787	40.937458	662.9727	542.50104	1000.0	1000.0	335999	51.031776	23.9243	87.59608	4.3483534	-51.20245	0.51783967	5844.1884343624115
85	562.6546	101.41349	639.11725	388.42044	526.29645	138.91399	662.63763	280.45288	1000.0	1000.0	339999	51.22379	23.944904	87.43367	3.9022565	-51.392227	0.5197749	5917.401779413223
86	572.76044	106.62508	642.8763	388.57098	644.10284	44.885834	697.58044	574.68945	1000.0	1000.0	343999	51.326447	24.061852	87.50624	3.5077224	-51.495193	0.52010787	5990.954451560974
87	601.70715	139.90303	706.97577	362.34372	531.4575	158.77649	641.6984	187.51851	1000.0	1000.0	347999	51.596176	24.046616	88.90849	3.4438782	-51.763214	0.51590097	6064.091500997543
88	608.38293	21.740568	630.5768	582.28796	564.9339	133.59492	634.88354	168.87811	1000.0	1000.0	351999	51.64257	24.083641	90.24618	0.90216637	-51.814358	0.49897748	6137.358211517334
89	655.66833	54.070827	737.15894	599.77094	637.00696	50.185368	695.4279	510.9982	1000.0	1000.0	355999	51.969357	24.114523	90.052376	0.9842155	-52.138477	0.53016895	6210.350984811783
90	621.8323	29.330893	655.9747	577.3759	599.9801	108.64637	678.9634	290.63876	1000.0	1000.0	359999	52.33504	24.046144	90.0206	0.94515395	-52.50425	0.5228709	6283.279783248901
91	477.16077	262.8691	663.7259	24.41948	619.09814	34.675224	663.66516	545.85156	1000.0	1000.0	363999	52.54049	24.019928	89.67268	-0.27860165	-52.706524	0.49864453	6355.9487516880035
92	477.69928	167.77217	648.80743	281.60928	615.9059	114.22867	708.4599	311.8259	1000.0	1000.0	367999	52.47905	24.16427	89.78217	0.47082734	-52.648163	0.51768756	6429.261626958847
93	621.5245	32.61246	657.12994	584.3154	582.7306	85.4827	664.7729	362.05853	1000.0	1000.0	371999	52.712154	24.16892	89.91742	2.3743339	-52.876514	0.5114405	6502.255005836487
94	631.3126	22.719404	648.4169	592.2033	573.1079	80.86101	693.11414	366.21075	1000.0	1000.0	375999	53.00926	24.05201	89.80578	2.0972648	-53.172615	0.49574578	6575.108841896057
95	619.5775	23.978905	646.92316	582.86487	615.25867	41.055565	677.82214	529.0963	1000.0	1000.0	379999	53.356354	23.985569	90.124916	0.90954804	-53.525234	0.5037972	6648.017872095108
96	388.04733	217.40938	640.7465	142.07396	615.83777	38.23173	660.12244	515.81433	1000.0	1000.0	383999	53.40833	24.128805	90.300545	-1.6458628	-53.57272	0.53411263	6720.738668680191
97	532.735	183.05826	675.5105	220.87541	649.9504	26.481478	708.1694	609.2703	1000.0	1000.0	387999	53.730484	24.146852	90.25484	-3.6859999	-53.901947	0.5447616	6793.4871962070465
98	567.0776	57.031116	636.0494	499.9173	491.73373	146.77939	652.025	243.5426	1000.0	1000.0	391999	53.84261	24.253117	90.28907	-4.487774	-54.009262	0.56057847	6866.217968463898
99	649.60077	25.050999	688.1063	619.23413	691.3131	19.659416	724.85223	657.4913	1000.0	1000.0	395999	54.0622	24.271427	90.269684	-4.395777	-54.2302	0.52294934	6939.075382232666
100	646.2055	35.334576	697.1658	600.4764	653.9668	81.26955	716.9791	426.86813	1000.0	1000.0	399999	54.343025	24.240604	90.437416	-2.9208808	-54.505016	0.5289543	7011.710525274277
101	565.64325	127.857315	651.636	344.81955	647.83154	18.020205	671.69507	604.9466	1000.0	1000.0	403999	54.55699	24.207579	90.25511	-3.1490722	-54.726704	0.5453543	7084.390962839127
102	617.5659	14.674797	632.063	597.7217	636.7842	39.553574	697.8999	556.3973	1000.0	1000.0	407999	54.89209	24.107786	90.27386	-2.922257	-55.056454	0.52738523	7157.11936545372
103	605.83014	40.128365	666.0866	561.4171	636.39264	25.000496	663.32306	569.9084	1000.0	1000.0	411999	54.96202	24.03183	90.77463	-1.5038471	-55.12679	0.5180681	7229.960903167725
104	631.9614	28.966986	661.88934	597.51746	646.2327	7.8530684	658.7144	631.2543	1000.0	1000.0	415999	55.19673	23.913486	91.274765	-1.6872549	-55.356213	0.54404336	7303.05771446228
105	516.0777	204.84119	670.3383	163.76924	648.02014	111.93728	721.6003	315.7042	1000.0	1000.0	419999	55.301495	23.745678	90.229195	-0.83423376	-55.464645	0.5097862	7376.25591468811
106	574.8157	162.34355	685.30133	294.2511	639.214	91.02353	702.6542	372.12323	1000.0	1000.0	423999	55.467655	23.577402	90.03185	-0.3672986	-55.633106	0.51732445	7449.567223548889
107	560.9753	70.36309	644.0863	468.67902	643.1907	137.60773	747.06384	295.99933	1000.0	1000.0	427999	55.66447	23.469263	90.20147	4.3644204	-55.823788	0.480593	7522.6822900772095
108	458.31085	210.85248	673.86676	239.97192	666.70337	80.21221	722.6796	432.48392	1000.0	1000.0	431999	55.707844	23.391172	89.96137	5.065098	-55.868515	0.49818802	7595.75647187233
109	682.9682	17.582636	708.095	663.86646	619.0182	5.790069	626.6927	608.4393	1000.0	1000.0	435999	55.689785	23.47247	89.766685	6.066923	-55.840763	0.4747193	7668.694207191467
110	571.0221	166.28587	706.7434	286.3531	679.32654	28.28896	708.5419	624.62354	1000.0	1000.0	439999	55.730915	23.549068	89.83711	6.816758	-55.880306	0.4926282	7741.783402919769
111	590.10693	115.107544	697.70447	405.03867	704.1311	23.10316	736.9263	663.54785	1000.0	1000.0	443999	55.53777	23.698938	89.94614	5.849387	-55.684948	0.5043704	7815.155902862549
112	557.4373	196.8135	688.633	217.16754	656.0559	126.09702	726.45856	293.61722	1000.0	1000.0	447999	55.579636	23.792362	89.40173	4.6659956	-55.726665	0.4888913	7888.387935400009
113	659.75085	21.871172	681.3984	628.45667	714.0768	25.771303	748.79596	645.66644	1000.0	1000.0	451999	55.59954	23.919075	89.68375	4.939086	-55.74382	0.48989886	7961.53928732872
114	622.8544	54.077324	681.76996	537.8175	714.39417	29.097345	762.48737	665.06805	1000.0	1000.0	455999	55.72748	24.045378	89.72186	5.1977057	-55.88072	0.47241628	8034.738616704941
115	678.713	12.095234	691.3132	658.9038	658.2444	35.791718	708.76086	572.6869	1000.0	1000.0	459999	55.88717	24.126331	89.67355	4.7507925	-56.03395	0.4750747	8107.767880678177
116	640.0288	24.9245	670.12756	609.503	485.41016	208.93681	719.732	97.596405	1000.0	1000.0	463999	56.00881	24.219343	89.797104	3.9562576	-56.152496	0.4588996	8181.078748226166
117	525.3185	149.93813	665.7749	272.55197	604.79065	157.75027	726.96704	174.58086	1000.0	1000.0	467999	56.01873	24.367174	89.62596	3.479802	-56.163975	0.45403832	8254.310086488724
118	506.0478	158.13599	658.0911	280.90808	499.9252	248.6604	727.3422	42.434795	1000.0	1000.0	471999	56.070995	24.44529	89.69574	1.8101811	-56.220688	0.53101426	8327.475415229797
119	509.32794	240.45221	680.61035	94.32207	580.1556	133.70045	709.9221	253.17522	1000.0	1000.0	475999	56.267616	24.333096	90.09164	2.7661035	-56.418262	0.50558406	8400.572844028473
120	399.4344	244.08273	698.47784	150.16202	646.37036	26.910648	708.9782	616.076	1000.0	1000.0	479999	56.289276	24.394115	89.826744	2.1591055	-56.434574	0.5142639	8473.649918079376
121	531.6693	173.7523	684.55536	238.26497	592.7149	100.92966	681.9485	382.3827	1000.0	1000.0	483999	56.262604	24.447775	90.188805	-0.55705357	-56.401825	0.51195264	8546.830215454102
122	553.3381	191.43646	706.9884	225.27591	708.93176	21.243435	748.28516	673.0054	1000.0	1000.0	487999	56.24982	24.582478	90.384995	2.1676466	-56.396088	0.51260585	8620.04285478592
123	580.3521	85.39713	654.2755	436.39938	646.07874	115.116394	706.6693	303.7049	1000.0	1000.0	491999	56.35467	24.699108	90.784134	1.2635701	-56.50287	0.5296561	8693.276169776917
124	645.6738	61.015778	718.59827	583.2556	597.01526	180.96529	762.7333	227.51149	1000.0	1000.0	495999	56.81172	24.566582	90.69024	0.8526006	-56.964428	0.52777624	8766.464330673218
125	519.13324	222.7907	688.17596	140.43275	649.0685	21.976238	683.95276	602.89685	1000.0	1000.0	499999	57.0313	24.50837	90.69121	0.53394604	-57.183273	0.54822	8839.63807606697
126	542.5538	228.63957	680.0549	146.59227	728.04004	25.87632	759.0095	681.7158	1000.0	1000.0	503999	57.19777	24.510593	90.46112	0.47957897	-57.3494	0.5149796	8912.69089126587
127	669.9292	31.235752	718.9595	640.57965	700.114	32.637722	737.3041	622.8196	1000.0	1000.0	507999	57.415337	24.465225	91.36016	1.2919765	-57.560284	0.49654815	8985.726771354675
128	643.33514	28.481274	678.776	602.5418	708.9351	18.482248	737.1744	679.1027	1000.0	1000.0	511999	57.37447	24.589798	91.44015	2.7426438	-57.51467	0.5059418	9058.891533136368
129	676.5277	25.067091	697.19763	633.64246	657.87616	75.1713	717.1401	442.5248	1000.0	1000.0	515999	57.667664	24.427027	92.19527	0.45964718	-57.817932	0.47642317	9131.993628025055
130	632.4358	87.16544	709.4295	497.10257	639.68427	139.233	780.49225	284.82806	1000.0	1000.0	519999	57.79977	24.418564	91.71828	0.21348476	-57.943405	0.48711982	9204.970940351486
131	711.86096	8.988	725.68414	703.6873	699.2862	17.364294	732.81476	672.7696	1000.0	1000.0	523999	57.81244	24.56491	91.58339	-2.274109	-57.954018	0.538201	9278.321051120758
132	663.5691	45.737274	742.54846	631.48615	675.12506	10.731177	691.2869	652.54584	1000.0	1000.0	527999	57.93352	24.633335	91.73558	2.1376548	-58.07178	0.51682264	9351.493070602417
133	563.5703	242.6042	740.9869	145.32169	749.4553	27.539465	783.2596	697.396	1000.0	1000.0	531999	58.10563	24.638678	91.89178	4.1150827	-58.247086	0.511926	9424.527460098267
134	654.77136	27.421518	690.89996	623.7571	589.34955	134.34224	760.1851	341.65796	1000.0	1000.0	535999	58.184395	24.605846	91.902435	4.9391236	-58.328663	0.5082786	9497.736607551575
135	535.66315	163.72163	664.77765	259.95163	518.7518	191.11728	706.465	144.5342	1000.0	1000.0	539999	58.34061	24.636156	92.31505	4.94081	-58.480824	0.5045875	9570.896273374557
136	662.91614	34.62968	704.0094	611.8061	712.2843	17.621788	742.2944	681.46826	1000.0	1000.0	543999	58.314346	24.748672	91.96982	4.973064	-58.4553	0.4958717	9643.973034620285
137	624.4691	79.86769	699.5925	493.33984	683.93225	17.456934	713.26996	658.9625	1000.0	1000.0	547999	58.509995	24.694515	91.97449	4.385687	-58.646023	0.47133365	9717.101067066193
138	636.78375	75.40136	698.8967	510.721	767.4064	28.439331	805.96674	703.67975	1000.0	1000.0	551999	58.57819	24.760828	91.8866	2.431017	-58.71658	0.5077229	9790.414609670639
139	725.0243	29.68793	760.6303	679.8153	718.1354	61.20855	766.70953	542.7722	1000.0	1000.0	555999	58.885956	24.693254	92.17016	1.6638527	-59.029034	0.52626485	9863.957204341888
140	586.0011	205.71828	728.5931	231.09644	688.41345	25.924294	722.11096	655.2434	1000.0	1000.0	559999	59.000755	24.666302	91.75749	2.4962254	-59.141247	0.50795805	9937.237425088882
141	645.4767	42.937794	704.2873	601.77673	666.59875	79.39887	744.51575	480.40167	1000.0	1000.0	563999	59.14513	24.71061	92.63294	4.165873	-59.282825	0.50046444	10010.54736161232
142	605.68646	83.6899	674.53204	463.20575	623.2824	181.28621	793.7571	225.37769	1000.0	1000.0	567999	59.26197	24.697569	93.74803	3.608502	-59.40121	0.54637575	10083.975554227829
143	587.35724	158.0583	709.15405	318.17664	686.72864	45.916794	749.40753	588.1912	1000.0	1000.0	571999	59.164566	24.824657	93.25158	3.0139585	-59.293514	0.52666116	10157.296264886856
144	670.9993	22.716335	692.0663	633.7912	652.09534	120.81115	732.6759	295.98795	1000.0	1000.0	575999	59.199146	24.900764	93.21154	4.5644355	-59.334583	0.526531	10230.777552366257
145	582.71594	84.1084	670.18823	468.6816	700.0855	44.727	751.8892	614.3365	1000.0	1000.0	579999	59.35348	24.909204	92.9784	2.0787191	-59.4895	0.5453002	10304.357238769531
146	711.1091	30.551586	747.6047	679.3769	645.2092	185.80618	805.53546	291.23566	1000.0	1000.0	583999	59.515224	24.968805	93.67282	2.2391105	-59.65581	0.5552324	10377.86152267456
147	708.96436	27.48826	750.62976	675.5057	732.25635	26.242672	767.54236	691.331	1000.0	1000.0	587999	59.785915	24.8968	94.64971	3.72664	-59.9256	0.57123554	10450.992089509964
148	566.64026	192.347	718.2228	238.92741	686.52466	44.332973	758.05756	614.60956	1000.0	1000.0	591999	59.801056	24.873184	94.36622	1.7905183	-59.94107	0.56121415	10524.339751005173
149	575.0244	150.90985	717.6045	328.28937	709.2377	15.151434	733.2148	675.6001	1000.0	1000.0	595999	60.001507	24.814102	93.684525	2.7968717	-60.14357	0.54553556	10597.618909358978
150	545.99164	184.14655	755.9938	349.7789	671.3007	148.21417	782.9388	324.89423	1000.0	1000.0	599999	60.211876	24.75137	94.03711	5.016432	-60.35388	0.5171877	10671.2071454525
151	555.25433	119.387215	688.3638	411.80618	709.67267	23.456146	735.5327	657.31744	1000.0	1000.0	603999	60.22215	24.779419	94.90703	4.6478796	-60.36217	0.56268704	10744.73317527771
152	647.25977	37.157738	686.5081	586.4045	680.6751	58.89884	747.2406	528.3852	1000.0	1000.0	607999	60.251255	24.690447	94.472496	4.2857356	-60.389687	0.5199209	10818.162759780884
153	579.1265	133.1374	707.0038	378.92694	184.40816	80.765396	385.61624	110.31616	1000.0	1000.0	611999	60.381874	24.605505	94.309235	4.338828	-60.515675	0.5771589	10891.373199224472
154	448.60452	159.29584	678.35425	290.24954	635.3546	208.46484	788.30536	194.83229	1000.0	1000.0	615999	60.152725	24.777752	93.55015	4.1983986	-60.286438	0.53977555	10964.812978982925
155	459.05048	168.0901	659.03845	259.0018	674.3438	12.784217	689.965	648.92804	1000.0	1000.0	619999	60.205555	24.789217	94.550835	3.570658	-60.332546	0.54741067	11038.180670261383
156	582.3723	199.1766	742.9132	245.5828	705.3319	23.716593	746.58704	655.2133	1000.0	1000.0	623999	60.056175	24.79509	94.07255	3.6741333	-60.183834	0.5640501	11111.623096942902
157	685.693	58.200428	730.08966	586.45544	720.59576	30.12605	758.5824	656.4575	1000.0	1000.0	627999	60.034424	24.746897	94.029976	2.4594038	-60.161003	0.5103193	11185.25827741623
158	655.3511	32.900803	697.0706	604.8785	702.5709	27.918432	741.1587	639.6606	1000.0	1000.0	631999	60.02166	24.732592	93.52182	4.78495	-60.151928	0.53319836	11258.887922048569
159	643.5132	64.907295	728.05383	545.46484	569.8331	199.26884	770.1603	111.847336	1000.0	1000.0	635999	60.198875	24.590723	94.30187	4.7658234	-60.32994	0.5227726	11332.35442686081
160	676.5615	30.637691	707.636	626.3704	612.49963	160.57458	773.6948	260.83823	1000.0	1000.0	639999	60.2761	24.570599	93.75743	4.5667253	-60.405346	0.5239531	11405.700011968613
161	703.62915	11.035427	715.3898	688.7377	710.21906	33.405136	759.04974	665.09625	1000.0	1000.0	643999	60.37213	24.5022	94.14399	5.0690737	-60.502476	0.5459407	11479.113913059235
162	641.6443	118.46019	733.7452	438.34555	616.2438	128.05188	765.73987	368.67487	1000.0	1000.0	647999	60.48188	24.468445	93.58255	5.0600657	-60.612984	0.53078073	11552.706450223923
163	392.60614	167.80621	666.97296	232.97704	723.28516	126.88033	821.8165	375.08444	1000.0	1000.0	651999	60.442715	24.645342	93.11868	4.170039	-60.57289	0.5517562	11626.122936487198
164	646.5558	117.827545	751.7923	447.86493	712.4076	38.793434	786.83563	648.8489	1000.0	1000.0	655999	60.4833	24.73933	93.50705	4.380178	-60.609577	0.5538905	11699.79218840599
165	664.0098	35.296623	689.63165	603.1454	557.5734	172.66922	743.6937	235.18022	1000.0	1000.0	659999	60.55423	24.686459	93.909805	4.3416457	-60.688217	0.5565345	11773.192449331284
166	634.4341	69.434975	726.4492	531.5313	637.41406	128.1379	757.4751	365.73666	1000.0	1000.0	663999	60.69003	24.578356	93.395584	5.027268	-60.817383	0.56601524	11846.382984638214
167	549.9342	170.33813	690.0138	258.51498	692.914	91.21033	770.15015	441.3848	1000.0	1000.0	667999	60.828285	24.526247	94.127716	5.0208883	-60.960377	0.5505443	11919.806855201721
168	709.8502	21.831154	741.6084	681.78827	696.3573	37.78011	741.32996	615.4113	1000.0	1000.0	671999	60.96735	24.46797	94.334656	5.021696	-61.099186	0.57736	11993.360404968262
169	712.4326	10.901067	724.735	697.8569	673.53284	99.56305	747.27966	380.0598	1000.0	1000.0	675999	61.03232	24.45051	93.92379	5.023182	-61.16896	0.53524035	12066.752402305603
170	680.17175	17.062437	706.47363	660.39215	756.7765	33.530197	824.64075	710.0833	1000.0	1000.0	679999	61.4845	24.222603	94.280106	5.0335608	-61.624798	0.59060264	12140.066879749298
171	697.77045	27.306194	742.69794	669.13885	712.2169	90.63254	784.5485	447.46973	1000.0	1000.0	683999	61.61406	24.101955	94.929375	2.308289	-61.74574	0.5764205	12213.629042387009
172	599.2776	154.96602	698.15375	331.0666	733.74274	39.705746	783.2198	664.1093	1000.0	1000.0	687999	61.690136	24.047783	94.888466	4.4643135	-61.819397	0.5928254	12287.257139921188
173	714.4212	15.673991	733.86035	692.60724	717.3924	110.17358	805.6217	401.3223	1000.0	1000.0	691999	61.72526	24.084925	94.30656	3.5741205	-61.85022	0.5913388	12361.017710208893
174	713.11554	35.186462	762.0308	675.1502	569.81433	179.4239	733.42114	247.35889	1000.0	1000.0	695999	61.76239	24.132868	95.32369	5.1039815	-61.893177	0.5765906	12434.554061174393
175	610.27374	155.42076	738.82336	347.0132	703.71783	53.909237	752.6327	557.2624	1000.0	1000.0	699999	61.95241	24.074137	95.66177	5.116959	-62.084602	0.59381896	12507.869938373566
176	684.14496	44.461254	731.6136	611.7671	772.0121	20.134361	798.0293	730.6274	1000.0	1000.0	703999	62.139175	23.971272	94.81474	4.8132153	-62.273094	0.6123961	12581.6070394516
177	645.6296	114.85	734.8116	449.46106	685.98694	28.15158	724.4896	623.73517	1000.0	1000.0	707999	62.375244	23.671017	94.24219	5.148883	-62.511013	0.60061145	12654.913693189621
178	686.58826	18.459166	717.94226	671.76746	731.21405	13.012631	756.101	711.36066	1000.0	1000.0	711999	62.438694	23.629446	94.22859	5.1686645	-62.570797	0.60609144	12728.63243985176
179	721.16425	30.164686	751.5822	672.3133	703.44727	12.976029	729.2281	686.04724	1000.0	1000.0	715999	62.65295	23.47255	94.268875	4.6647587	-62.78602	0.55827194	12802.07781291008
180	706.4763	32.398827	758.1792	671.9852	663.81055	137.78055	754.6678	266.2942	1000.0	1000.0	719999	62.82407	23.308798	94.6767	5.1896915	-62.95894	0.5639658	12875.24500489235
181	642.2635	61.13559	710.19653	565.9974	684.3939	141.60806	800.2203	329.52267	1000.0	1000.0	723999	62.886024	23.28353	94.81444	5.2073407	-63.019726	0.53368276	12948.72094154358
182	535.3795	240.03787	751.3995	143.99385	669.0355	149.7482	764.7442	232.53345	1000.0	1000.0	727999	63.064545	23.174307	94.55457	4.908621	-63.19245	0.5530482	13022.48567700386
183	631.8565	109.92948	729.77106	447.13266	718.1457	51.232994	800.93616	595.44055	1000.0	1000.0	731999	62.94555	23.426157	94.82155	4.0031223	-63.06862	0.52676624	13096.05885052681
184	698.74634	23.218208	735.12744	672.08307	642.25256	128.75441	750.0126	314.51978	1000.0	1000.0	735999	63.012375	23.511564	94.97728	3.406069	-63.146866	0.55765516	13169.757148742676
185	626.8307	108.161804	724.9824	446.16135	701.8126	36.956993	755.7554	608.93695	1000.0	1000.0	739999	63.209114	23.462976	94.9674	5.4018292	-63.33886	0.5526829	13243.63572382927
186	563.00195	104.38045	677.377	451.51727	620.7276	190.43161	774.9459	73.84082	1000.0	1000.0	743999	63.287827	23.459839	94.8883	5.842061	-63.414562	0.54990816	13317.190764665604
187	527.4042	270.60577	706.62115	59.69416	566.3383	188.42345	748.4021	213.36551	1000.0	1000.0	747999	63.22296	23.56921	95.08529	5.9852896	-63.350327	0.5550696	13390.618562936783
188	682.7716	58.444653	735.95184	589.9391	617.6512	157.40672	749.7281	257.75098	1000.0	1000.0	751999	63.232204	23.779312	94.834015	4.5195093	-63.360764	0.56875473	13464.21433877945
189	527.4924	161.19727	718.52997	353.9726	744.0414	48.543217	818.5694	635.07416	1000.0	1000.0	755999	63.260975	23.896824	94.82027	5.7301254	-63.389267	0.5478667	13537.728385448456
190	738.49677	21.291147	767.1743	709.86847	336.12552	192.99353	734.0917	131.62978	1000.0	1000.0	759999	63.25987	24.054897	94.96867	4.4799304	-63.38747	0.53647405	13611.224848985672
191	664.511	84.50523	731.36694	522.0984	680.72394	155.98448	836.53674	256.30737	1000.0	1000.0	763999	63.261646	24.24147	95.40033	5.3561096	-63.38576	0.5731632	13684.574203014374
192	566.9322	216.02718	732.80005	199.50494	466.435	132.11882	647.5578	180.64406	1000.0	1000.0	767999	63.24741	24.343378	94.83007	5.373784	-63.365925	0.541265	13758.141464233398
193	612.4448	192.32835	732.3366	279.61725	606.03796	162.41862	823.88007	365.59378	1000.0	1000.0	771999	63.26127	24.44802	95.31749	5.391165	-63.383865	0.5358038	13831.859257221222
194	716.55566	24.794775	739.92365	679.13196	672.9042	100.121056	796.57367	443.55737	1000.0	1000.0	775999	63.27521	24.61068	95.20321	4.95984	-63.397316	0.5426179	13905.466100215912
195	679.8357	54.799515	766.212	618.01166	684.13025	11.222865	706.575	672.6736	1000.0	1000.0	779999	63.345135	24.66268	95.4836	3.411089	-63.474117	0.5346299	13979.03006029129
196	666.8502	100.478165	740.36426	493.64627	668.8702	46.739582	737.11926	574.31	1000.0	1000.0	783999	63.432564	24.696451	95.37266	5.419538	-63.55447	0.5316902	14052.59812116623
197	590.30634	158.69472	744.6434	329.9113	735.5609	34.97349	776.7549	666.2713	1000.0	1000.0	787999	63.43223	24.81719	95.39244	5.071079	-63.552082	0.5496588	14126.356934547424
198	584.4334	147.91913	735.57916	405.29434	372.5055	167.28267	680.2562	174.70781	1000.0	1000.0	791999	63.279415	24.929186	95.50516	4.0856514	-63.399086	0.5928375	14199.789316177368
199	600.86633	233.30244	762.2455	198.40193	754.27124	48.400864	819.21875	648.4136	1000.0	1000.0	795999	63.261684	24.955025	97.09718	4.4523196	-63.382492	0.5782203	14273.4534137249
200	768.5087	5.785473	774.7102	762.6677	753.4781	87.59688	832.68036	513.8333	1000.0	1000.0	799999	63.342396	25.01527	97.35782	5.4157643	-63.461662	0.5823704	14347.16203904152
201	541.2064	251.69199	747.59644	114.56136	300.44278	139.14581	578.0934	114.193085	1000.0	1000.0	803999	63.502735	24.982962	98.347374	3.5347729	-63.62433	0.5637893	14420.617701530457
202	545.1184	223.82541	783.8004	251.39569	790.4077	32.743084	865.17224	744.5068	1000.0	1000.0	807999	63.503593	24.977108	99.1511	5.0773535	-63.624966	0.5508084	14494.199846506119
203	603.7935	228.41968	757.8754	210.30315	698.813	46.512054	761.36237	611.5337	1000.0	1000.0	811999	63.34284	25.111198	98.71218	5.385496	-63.456936	0.5768863	14567.611290931702
204	730.1932	44.53738	784.6024	665.11255	702.2363	99.56995	808.4647	504.4969	1000.0	1000.0	815999	63.404816	25.134495	99.14224	5.3737335	-63.52521	0.55644155	14640.909507989883
205	623.25	191.40343	763.7976	295.51974	271.70004	141.28195	511.68134	65.82083	1000.0	1000.0	819999	63.479916	25.181	100.02457	5.3561587	-63.594604	0.5668582	14714.604864120483
206	668.4771	114.62397	785.61975	479.36426	533.9047	221.66855	792.1004	270.88004	1000.0	1000.0	823999	63.48431	25.247355	99.67099	5.3441133	-63.60301	0.57621616	14788.638976812363
207	612.65906	160.1585	722.8747	336.0441	762.914	23.497572	814.71735	730.3658	1000.0	1000.0	827999	63.681404	25.204578	98.56169	4.15651	-63.802	0.5769206	14862.29938840866
208	669.9397	32.086563	716.88635	632.44006	631.48987	140.54077	732.70105	253.30258	1000.0	1000.0	831999	63.65949	25.17841	98.93479	4.3000154	-63.77354	0.5946255	14935.831859827042
209	726.22766	38.271973	772.6811	672.9014	661.5309	119.061325	730.6974	311.37665	1000.0	1000.0	835999	63.72162	25.127703	98.943756	5.310689	-63.839336	0.6108224	15009.860561847687
210	700.478	23.696081	737.8484	678.3036	688.0167	66.97823	765.58514	525.99084	1000.0	1000.0	839999	63.891525	25.06781	99.47844	5.3056417	-64.011696	0.5949923	15083.842797279358
211	610.8762	130.48361	711.1788	387.39316	554.928	185.94957	745.2342	262.21906	1000.0	1000.0	843999	63.96129	25.08587	101.38916	5.015613	-64.07872	0.6052657	15157.98657989502
212	747.62836	17.272654	767.90753	727.32526	745.5023	27.48186	785.465	686.5424	1000.0	1000.0	847999	64.02283	25.061142	99.13282	4.525011	-64.14121	0.5964348	15231.808276891708
213	539.541	266.15714	732.1521	82.67817	516.34143	174.26248	700.46173	115.39094	1000.0	1000.0	851999	64.05296	25.046978	99.36767	4.9421873	-64.16948	0.56868845	15305.46688747406
214	646.9175	54.270435	696.4525	555.7191	736.9683	29.39398	804.7716	698.1797	1000.0	1000.0	855999	64.03566	25.029316	99.745056	5.2847095	-64.15606	0.6401754	15378.931751728058
215	727.35345	12.590381	744.9907	709.4792	630.61786	192.24002	753.0578	183.39296	1000.0	1000.0	859999	64.24581	24.972076	101.28933	5.2840466	-64.3676	0.5997769	15452.778004646301
216	736.4851	25.370434	762.9079	694.8719	767.6036	32.173492	822.9338	703.1252	1000.0	1000.0	863999	64.273384	25.02032	100.20766	5.2823997	-64.39057	0.63346153	15526.322948932648
217	574.7359	212.61105	746.97424	210.6483	518.0055	199.01445	746.47974	215.29675	1000.0	1000.0	867999	64.3426	25.052454	99.79954	5.2776575	-64.459885	0.5965581	15599.717405319214
218	635.656	168.9913	767.9154	345.96295	643.2728	158.25673	766.4613	323.1824	1000.0	1000.0	871999	64.545784	24.986988	99.897675	5.2744403	-64.66952	0.58763427	15673.352078914642
219	644.89716	92.75954	733.1449	488.90894	620.25903	142.11752	830.99695	409.90564	1000.0	1000.0	875999	64.64623	25.086487	100.7461	5.26858	-64.771225	0.5904431	15746.79409456253
220	660.8529	145.43573	754.50635	409.16684	720.1994	113.60037	806.9245	393.00272	1000.0	1000.0	879999	64.78703	25.100183	100.376915	5.2625837	-64.911285	0.5924622	15820.159554958344
221	763.1713	33.927296	801.8357	717.79486	690.94025	88.48748	744.23016	431.47003	1000.0	1000.0	883999	64.9299	25.002815	100.57561	5.2638416	-65.04734	0.5837421	15893.738756418228
222	733.8532	23.189022	753.9915	694.8343	471.21265	196.15253	690.9485	217.16493	1000.0	1000.0	887999	65.07634	25.066195	100.836464	5.2708106	-65.19782	0.5945098	15967.587411880493
223	687.21796	22.44826	715.8304	661.8331	690.49255	84.75618	792.85034	460.5015	1000.0	1000.0	891999	65.239845	25.06675	100.806984	5.2622094	-65.35991	0.60282314	16041.688182115555
224	692.90405	19.785372	721.9256	670.3263	705.60315	77.13131	789.6882	496.9684	1000.0	1000.0	895999	65.25443	25.044773	100.32177	5.2579784	-65.37141	0.62283105	16115.775833129883
225	587.7136	176.9661	729.6108	284.4334	631.46466	155.1152	755.70544	280.23108	1000.0	1000.0	899999	65.29236	25.070704	101.03645	5.256819	-65.41205	0.5897344	16189.72898221016
226	513.808	192.78828	728.60626	216.17607	655.33594	168.22672	736.8494	151.86209	1000.0	1000.0	903999	65.37026	25.00331	101.20958	5.2588134	-65.491066	0.5819806	16263.858258724213
227	713.43744	25.121166	739.99255	682.86975	673.22284	103.39546	777.9973	465.9435	1000.0	1000.0	907999	65.39416	25.03725	100.27122	5.2727466	-65.516975	0.58688784	16338.00656414032
228	657.6675	67.19654	748.14276	567.35986	735.5964	28.557552	774.15753	686.9168	1000.0	1000.0	911999	65.38176	25.092594	101.427414	5.2960014	-65.49545	0.56761533	16412.06864786148
229	703.3156	37.91411	758.4619	665.7852	329.23853	223.10594	706.99384	83.12975	1000.0	1000.0	915999	65.373314	24.952484	100.10241	5.317656	-65.49066	0.5801582	16485.832309246063
230	619.2815	213.19919	777.7397	253.00842	694.8815	132.05359	787.4676	308.3603	1000.0	1000.0	919999	65.49059	24.965294	100.49821	2.4645705	-65.61048	0.56678146	16559.430426120758
231	708.20593	27.253788	742.354	667.664	506.93008	262.23083	774.0159	112.03096	1000.0	1000.0	923999	65.52563	24.921158	100.90021	5.3488283	-65.64525	0.57251036	16633.598004579544
232	522.7649	45.736774	585.4801	458.6385	760.74976	34.263866	813.5862	703.56866	1000.0	1000.0	927999	65.53223	25.039185	100.92925	5.360857	-65.65027	0.5805863	16707.879447221756
233	703.0977	53.09915	770.8227	637.31805	758.0955	32.863132	822.24634	703.0214	1000.0	1000.0	931999	65.665764	24.911263	101.04799	5.3698373	-65.78457	0.6181494	16781.760372638702
234	713.6776	29.45808	756.90967	674.52924	686.78284	102.5355	821.286	483.733	1000.0	1000.0	935999	65.71236	24.873493	100.16804	5.379739	-65.83444	0.61182964	16855.609724998474
235	598.08856	132.4245	761.0837	459.4471	713.85364	24.932825	769.95557	667.08075	1000.0	1000.0	939999	65.80433	24.805508	100.74519	5.3968368	-65.92453	0.6003567	16929.79313492775
236	596.5708	202.33704	768.637	263.02905	733.6525	82.301414	799.7115	506.96448	1000.0	1000.0	943999	65.7695	24.796366	100.983284	5.4200115	-65.887825	0.60101014	17004.284221172333
237	640.3162	148.69899	755.50775	389.03558	540.4567	195.04944	845.6319	98.40329	1000.0	1000.0	947999	65.87968	24.797237	100.87839	5.4413524	-66.0003	0.60015506	17078.56644010544
238	592.0973	108.134995	714.02637	432.7315	581.453	209.94235	803.6501	196.96494	1000.0	1000.0	951999	65.8762	24.81115	100.84542	5.463156	-65.99503	0.59167445	17152.674782037735
239	533.1693	156.81807	710.94086	359.61426	660.10504	132.7246	811.4645	425.58823	1000.0	1000.0	955999	65.877716	24.785883	100.50949	5.4824185	-65.99488	0.63885945	17226.736708164215
240	630.2123	38.879597	663.709	568.7668	685.3031	41.98905	740.6068	587.76526	1000.0	1000.0	959999	65.96431	24.689865	101.20901	5.483348	-66.08327	0.62175965	17300.673765420914
241	501.66095	207.52124	743.14026	254.38383	603.7505	148.04971	754.9045	309.40237	1000.0	1000.0	963999	66.03947	24.611576	101.32774	5.482978	-66.161705	0.6219908	17374.261613368988
242	674.6612	24.820562	699.6168	635.86523	694.1959	107.53026	796.79114	401.89764	1000.0	1000.0	967999	65.94754	24.647472	100.30206	5.4835052	-66.06733	0.5994854	17447.55381679535
243	743.4769	15.543439	761.2415	719.2779	700.9992	64.74422	786.7501	543.6694	1000.0	1000.0	971999	65.94118	24.541613	100.18953	5.4968944	-66.05378	0.6521696	17521.272908449173
244	727.1848	52.27327	782.4448	644.1954	702.37573	35.023125	744.16003	652.0033	1000.0	1000.0	975999	65.84858	24.532383	101.08115	5.5039167	-65.962425	0.6189994	17595.018277168274
245	697.6235	38.39541	762.31726	661.8484	323.71396	125.67958	566.7756	105.00363	1000.0	1000.0	979999	65.95902	24.519634	100.42149	5.509645	-66.06802	0.5929369	17669.126775979996
246	730.0619	31.66369	768.3091	680.3113	731.2528	67.96265	791.9578	543.2656	1000.0	1000.0	983999	65.85714	24.607754	100.71074	5.516236	-65.96805	0.59518456	17743.172517299652
247	727.8485	19.186306	753.4586	707.1108	726.9054	76.76084	785.91473	517.7876	1000.0	1000.0	987999	65.99751	24.628798	100.47746	5.1444383	-66.11399	0.6395512	17817.166098833084
248	650.9828	207.22884	809.2082	294.67538	674.0457	184.5264	797.469	301.40216	1000.0	1000.0	991999	65.96813	24.589518	100.724884	4.5992703	-66.0844	0.6158385	17890.759221553802
249	729.2992	41.95376	775.3888	664.5002	503.26367	236.69568	761.15234	158.59119	1000.0	1000.0	995999	66.120834	24.420752	100.63744	5.5400314	-66.23287	0.57939553	17964.362924575806
250	601.7902	168.73537	797.5985	417.5924	730.10156	35.23891	798.4032	669.9827	1000.0	1000.0	999999	66.06788	24.422098	100.12709	5.5432277	-66.18458	0.60177785	18037.88720703125
251	457.85352	253.51825	717.681	164.24628	660.729	50.289085	710.6576	531.35516	1000.0	1000.0	1003999	66.20339	24.45635	100.00448	5.549578	-66.31773	0.6544935	18111.652653217316
252	608.8064	138.14978	755.14197	381.7842	620.2958	221.23495	870.5497	208.03835	1000.0	1000.0	1007999	66.253	24.429773	100.66849	5.547306	-66.36324	0.6011414	18185.65168118477
253	713.6104	13.047562	733.5281	696.92267	637.44	110.76053	743.4963	332.5298	1000.0	1000.0	1011999	66.37584	24.310055	100.35253	5.5474563	-66.485405	0.59969497	18259.924417972565
254	564.77313	144.96101	696.0793	319.73422	542.31256	231.91699	821.9059	191.66592	1000.0	1000.0	1015999	66.46376	24.237534	101.18147	5.550293	-66.57211	0.5766206	18333.975385665894
255	686.7621	47.13683	755.124	624.1792	624.3977	173.61084	826.93256	319.4577	1000.0	1000.0	1019999	66.60041	24.334358	99.79331	5.543924	-66.71133	0.60238725	18407.99539256096
256	734.602	20.789814	767.9459	715.70386	725.24023	33.864075	764.8198	658.8966	1000.0	1000.0	1023999	66.84093	24.320494	100.449974	5.5366063	-66.947815	0.6125288	18481.511949062347
257	584.0561	124.70686	707.62244	376.37952	721.29803	85.494545	799.874	501.6084	1000.0	1000.0	1027999	66.965004	24.397375	100.58187	5.5312676	-67.07188	0.60491097	18555.335472106934
258	733.59955	38.304146	767.9969	670.0303	733.3827	36.34558	799.0597	667.52045	1000.0	1000.0	1031999	67.25836	24.326786	100.48589	5.5298314	-67.36555	0.58532166	18628.861153125763
259	385.58505	234.28966	685.4996	141.29068	582.14197	210.53505	753.8843	60.74808	1000.0	1000.0	1035999	67.3523	24.407127	100.71574	5.5320516	-67.45453	0.60304934	18702.450091362
260	699.4713	30.148445	748.51514	666.79535	607.67053	149.65213	749.0249	322.42917	1000.0	1000.0	1039999	67.4313	24.413675	100.60504	5.53497	-67.53241	0.65765893	18776.480833530426
261	675.4554	48.161552	738.69116	625.18524	562.59973	212.19235	803.0635	271.54358	1000.0	1000.0	1043999	67.63624	24.297804	100.824265	5.5312915	-67.73488	0.6565095	18850.529844522476
262	482.92865	133.80386	676.84796	305.75256	722.13855	20.074116	764.2565	696.42316	1000.0	1000.0	1047999	67.68706	24.30789	100.6269	5.5337563	-67.78408	0.6317356	18924.83221244812
263	580.0761	257.90875	738.15247	133.61943	636.4158	155.1999	767.7375	373.67432	1000.0	1000.0	1051999	67.83626	24.246387	101.13176	5.536315	-67.93481	0.60767704	18998.627432346344
264	653.3031	166.48341	790.6407	369.8711	651.4578	171.80095	820.5344	300.70258	1000.0	1000.0	1055999	67.9905	24.138813	100.27777	5.5434737	-68.089905	0.65388465	19072.804542541504
265	604.66364	204.70425	738.8677	250.79575	707.77545	101.133965	798.14984	480.6854	1000.0	1000.0	1059999	68.1739	24.048431	101.00999	5.549414	-68.26762	0.6326902	19146.809299230576
266	605.73236	240.57457	778.1496	193.03079	722.0397	13.516555	748.6129	700.5437	1000.0	1000.0	1063999	68.26845	24.02004	100.79328	5.5550675	-68.36386	0.6342991	19220.658926010132
267	585.60046	164.65292	706.45154	301.99805	604.8081	173.64813	805.6233	216.74887	1000.0	1000.0	1067999	68.44189	23.940174	101.032524	5.5513206	-68.53736	0.66349417	19294.47945713997
268	594.7733	206.97226	757.64056	244.14864	750.596	29.42168	799.0372	694.4779	1000.0	1000.0	1071999	68.69748	23.934492	101.56195	5.5485673	-68.794556	0.65115976	19368.430132627487
269	634.3524	97.249985	725.75824	476.19156	562.8336	183.26358	783.7327	132.95815	1000.0	1000.0	1075999	68.92442	23.889057	101.13843	5.5510507	-69.02241	0.651228	19442.778280496597
270	659.89886	82.42686	717.7066	517.5549	511.34302	184.16878	764.1671	257.96872	1000.0	1000.0	1079999	69.141464	23.632305	100.76331	5.5543823	-69.23665	0.62501025	19516.8917222023
271	558.37805	269.05527	754.6991	96.68546	700.4338	145.63823	801.97986	280.2288	1000.0	1000.0	1083999	69.32806	23.608154	101.66564	5.561365	-69.42617	0.6645457	19591.32723903656
272	708.98645	38.220684	762.562	667.3922	703.63416	51.63053	770.7339	580.9871	1000.0	1000.0	1087999	69.58723	23.503496	101.18665	5.57389	-69.68364	0.612254	19665.57976746559
273	744.3003	40.31188	807.16315	696.88025	798.697	43.59218	855.3176	719.2068	1000.0	1000.0	1091999	69.73952	23.27987	100.142136	5.5876684	-69.82917	0.6054252	19739.650571346283
274	710.3012	40.163483	751.1351	649.8458	448.00262	163.86935	682.03766	149.93643	1000.0	1000.0	1095999	69.877975	23.118553	100.67578	5.017687	-69.9685	0.62069803	19814.132372140884
275	733.3787	26.259878	777.9851	712.1199	778.8837	40.04984	850.60077	691.21594	1000.0	1000.0	1099999	70.03689	23.038351	103.86329	1.3283324	-70.13072	0.60227114	19888.441935777664
276	464.59302	174.07256	640.06323	193.16881	778.78625	21.740528	818.1679	753.03894	1000.0	1000.0	1103999	70.20322	22.969484	104.43426	5.6318493	-70.29254	0.61984694	19963.18812894821
277	697.70355	89.642845	780.63605	551.34393	764.45447	54.522194	862.13043	685.2143	1000.0	1000.0	1107999	70.3247	22.962778	104.05872	5.0375094	-70.415085	0.58454734	20037.79306459427
278	568.96423	142.07158	705.3786	332.07675	358.84918	217.783	700.208	60.639027	1000.0	1000.0	1111999	70.49492	22.943632	104.27268	5.6325283	-70.58642	0.59290713	20112.503957509995
279	532.5207	209.20427	674.5545	173.02104	677.8445	142.13763	839.9001	348.3767	1000.0	1000.0	1115999	70.67345	22.929983	104.78644	4.836014	-70.76415	0.590652	20187.19971704483
280	551.9693	196.4127	733.6897	224.09962	393.79672	213.82503	760.2497	114.82341	1000.0	1000.0	1119999	70.7748	23.068945	105.52253	5.630866	-70.86574	0.59291464	20261.859803915024
281	633.8622	28.289083	678.3634	599.9235	734.50195	71.9173	794.6203	527.38837	1000.0	1000.0	1123999	71.01824	23.000677	105.875946	5.6309595	-71.11109	0.63798237	20336.76957964897
282	716.2029	34.187305	761.05676	664.8699	663.58875	82.50553	725.5216	437.6138	1000.0	1000.0	1127999	71.20852	22.900375	104.62229	5.6365876	-71.30162	0.623279	20411.75258398056
283	637.01306	56.016186	720.9671	581.3551	704.6348	108.15157	774.694	385.82733	1000.0	1000.0	1131999	71.39099	22.822563	105.305214	4.680126	-71.48496	0.59215915	20486.209143400192
284	610.3767	133.60619	733.53186	413.07916	352.51593	169.54948	615.2435	154.30638	1000.0	1000.0	1135999	71.53465	22.820393	105.4354	4.9633603	-71.62409	0.59056395	20561.116567134857
285	576.6012	211.84431	752.0409	225.34204	646.4214	153.3391	803.5222	206.5407	1000.0	1000.0	1139999	71.50095	22.805815	105.416725	5.654419	-71.58726	0.637332	20635.710085630417
286	678.22614	29.931839	710.72327	645.124	671.3225	59.33379	719.89874	499.6558	1000.0	1000.0	1143999	71.68891	22.687904	104.75362	5.6625686	-71.77677	0.6323258	20710.76359796524
287	656.2889	138.6491	773.22577	426.81244	644.42346	62.939342	711.07324	484.0084	1000.0	1000.0	1147999	71.79936	22.70305	105.10398	5.6703353	-71.89078	0.6055841	20785.67026615143
288	666.6337	45.211758	704.3006	593.4792	600.69415	81.79814	750.4099	449.6328	1000.0	1000.0	1151999	71.85238	22.828802	105.14474	4.260421	-71.94192	0.5882482	20860.442507982254
289	687.38776	50.913555	742.6001	614.9431	656.8322	122.56226	774.13794	407.51688	1000.0	1000.0	1155999	72.010056	22.80895	105.27429	5.6670623	-72.09686	0.571219	20935.23367381096
290	529.0977	216.21231	670.226	155.4506	463.23334	239.31206	756.5687	77.80917	1000.0	1000.0	1159999	71.93905	23.045015	105.25821	5.4202685	-72.028206	0.5958846	21010.23468399048
291	515.3258	248.54881	761.27594	109.96923	626.26105	173.18283	744.72925	119.71323	1000.0	1000.0	1163999	71.99653	23.11053	104.97063	5.641886	-72.07985	0.60328394	21085.27015709877
292	608.39197	85.59169	697.16925	468.60614	626.21643	171.32344	829.0381	248.68243	1000.0	1000.0	1167999	71.976845	23.216228	105.22115	5.6297255	-72.060234	0.58042115	21160.432903289795
293	701.18207	40.635498	741.3718	634.2576	593.33716	198.13	786.3486	60.785164	1000.0	1000.0	1171999	71.974785	23.249207	105.83786	5.6052613	-72.05474	0.61435866	21235.670674800873
294	545.48126	269.91925	739.9313	81.15902	760.3406	22.17396	797.45245	731.21216	1000.0	1000.0	1175999	72.00805	23.278572	105.96622	5.5782723	-72.09122	0.63077146	21311.146629333496
295	709.7659	71.58423	829.16943	639.668	672.7623	123.24628	843.0295	391.6039	1000.0	1000.0	1179999	72.08772	23.286016	105.67136	5.556969	-72.1735	0.61632	21386.18294787407
296	678.3206	64.460945	751.9015	586.126	775.89764	23.945637	821.4368	745.4883	1000.0	1000.0	1183999	72.18244	23.444803	105.90779	5.3247705	-72.26754	0.6605978	21461.27524781227
297	645.75104	98.91514	738.5711	486.02664	671.38135	127.99842	770.1965	305.51242	1000.0	1000.0	1187999	72.2975	23.422962	106.65353	5.5134516	-72.38041	0.6513393	21536.47540307045
298	623.39215	207.34154	753.56866	264.842	759.5548	63.07378	839.25024	588.22	1000.0	1000.0	1191999	72.30294	23.525795	106.072464	3.6099405	-72.38722	0.6290099	21611.668165445328
299	714.18494	52.917023	799.21967	669.4526	727.36475	78.80819	816.94904	521.1896	1000.0	1000.0	1195999	72.46116	23.574978	105.97329	5.4654922	-72.5468	0.67456645	21687.086215257645
300	596.5935	239.1611	767.15094	183.87856	767.5037	25.943893	811.8585	731.65985	1000.0	1000.0	1199999	72.586426	23.545242	105.970894	2.213186	-72.67099	0.6163209	21762.813121795654
301	519.99536	178.70547	735.76526	243.86378	733.1307	134.01894	821.34503	342.78082	1000.0	1000.0	1203999	72.6361	23.627382	106.31008	1.1769223	-72.72509	0.6854714	21838.040715932846
302	756.84784	21.143244	791.3679	737.44086	753.87195	56.071213	818.65344	651.46844	1000.0	1000.0	1207999	72.775475	23.580011	106.83181	5.4363074	-72.86321	0.69382787	21913.442465543747
303	739.7109	23.566612	763.8001	700.881	732.08734	37.97673	783.8535	681.7787	1000.0	1000.0	1211999	72.79784	23.591408	106.6102	5.4340997	-72.88556	0.7325022	21988.744325876236
304	709.85864	21.076197	741.59863	690.67377	733.95184	33.09481	797.1164	688.3238	1000.0	1000.0	1215999	73.08996	23.512966	106.80761	5.42907	-73.17592	0.64513713	22064.465638399124
305	693.91614	59.58018	757.40607	602.2961	658.5989	175.76964	800.9492	232.96312	1000.0	1000.0	1219999	73.14571	23.521322	106.33344	5.4235926	-73.22955	0.6448457	22139.74329996109
306	717.1145	55.16595	811.1619	670.03186	795.9821	38.584896	848.58844	704.7616	1000.0	1000.0	1223999	73.18011	23.585932	106.81237	5.420007	-73.26375	0.6502568	22214.90246963501
307	686.8799	132.66351	818.4455	474.2928	765.27527	30.433681	830.25726	735.8934	1000.0	1000.0	1227999	73.28453	23.498972	106.88597	5.418887	-73.37327	0.5938047	22290.40121459961
308	577.1626	240.79205	765.09326	164.30597	753.5206	57.164024	830.3036	633.8814	1000.0	1000.0	1231999	73.36797	23.467669	106.16484	5.422513	-73.45858	0.68231755	22365.90854525566
309	631.82904	98.62757	733.3199	472.9922	713.07416	22.558344	754.83875	672.5274	1000.0	1000.0	1235999	73.48691	23.521063	106.4792	5.420131	-73.571686	0.6466613	22441.39206814766
310	680.94977	51.23299	754.91345	632.0054	749.8297	10.397964	761.9822	725.1975	1000.0	1000.0	1239999	73.62363	23.37641	107.0984	5.4086637	-73.711006	0.6458811	22517.045489788055
311	426.48703	185.24654	744.91644	283.22726	728.6098	26.300022	771.98083	692.89105	1000.0	1000.0	1243999	73.59134	23.558573	107.267624	3.4516606	-73.680664	0.63618207	22592.372213840485
312	702.4935	62.633934	805.38824	636.6812	779.05457	36.30694	850.31854	730.0864	1000.0	1000.0	1247999	73.66206	23.57524	107.279076	5.385699	-73.74644	0.60793704	22667.72635793686
313	706.8573	35.245007	755.70544	670.33014	730.567	44.007206	786.2603	617.8675	1000.0	1000.0	1251999	73.68533	23.580534	107.17667	5.372523	-73.76803	0.6131498	22743.128205299377
314	778.73285	19.123922	799.10535	750.7513	672.7012	196.31549	818.051	248.1315	1000.0	1000.0	1255999	73.73639	23.669264	107.204025	5.3598623	-73.82236	0.65152586	22818.840157985687
315	740.6641	29.463615	774.97284	696.7258	524.0765	182.98752	749.42645	103.47693	1000.0	1000.0	1259999	73.80118	23.732025	107.10912	5.3457704	-73.887024	0.6622052	22894.243376016617
316	748.0083	40.408115	813.3573	706.88403	707.68713	33.96882	766.8208	649.09204	1000.0	1000.0	1263999	73.94311	23.567108	107.48098	5.339046	-74.028694	0.6718878	22969.958517551422
317	580.0786	22.384834	603.17535	545.3423	572.7081	198.35393	788.4699	236.70346	1000.0	1000.0	1267999	73.97334	23.578264	107.54336	5.3289547	-74.05539	0.63856775	23045.63267302513
318	632.8641	114.665344	735.1577	438.32953	734.70544	195.41637	878.5508	194.19241	1000.0	1000.0	1271999	74.03525	23.527473	107.05363	5.315067	-74.116936	0.674581	23121.50713801384
319	601.49005	257.34113	800.43085	159.34456	593.1063	253.06334	847.93695	156.66354	1000.0	1000.0	1275999	73.94746	23.692362	107.31909	5.3092756	-74.026825	0.6761287	23197.07716035843
320	551.4308	237.30545	770.3865	151.58832	717.36597	95.95704	829.05914	460.32675	1000.0	1000.0	1279999	73.95673	23.875175	107.05527	5.2902856	-74.04028	0.6681311	23272.402594089508
321	573.9012	240.02032	776.36475	176.40736	690.3154	129.93228	786.8671	309.54608	1000.0	1000.0	1283999	73.98916	24.070148	108.813576	5.2750154	-74.07137	0.67714226	23348.039890289307
322	468.79742	250.5748	717.8777	151.30617	588.8709	221.44916	783.71326	219.0062	1000.0	1000.0	1287999	73.9999	24.25387	108.16429	5.260579	-74.08591	0.7803985	23424.11915922165
323	599.57666	121.32047	697.66486	399.25842	654.92645	166.17377	792.3753	281.36847	1000.0	1000.0	1291999	74.14397	24.321304	108.29562	5.2470737	-74.230354	0.7524784	23499.956985235214
324	605.4996	163.32251	804.4919	350.8874	774.26135	39.637302	826.9248	668.5863	1000.0	1000.0	1295999	74.2846	24.273668	107.54818	0.59760046	-74.37425	0.7154139	23575.84826731682
325	677.5424	94.28585	777.3931	581.0495	681.20197	158.34213	863.7263	361.39316	1000.0	1000.0	1299999	74.38779	24.323214	108.02863	5.220292	-74.4766	0.66884243	23651.49521780014
326	541.7466	270.1177	772.57666	96.59905	635.1364	289.57593	848.408	73.59817	1000.0	1000.0	1303999	74.50329	24.339735	107.82251	2.621706	-74.590195	0.73288095	23727.083869934082
327	761.056	14.4770565	776.38806	737.2405	553.299	189.84285	753.2286	122.62742	1000.0	1000.0	1307999	74.66171	24.304852	108.86253	5.20965	-74.75916	0.75175667	23802.81627202034
328	478.33752	260.3113	729.8238	57.89961	663.6937	173.78859	832.4134	278.93884	1000.0	1000.0	1311999	74.715454	24.43345	108.62411	0.34382534	-74.798325	0.70307904	23878.359589099884
329	744.5045	50.22251	783.3726	658.7314	768.975	201.79962	868.0325	169.67694	1000.0	1000.0	1315999	74.72789	24.47557	109.625404	3.145972	-74.81322	0.71262217	23953.43057203293
330	683.0183	64.21806	761.1097	588.2634	714.6673	160.81393	798.6712	237.50879	1000.0	1000.0	1319999	74.674515	24.660137	108.41201	5.1743073	-74.76167	0.71439886	24026.84814596176
331	720.47754	53.955055	782.3952	642.09625	700.4481	122.04788	869.8422	432.4496	1000.0	1000.0	1323999	74.70647	24.630459	108.44323	5.1634855	-74.7917	0.6866011	24102.32021355629
332	716.9679	108.75908	825.052	541.6003	547.5548	200.77724	717.5832	161.9298	1000.0	1000.0	1327999	74.883446	24.538216	108.556854	5.157921	-74.97	0.70235276	24177.860654592514
333	494.70032	253.97241	748.7366	91.945045	718.2182	176.10712	844.39856	259.10898	1000.0	1000.0	1331999	74.82937	24.604822	108.33397	5.1447334	-74.91424	0.70254904	24253.292542219162
334	544.9794	312.61957	860.12964	140.73358	383.71344	158.21358	657.7093	193.32109	1000.0	1000.0	1335999	74.90194	24.720333	109.20149	5.1401634	-74.99495	0.7672634	24328.896074295044
335	620.5011	240.85742	780.77	204.03236	691.97144	202.68759	845.83264	257.55746	1000.0	1000.0	1339999	75.03759	24.772823	109.26319	5.130735	-75.121185	0.7402352	24404.43415904045
336	741.45013	59.9951	831.42474	672.6201	727.59625	147.3706	876.7686	404.10205	1000.0	1000.0	1343999	74.95734	24.929348	108.45844	4.9427204	-75.043045	0.7494387	24480.360692739487
337	688.27795	127.41291	820.8575	521.4163	579.9109	167.14871	771.7005	318.15295	1000.0	1000.0	1347999	74.997055	25.029997	109.291275	4.640476	-75.08859	0.72634923	24556.04089999199
338	668.9476	21.35751	689.4936	636.63135	716.78906	34.027645	774.9037	662.3544	1000.0	1000.0	1351999	75.07501	25.02692	109.74173	5.103647	-75.15801	0.80326	24631.67278456688
339	641.85425	114.39266	715.3288	444.06012	779.4012	25.802612	815.02155	720.40704	1000.0	1000.0	1355999	74.9797	25.027885	110.38816	2.5648632	-75.065605	0.76719785	24706.999000549316
340	565.1388	166.86134	768.0408	327.74652	719.81696	138.87079	786.60443	304.94556	1000.0	1000.0	1359999	74.9598	24.96866	108.971985	3.606562	-75.04507	0.7405228	24782.59183526039
341	588.66644	271.4321	778.2318	123.08559	667.9375	92.72874	769.48224	524.5471	1000.0	1000.0	1363999	74.91588	25.114859	108.92671	5.091419	-75.00812	0.6678513	24858.37339615822
342	482.49564	304.52795	816.4828	60.85614	683.98987	123.27189	818.394	407.3508	1000.0	1000.0	1367999	75.02355	25.02964	108.43314	4.1992326	-75.1055	0.73162115	24934.18250823021
343	669.63403	99.27187	752.36273	503.49536	758.34296	65.030396	837.05927	602.9029	1000.0	1000.0	1371999	74.857414	25.138239	108.84685	5.074726	-74.93839	0.77898276	25009.65784239769
344	558.11487	175.09119	752.1687	279.11053	751.8507	27.337591	785.9156	686.757	1000.0	1000.0	1375999	74.93862	25.118273	108.15804	3.5103867	-75.02386	0.75856155	25085.11772608757
345	725.3237	30.172972	761.8188	689.6821	600.6698	146.94049	841.4392	281.8409	1000.0	1000.0	1379999	74.85608	25.151987	107.73592	5.053214	-74.93372	0.6982606	25160.729179143906
346	617.1753	262.96796	812.955	164.23657	658.2406	127.338425	758.83673	364.9293	1000.0	1000.0	1383999	74.79819	25.152945	107.69828	5.037802	-74.88059	0.697999	25236.40092778206
347	482.01675	165.22015	683.27594	310.03708	656.3634	171.88403	848.2279	295.57144	1000.0	1000.0	1387999	74.715576	25.130816	108.05292	5.0305796	-74.78972	0.8225198	25311.855479240417
348	560.76	205.97705	778.51434	347.2625	665.13995	205.99861	878.1562	240.1382	1000.0	1000.0	1391999	74.6014	25.146706	107.81076	5.0233674	-74.68772	0.78635216	25387.060296535492
349	538.3336	157.88289	730.82385	305.07166	707.06445	34.386158	772.8873	658.0132	1000.0	1000.0	1395999	74.68179	25.104143	109.04698	5.0142407	-74.76573	0.71987134	25462.360090255737
350	696.9089	58.90136	784.9746	624.7454	649.8049	113.76386	755.77496	335.64178	1000.0	1000.0	1399999	74.58964	25.166521	108.05682	3.7424936	-74.67047	0.7183843	25537.80722618103
351	425.4568	218.94873	703.26874	137.82649	648.20984	60.968746	745.0106	527.9337	1000.0	1000.0	1403999	74.54988	25.190718	108.62974	4.9174824	-74.62589	0.7163965	25613.426856040955
352	396.69513	301.63852	724.5733	37.11102	688.81354	45.99716	764.973	607.2674	1000.0	1000.0	1407999	74.42278	25.3207	108.37981	4.99049	-74.5048	0.74684566	25688.822466611862
353	412.23502	343.32892	799.26215	64.63421	325.6253	270.095	799.9096	16.505611	1000.0	1000.0	1411999	74.21341	25.51605	108.26527	4.97912	-74.28958	0.77701646	25764.39044904709
354	623.32574	225.42078	804.7713	237.02951	707.3612	126.166725	836.0123	363.95132	1000.0	1000.0	1415999	74.38661	25.497828	108.45751	4.972802	-74.47361	0.7699864	25839.81156039238
355	630.0442	105.769745	751.55566	473.94147	656.33466	100.11399	792.6317	492.8802	1000.0	1000.0	1419999	74.305954	25.501875	108.95096	4.9721212	-74.37835	0.82678443	25915.40219426155
356	672.6353	130.48029	802.5752	470.4289	160.98058	171.30348	618.03436	25.650387	1000.0	1000.0	1423999	74.37034	25.411829	108.50391	4.963871	-74.45004	0.76957965	25990.82758998871
357	634.53375	174.3385	820.06537	414.29462	626.7642	199.14812	784.6453	56.291115	1000.0	1000.0	1427999	74.25427	25.50631	108.23607	4.9574594	-74.32672	0.78499895	26066.63517355919
358	619.3624	185.62534	737.7765	298.7072	770.66394	33.66003	816.5705	693.1033	1000.0	1000.0	1431999	74.29767	25.452139	108.48539	4.951285	-74.377594	0.69830334	26142.25005364418
359	711.43945	50.13482	777.92444	660.08704	589.6441	202.38937	853.22565	243.42653	1000.0	1000.0	1435999	74.45377	25.484142	108.50122	3.6555023	-74.535355	0.756625	26217.910284757614
360	449.26773	187.85866	722.58356	205.22932	684.84033	42.81721	759.228	619.57666	1000.0	1000.0	1439999	74.382996	25.648664	108.8298	4.225934	-74.462685	0.7408082	26293.78265619278
361	631.7099	132.26556	739.75916	407.3994	642.1578	221.72404	826.7365	198.98979	1000.0	1000.0	1443999	74.5011	25.649967	108.90083	3.729517	-74.57825	0.7880417	26368.967960357666
362	586.0332	193.27466	739.327	254.49281	675.7716	128.14493	785.3763	304.26382	1000.0	1000.0	1447999	74.33539	25.817472	109.18202	4.91842	-74.411385	0.8232174	26444.34714603424
363	576.324	199.71448	735.7948	235.56862	775.5318	46.503506	862.5068	697.4288	1000.0	1000.0	1451999	74.38225	25.804361	109.444046	4.874789	-74.46419	0.7810436	26519.737263917923
364	706.452	27.937529	744.92487	666.0649	635.85406	131.60233	709.33167	243.90585	1000.0	1000.0	1455999	74.430405	25.747265	108.67472	4.902544	-74.51211	0.74808276	26595.158970594406
365	673.99396	103.941025	776.90674	500.45773	673.9967	124.62339	762.92365	336.25998	1000.0	1000.0	1459999	74.49705	25.810205	108.54701	4.892939	-74.57694	0.7768857	26670.937200546265
366	761.96313	16.3101	785.01794	742.95245	735.92303	106.92435	828.5202	435.65945	1000.0	1000.0	1463999	74.440956	25.931248	109.62968	4.885601	-74.5215	0.8145316	26746.242038965225
367	702.50684	93.87264	766.0306	540.3065	744.31775	47.714333	841.115	661.6928	1000.0	1000.0	1467999	74.60005	25.93604	109.457664	4.8756995	-74.683395	0.7495254	26821.95688676834
368	692.10046	60.137543	790.6358	640.35455	660.65594	139.54369	817.2183	336.0462	1000.0	1000.0	1471999	74.74068	25.895514	108.49179	4.868306	-74.82425	0.78623927	26897.842755794525
369	453.00977	240.12085	705.2917	72.08325	608.81757	183.0805	822.3248	164.04776	1000.0	1000.0	1475999	74.76378	25.891798	109.154945	4.856908	-74.83852	0.7573285	26973.349198818207
370	609.3811	142.86673	702.46063	362.99017	673.24255	188.87755	839.7886	168.73404	1000.0	1000.0	1479999	74.757576	25.800552	109.093414	4.8520293	-74.8367	0.7568613	27048.98018670082
371	640.5261	139.02802	808.40955	426.18896	765.48303	42.38716	820.28973	674.9439	1000.0	1000.0	1483999	74.852455	25.683777	109.57483	4.851225	-74.93619	0.7931462	27124.391077041626
372	657.3806	155.39734	810.67944	400.57016	725.68787	72.02415	811.43835	580.46875	1000.0	1000.0	1487999	74.96644	25.676088	109.491066	4.84622	-75.04865	0.76107055	27199.919773817062
373	520.3293	260.6072	727.12714	77.80615	707.3086	56.77377	797.2142	606.5358	1000.0	1000.0	1491999	75.04052	25.75918	109.06605	4.8412385	-75.12683	0.82430303	27275.657381534576
374	339.00677	189.36919	605.8415	73.83884	731.6583	65.61632	842.2093	608.30725	1000.0	1000.0	1495999	74.859726	25.983532	108.80508	4.8324976	-74.94436	0.7823954	27351.48112154007
375	658.9109	38.856342	705.9498	601.0448	695.8111	72.14301	777.30536	563.5509	1000.0	1000.0	1499999	74.84987	26.046051	109.568436	4.8285947	-74.929436	0.82282937	27427.21634197235
376	601.2793	182.20258	754.4307	290.1026	754.6942	123.35482	901.93695	469.66833	1000.0	1000.0	1503999	74.89296	26.039198	109.740486	4.826053	-74.97603	0.82291305	27502.860714912415
377	733.1017	43.27356	789.58215	668.79626	752.3478	40.68952	832.8824	700.13934	1000.0	1000.0	1507999	74.93869	26.073372	109.42819	4.822706	-75.02016	0.72576207	27578.48729324341
378	609.22455	92.9339	757.1326	521.1576	718.6874	23.809044	755.49164	675.9738	1000.0	1000.0	1511999	74.90696	26.121141	110.04176	4.821257	-74.986565	0.786186	27654.20724964142
379	682.9888	64.25215	736.4188	573.15393	791.0964	43.815765	853.11005	690.1066	1000.0	1000.0	1515999	74.780136	26.15329	109.63137	3.626598	-74.859566	0.7904401	27729.620274305344
380	745.4173	37.892574	806.4563	710.1736	745.81683	29.631384	787.4295	693.36676	1000.0	1000.0	1519999	74.79492	26.176651	109.717415	4.7935843	-74.87606	0.7756088	27804.773622989655
381	694.0197	47.24277	749.8714	619.02216	730.6749	53.611263	780.4651	588.3546	1000.0	1000.0	1523999	74.826	26.204256	109.86203	3.2828412	-74.90883	0.7424475	27880.010615110397
382	596.1569	170.39172	755.273	309.12274	707.7534	52.974014	811.0324	622.28357	1000.0	1000.0	1527999	74.89876	26.209278	109.69818	4.775029	-74.98002	0.7896139	27955.396775484085
383	722.76636	32.887253	750.96173	668.0111	726.07776	62.3953	800.0046	561.66815	1000.0	1000.0	1531999	74.84026	26.186968	109.62289	4.7674828	-74.92332	0.71607876	28030.834819316864
384	654.9216	81.2832	757.39575	532.83826	639.64496	160.33676	830.5337	304.659	1000.0	1000.0	1535999	74.788864	26.235996	107.73028	-0.8303089	-74.87102	0.8123545	28106.343899726868
385	526.11035	214.22607	713.7979	166.18546	753.5747	39.162285	811.00555	680.9835	1000.0	1000.0	1539999	74.9047	26.141932	109.3076	3.1021152	-74.987	0.7774505	28181.76042675972
386	541.1559	231.01772	729.5778	145.77863	525.765	137.72145	684.259	305.76187	1000.0	1000.0	1543999	74.80042	26.206451	108.34985	4.7453914	-74.88469	0.781515	28257.23073029518
387	712.3871	39.413635	767.7094	671.99194	628.42676	105.021675	774.4051	434.3473	1000.0	1000.0	1547999	74.84947	26.093994	109.278625	1.9815807	-74.92417	0.8292319	28332.838153600693
388	504.82172	105.391884	632.658	340.26575	630.57355	128.47018	748.8984	296.53714	1000.0	1000.0	1551999	74.75639	26.117762	108.56216	-3.8529177	-74.82739	0.83952624	28408.11864089966
389	557.2634	124.50582	681.5067	350.76495	645.6084	154.64256	774.9265	198.11722	1000.0	1000.0	1555999	74.62624	26.161732	115.045586	-2.2871795	-74.703835	0.8811704	28483.457130908966
390	634.67224	173.36343	821.5697	352.7502	737.1204	65.209724	838.55133	608.97363	1000.0	1000.0	1559999	74.58475	26.242887	109.69612	1.6259379	-74.667	0.80230564	28558.96853995323
391	640.55884	124.76031	726.031	425.4025	613.3637	161.58324	755.9306	218.60486	1000.0	1000.0	1563999	74.67446	26.25923	110.57742	3.5573316	-74.75616	0.7940669	28634.615463256836
392	604.2667	165.15451	777.3594	342.7686	623.4983	219.05838	820.1458	21.88445	1000.0	1000.0	1567999	74.62792	26.390081	109.59244	2.278916	-74.704926	0.8362898	28710.056180477142
393	531.2229	203.28082	667.5606	179.72992	664.9831	57.84809	793.9962	591.9745	1000.0	1000.0	1571999	74.63999	26.449154	109.65598	2.1897159	-74.71853	0.8302361	28785.282886743546
394	644.9974	94.04729	753.93335	530.0172	696.0047	75.14789	802.89575	565.95966	1000.0	1000.0	1575999	74.75542	26.395706	110.24884	2.3738832	-74.83555	0.8519422	28860.546090126038
395	617.59436	85.92672	673.2788	469.03912	709.4015	41.15711	755.9203	632.6594	1000.0	1000.0	1579999	74.71283	26.508045	110.59701	4.3898435	-74.79635	0.82614964	28936.005846977234
396	636.7282	189.76128	778.0422	315.42825	749.56744	51.87955	842.4914	629.0629	1000.0	1000.0	1583999	74.81579	26.524961	109.715645	4.0747128	-74.897705	0.7863799	29011.68236207962
397	491.62018	156.19876	657.2982	299.6256	578.002	235.64543	816.1878	136.32387	1000.0	1000.0	1587999	74.66144	26.684992	109.00569	2.8045073	-74.738625	0.8495009	29087.119252681732
398	654.4475	79.30553	729.892	534.4504	214.82182	124.366356	457.3221	48.18386	1000.0	1000.0	1591999	74.66519	26.642405	109.81589	1.6452894	-74.744156	0.83659047	29162.602259397507
399	536.94946	262.52542	745.75757	86.68329	711.3168	55.772064	796.2087	620.0177	1000.0	1000.0	1595999	74.59527	26.702242	109.580414	3.5898037	-74.67317	0.78552777	29238.177319049835
400	683.92426	70.34664	753.1008	567.4772	693.3991	51.964035	760.0307	579.3087	1000.0	1000.0	1599999	74.56404	26.668095	109.45291	0.9116535	-74.63927	0.81055015	29313.922714471817
401	657.9803	48.50957	733.55505	610.1132	610.4485	107.50916	726.6055	361.02173	1000.0	1000.0	1603999	74.56231	26.5485	109.00537	0.5065975	-74.63425	0.8612499	29389.611041784286
402	428.23645	247.33693	694.103	85.392845	136.56622	106.60649	346.6979	36.83511	1000.0	1000.0	1607999	74.519196	26.57972	108.474525	-0.36551046	-74.593414	0.82595557	29465.192266702652
403	573.2974	211.25102	738.47925	221.83792	712.3057	29.84892	747.34894	641.7024	1000.0	1000.0	1611999	74.41377	26.638481	133.5802	-1.2356272	-74.49592	0.8768743	29540.813061475754
404	667.00104	81.210785	733.24976	527.9412	727.9752	44.582993	794.5442	648.5041	1000.0	1000.0	1615999	74.52848	26.622442	108.219955	-0.63249207	-74.61011	0.7998822	29616.451273441315
405	617.2325	260.0413	808.31714	169.14282	712.5292	148.05891	818.6616	277.39316	1000.0	1000.0	1619999	74.61623	26.576372	109.9117	-4.744379	-74.69351	0.828491	29692.026399374008
406	733.5348	42.587276	794.3293	674.64166	610.7445	175.14185	781.3319	295.99155	1000.0	1000.0	1623999	74.70509	26.54288	116.82482	-3.0989294	-74.78847	0.83351624	29767.71196246147
407	576.8904	297.23682	836.6653	82.5683	429.1618	180.44212	654.2929	84.51982	1000.0	1000.0	1627999	74.94642	26.494556	124.831604	-3.2889118	-75.03064	0.84104776	29843.445447921753
408	622.8904	121.6889	741.20825	419.53293	666.5108	26.177351	701.2539	622.5746	1000.0	1000.0	1631999	74.85706	26.525776	120.50552	-2.1466975	-74.93844	0.7585793	29919.18280529976
409	730.61566	39.62178	775.1664	682.3976	770.1619	38.09358	807.57715	677.20184	1000.0	1000.0	1635999	74.84397	26.569853	108.96133	-1.8773823	-74.92368	0.76063585	29994.56885266304
410	727.16956	25.01654	768.9037	706.83093	716.2873	135.74033	836.7658	431.45828	1000.0	1000.0	1639999	74.8556	26.50303	109.388855	-5.8876405	-74.940384	0.7545852	30070.160403251648
411	541.89734	222.76576	810.2767	211.42548	762.97174	60.758034	820.0232	614.13416	1000.0	1000.0	1643999	74.95311	26.524559	109.09268	-7.5008864	-75.036125	0.8146792	30146.10063481331
412	644.27	106.025505	769.18274	512.71155	765.8548	53.97878	836.5432	669.5206	1000.0	1000.0	1647999	74.865845	26.54629	108.88487	-8.991549	-74.94795	0.80863124	30222.2363011837
413	597.5103	269.81366	823.2302	144.31131	793.87244	38.790337	851.8219	717.3723	1000.0	1000.0	1651999	74.92045	26.414375	108.48446	-5.008345	-74.99563	0.79615635	30298.243101358414
414	641.39343	37.86688	685.3476	603.3032	740.0531	22.620295	797.12775	714.66077	1000.0	1000.0	1655999	74.82717	26.513191	109.178345	-6.429843	-74.91035	0.81427556	30373.863691568375
415	753.04156	26.173319	783.8365	715.30664	752.76056	27.634577	789.0291	701.10583	1000.0	1000.0	1659999	74.86783	26.478724	109.64075	-3.8882551	-74.95039	0.81351113	30448.909405231476
416	664.8513	107.694435	743.0879	480.08658	696.2883	26.590084	742.4633	646.53107	1000.0	1000.0	1663999	74.97912	26.493986	109.98293	-3.3488173	-75.05913	0.7926783	30524.148435354233
417	761.2334	45.58092	820.2491	692.15955	692.6056	177.29462	869.3599	197.5558	1000.0	1000.0	1667999	75.006836	26.431616	108.999725	-5.498046	-75.0898	0.78269744	30599.358667850494
418	560.9096	203.39037	776.07605	270.5011	792.24	29.471369	836.076	745.46906	1000.0	1000.0	1671999	74.90529	26.542374	109.34691	-3.2916703	-74.98542	0.7335567	30674.710893154144
419	704.07434	56.74375	749.7389	607.77856	751.16223	28.185736	791.45844	687.5263	1000.0	1000.0	1675999	74.87081	26.561483	109.3878	0.88245225	-74.95291	0.77523184	30750.122667312622
420	618.37866	105.92431	768.1	480.23148	738.8939	19.758076	769.7024	707.7719	1000.0	1000.0	1679999	74.856316	26.622833	109.1653	-0.58252525	-74.93306	0.8874261	30825.44114947319
421	620.78595	180.0504	758.3256	313.2684	191.97997	158.21252	448.7106	23.97336	1000.0	1000.0	1683999	74.92008	26.496626	109.43703	1.0811226	-75.00408	0.8895674	30901.04231619835
422	588.9789	145.40022	761.64874	361.06033	715.0141	21.671669	754.78864	667.36426	1000.0	1000.0	1687999	74.84852	26.62408	109.2199	-2.5969925	-74.92461	0.83242553	30976.75859618187
423	624.4386	144.51505	745.5756	378.17838	708.57135	125.24333	805.32605	347.6852	1000.0	1000.0	1691999	74.70136	26.674026	109.17859	-7.3087606	-74.781204	0.89348036	31052.39633321762
424	605.22705	73.581345	701.1137	501.2048	736.0581	219.23651	822.6012	79.39808	1000.0	1000.0	1695999	74.689354	26.712265	109.251854	-2.0008712	-74.76811	0.854879	31126.332162857056
425	747.9007	40.012608	789.69745	699.4582	609.5328	253.7612	822.093	15.670547	1000.0	1000.0	1699999	74.68368	26.692556	109.16732	2.1326852	-74.76992	0.87472636	31198.65140771866
426	585.5269	212.43752	737.7037	221.46666	815.29364	28.540794	858.91815	760.9945	1000.0	1000.0	1703999	74.72007	26.729795	109.59385	-10.570145	-74.8015	0.8315993	31270.903177022934
427	533.2445	294.36496	745.5524	26.768366	707.8736	67.04425	795.14606	578.18524	1000.0	1000.0	1707999	74.72235	26.719358	109.14005	-5.0542407	-74.80542	0.89433914	31343.474184513092
428	582.43964	291.3975	772.87714	79.869995	215.75981	254.05518	762.24976	16.953295	1000.0	1000.0	1711999	74.73422	26.693645	108.923965	-6.863843	-74.81684	0.7320946	31416.357074975967
429	678.90894	96.45359	804.6044	535.1764	764.74615	121.23515	871.37854	438.6231	1000.0	1000.0	1715999	74.56042	26.823017	108.63172	2.6287937	-74.634796	0.7714573	31489.375789642334
430	520.8148	272.1994	807.07605	198.49739	732.50055	155.23811	871.26306	308.18176	1000.0	1000.0	1719999	74.492805	26.879677	109.63585	-0.19161081	-74.57388	0.8575559	31562.212043762207
431	773.41034	32.1672	816.5679	726.06494	618.5749	88.83403	696.8338	446.1619	1000.0	1000.0	1723999	74.53365	26.90341	109.91642	2.0372725	-74.61327	0.8851664	31635.077489376068
432	684.645	106.23633	798.6189	523.83685	736.34973	44.47446	798.95447	678.4833	1000.0	1000.0	1727999	74.40245	26.965483	109.54737	-0.81527567	-74.478905	0.8408822	31707.77284836769
433	494.18326	226.83934	828.79224	229.95874	440.30566	170.88737	697.991	203.23083	1000.0	1000.0	1731999	74.31091	26.873278	109.26532	4.3525815	-74.38598	0.8381863	31780.414380550385
434	516.23035	286.9275	815.61084	54.81242	531.98145	274.87228	821.3651	66.22835	1000.0	1000.0	1735999	74.0635	26.984371	108.89696	4.3522716	-74.141495	0.8186239	31852.896587610245
435	572.8841	179.34196	736.61224	279.4825	620.17487	223.62457	828.5219	38.529434	1000.0	1000.0	1739999	74.0827	27.039885	108.89369	4.347627	-74.15537	0.763706	31925.595266819
436	708.3275	48.585934	771.3561	641.4964	717.98645	50.883705	785.3356	617.86084	1000.0	1000.0	1743999	73.86839	26.979362	108.84278	-6.0776043	-73.93808	0.8296192	31998.370518684387
437	574.3694	149.08852	717.63184	329.46722	670.2857	91.53339	805.2989	447.93552	1000.0	1000.0	1747999	73.79137	26.87885	108.53019	-0.37773418	-73.859314	0.8504896	32071.218150138855
438	585.8323	175.71516	706.32886	283.37146	566.1912	160.86636	766.756	248.90529	1000.0	1000.0	1751999	73.68666	26.912825	107.27558	-13.038601	-73.761826	0.8422048	32143.922067403793
439	561.7144	304.97766	778.6007	35.32407	504.9003	262.0526	750.5317	91.84947	1000.0	1000.0	1755999	73.64594	26.923265	107.31338	1.8921409	-73.72367	0.8372267	32216.651503562927
440	493.88388	245.88931	730.2239	155.91122	742.7136	25.846767	797.4741	704.74506	1000.0	1000.0	1759999	73.706406	26.85626	108.44162	-1.4295902	-73.78505	0.8390637	32289.219133377075
441	535.3458	255.70248	806.4418	242.66872	778.66425	22.178009	808.2079	745.0021	1000.0	1000.0	1763999	73.71467	26.84957	109.151375	2.5550802	-73.78975	0.8106416	32361.831720113754
442	613.327	248.75003	836.478	213.89667	777.7987	72.042915	851.5524	604.5795	1000.0	1000.0	1767999	73.67738	27.041008	111.8434	2.6124916	-73.75323	0.7894271	32434.412357330322
443	760.6471	38.269917	812.0023	710.7476	528.0641	220.07988	708.7606	173.38358	1000.0	1000.0	1771999	73.65511	27.046785	113.42382	4.3285766	-73.72513	0.8779525	32507.29460835457
444	744.7561	94.69109	804.0377	580.8548	827.79504	37.185726	867.02765	728.64685	1000.0	1000.0	1775999	73.6757	27.041996	113.18044	4.1368103	-73.74437	0.9131908	32580.260857582092
445	767.6795	73.54883	850.00525	648.7631	755.7034	51.85757	824.56995	642.40204	1000.0	1000.0	1779999	73.6603	27.17343	112.92407	1.2146554	-73.73693	0.8702946	32653.34607887268
446	770.65735	45.319862	826.2091	700.46295	615.99646	219.03795	844.8255	259.70828	1000.0	1000.0	1783999	73.71078	27.28194	113.78305	0.24789476	-73.78899	0.80053943	32726.058388710022
447	571.8647	221.63327	711.38605	188.21704	641.49066	219.02278	833.4856	285.4238	1000.0	1000.0	1787999	73.79733	27.308317	113.65372	-8.80073	-73.87103	0.7998966	32798.72214150429
448	536.4112	209.33163	743.9436	279.12704	649.1833	173.63075	809.5734	253.94365	1000.0	1000.0	1791999	73.761894	27.355791	113.18686	-9.138921	-73.83758	0.8227304	32871.35570144653
449	580.71967	216.77896	735.20966	208.38956	717.6292	78.231026	799.77606	501.48923	1000.0	1000.0	1795999	73.73867	27.410711	113.51205	-10.994656	-73.81396	0.8063977	32944.02737545967
450	607.7709	240.97041	764.2855	191.27689	731.8317	122.97747	825.0512	431.57947	1000.0	1000.0	1799999	73.65531	27.459919	113.417534	-5.3428016	-73.728516	0.8273087	33016.6457657814
451	592.72876	209.57697	824.745	276.93423	600.49255	137.71321	726.491	228.82278	1000.0	1000.0	1803999	73.718	27.534176	112.73387	-2.125104	-73.795044	0.8386533	33089.448632478714
452	527.7014	239.46971	732.68396	120.68622	596.8891	252.4247	792.4151	34.994297	1000.0	1000.0	1807999	73.73907	27.395266	113.358315	-3.4339843	-73.817566	0.86231047	33162.32441782951
453	474.08957	277.68146	751.26874	32.9955	502.08368	277.59863	877.9954	36.084324	1000.0	1000.0	1811999	73.739494	27.294529	112.61098	-5.5446887	-73.81553	0.8868479	33235.39254927635
454	713.7372	129.68756	836.9827	502.37585	438.99033	246.086	801.3997	50.349968	1000.0	1000.0	1815999	73.64821	27.301413	113.53271	-8.0055065	-73.726036	0.92719245	33308.125269174576
455	600.0351	195.80775	836.77997	331.05533	457.9081	219.61787	885.4215	219.85931	1000.0	1000.0	1819999	73.63078	27.251257	112.11867	-0.88248587	-73.70314	0.8759959	33380.71433401108
456	694.95667	70.56609	757.8084	585.09424	733.109	57.704117	801.5179	612.93207	1000.0	1000.0	1823999	73.60998	27.12851	113.258415	-2.900351	-73.68897	0.86917	33453.41793894768
457	549.84283	255.51384	835.7697	276.58652	735.6976	103.04938	828.77576	470.07352	1000.0	1000.0	1827999	73.56744	27.221548	112.97986	-4.753979	-73.6423	0.9161206	33526.05034971237
458	658.8657	43.08225	722.2063	614.5926	680.5948	161.7228	822.6821	278.78543	1000.0	1000.0	1831999	73.6261	27.261724	111.988754	-14.341	-73.707146	0.8873049	33598.07779288292
459	337.15738	239.64012	734.76514	109.293175	786.62866	26.756681	825.5419	727.4314	1000.0	1000.0	1835999	73.55172	27.310278	113.07971	-4.0465913	-73.61798	0.857574	33670.59426641464
460	611.85785	247.6287	796.65076	185.6555	768.18304	152.66281	893.48303	370.05716	1000.0	1000.0	1839999	73.41852	27.37715	113.70075	0.37241077	-73.49718	0.83838576	33743.03942370415
461	784.82446	29.587208	828.84344	752.152	798.86914	24.250393	826.91974	739.81396	1000.0	1000.0	1843999	73.56415	27.397564	112.16651	-1.7208228	-73.65867	0.8410338	33815.2168610096
462	635.05774	257.2579	832.3154	195.01555	497.1286	288.61255	821.25336	98.117966	1000.0	1000.0	1847999	73.64345	27.509703	112.05927	-2.7539172	-73.72667	0.84443814	33887.431858778
463	683.95514	171.18808	808.9887	389.12918	732.48535	238.1512	859.35315	34.190178	1000.0	1000.0	1851999	73.7105	27.43342	113.758835	-3.0382605	-73.78951	0.8404447	33959.9057905674
464	757.16364	88.779175	834.6807	606.13464	769.08545	49.925964	839.8847	669.7097	1000.0	1000.0	1855999	73.73271	27.486338	113.09504	-5.5086846	-73.81523	0.78129464	34032.40855431557
465	667.4618	202.84763	836.4141	324.63257	667.1279	175.0771	847.5975	380.78735	1000.0	1000.0	1859999	73.88859	27.487478	112.891624	-8.085449	-73.972176	0.8293905	34104.498663425446
466	683.8095	153.15627	793.6562	422.16827	625.6776	146.1392	774.6172	284.39935	1000.0	1000.0	1863999	73.84332	27.638674	113.82852	-5.6786757	-73.923035	0.8416443	34176.44432067871
467	458.08734	281.0889	790.85626	146.80827	652.59033	218.91168	873.37915	198.82277	1000.0	1000.0	1867999	73.68704	27.70786	113.84906	-9.761276	-73.76027	0.8560377	34248.65305995941
468	603.18964	304.02634	828.2163	81.17059	160.58342	174.47519	665.6696	18.76061	1000.0	1000.0	1871999	73.61519	27.79707	112.8309	-5.09115	-73.69518	0.8336231	34321.00008440018
469	390.37195	277.71735	717.5179	63.0416	753.5352	103.82448	878.4296	580.1646	1000.0	1000.0	1875999	73.64786	27.892366	113.63995	0.53988194	-73.729416	0.84216344	34393.345717191696
470	790.52045	7.7257824	798.5549	782.2376	696.3954	141.11769	836.8704	406.50443	1000.0	1000.0	1879999	73.526146	27.902664	112.9921	-1.3312759	-73.60087	0.85951096	34465.62369418144
471	604.2643	242.84729	806.1093	191.58192	643.06384	185.33148	821.17377	134.20949	1000.0	1000.0	1883999	73.51328	27.936623	113.31762	-6.1430135	-73.589516	0.862886	34537.86534571648
472	606.30817	36.147804	652.7301	562.1743	481.08545	256.8804	845.7548	40.020023	1000.0	1000.0	1887999	73.470665	28.026976	113.216194	-9.931461	-73.54993	0.8522916	34609.992310762405
473	539.7434	291.23056	727.8802	36.11728	718.0838	161.3491	816.2539	251.30905	1000.0	1000.0	1891999	73.37322	28.280415	113.16019	-10.301738	-73.45283	0.8869085	34682.24272322655
474	544.1803	158.40556	794.378	371.9503	725.76105	182.0772	844.4791	353.08673	1000.0	1000.0	1895999	73.37637	28.41616	113.62665	-8.174937	-73.451675	0.8839695	34754.609214782715
475	740.46704	84.414665	832.06024	607.5648	587.77936	191.85905	828.1887	237.8808	1000.0	1000.0	1899999	73.36227	28.367636	113.96723	1.3887787	-73.43914	0.83574545	34826.97907590866
476	749.7783	46.18977	807.3776	678.42206	727.3795	158.75006	857.1119	368.99878	1000.0	1000.0	1903999	73.45899	28.424276	113.5375	-0.7477803	-73.53539	0.88347524	34899.543598890305
477	322.42487	305.0676	789.6299	31.592972	175.82803	258.81482	775.75214	20.17217	1000.0	1000.0	1907999	73.52154	28.49356	113.69365	-2.3379664	-73.60011	0.9485753	34972.033950567245
478	588.1979	323.32584	796.55225	28.707588	640.2083	184.03297	825.0536	134.43826	1000.0	1000.0	1911999	73.30071	28.61833	113.82625	-2.8168988	-73.37518	0.835483	35044.282346725464
479	613.9226	205.20651	770.539	261.01306	817.9388	60.271614	868.0535	682.2869	1000.0	1000.0	1915999	73.1624	28.844706	113.181206	-4.3648643	-73.24268	0.90999746	35116.567729473114
480	590.2645	145.71237	802.9282	391.25732	735.13245	136.7692	875.95966	352.53857	1000.0	1000.0	1919999	73.20349	28.8761	113.177956	-16.296452	-73.27839	0.9030341	35189.04608917236
481	543.1387	246.45586	775.46063	164.35582	679.8867	136.43526	826.3187	334.14304	1000.0	1000.0	1923999	73.10657	28.904894	113.70227	-10.080423	-73.17751	0.89780444	35261.37410378456
482	446.8577	138.11655	646.3335	257.4042	653.0333	190.74544	839.03253	335.35715	1000.0	1000.0	1927999	73.02286	28.972553	113.60919	-4.0230036	-73.099014	0.93402636	35333.81406092644
483	769.0637	35.602047	826.99396	730.97156	349.53046	192.48755	599.3681	81.14151	1000.0	1000.0	1931999	73.02216	29.067806	114.10094	-9.427801	-73.09579	0.9140668	35406.185400009155
484	610.1198	155.36458	798.6608	446.2459	790.7771	30.647324	834.52795	713.3362	1000.0	1000.0	1935999	73.08447	29.06222	113.73682	-3.446889	-73.164825	0.9634563	35478.699971437454
485	720.5829	74.05864	796.64453	600.4594	246.41788	119.49713	443.8792	122.23333	1000.0	1000.0	1939999	72.993286	29.20271	113.598175	-9.066716	-73.06866	0.9139048	35550.96926212311
486	388.7719	176.76752	680.9995	232.17708	648.99475	178.27068	830.6679	288.59012	1000.0	1000.0	1943999	72.97669	29.242281	113.54507	-10.422271	-73.054405	0.9374917	35623.15715312958
487	701.7987	68.37373	756.78046	584.74805	535.4519	213.99443	844.0282	227.85602	1000.0	1000.0	1947999	73.11343	29.215084	116.88756	-11.509861	-73.19324	0.9619798	35695.38329410553
488	622.8635	183.08455	776.8671	316.4883	721.91797	86.51945	840.1222	579.9754	1000.0	1000.0	1951999	73.07419	29.26016	114.20393	-4.435187	-73.15173	0.94859225	35767.72260046005
489	597.43854	102.563	731.4891	461.92276	718.46875	26.496962	763.13983	685.5921	1000.0	1000.0	1955999	72.9895	29.306322	114.381035	-5.5560546	-73.06637	0.93151903	35839.98084425926
490	519.09424	196.09224	742.9874	220.47795	675.3231	106.66263	766.7569	431.70398	1000.0	1000.0	1959999	72.981544	29.231367	113.41692	-4.66285	-73.05459	0.92912453	35912.446447849274
491	640.0143	94.10818	719.6808	481.7483	827.2546	38.77751	882.8603	771.733	1000.0	1000.0	1963999	72.79826	29.234636	116.275116	-5.309578	-72.874016	0.89877045	35984.980849027634
492	592.507	223.4592	824.8806	233.03519	444.68213	159.48094	688.1497	140.48923	1000.0	1000.0	1967999	73.1015	29.083332	113.95278	-8.201247	-73.185265	0.91687036	36057.44558262825
493	484.49707	177.34596	737.14307	240.78041	704.8849	147.43315	834.78613	283.35355	1000.0	1000.0	1971999	73.028404	29.242935	113.91272	-15.050001	-73.10235	0.92122144	36129.78255844116
494	505.622	207.05946	798.80316	261.91742	740.1373	52.25348	813.75543	636.18207	1000.0	1000.0	1975999	72.67185	29.339186	114.741425	-5.861277	-72.74	0.96483874	36202.167002916336
495	635.5348	130.00111	768.33105	421.55136	629.2955	195.3677	864.7846	251.86165	1000.0	1000.0	1979999	72.47611	29.474237	114.49309	-2.9661422	-72.545	0.99152076	36274.56978201866
496	641.3843	245.75232	817.82153	220.49968	780.2276	30.701412	833.58167	731.0226	1000.0	1000.0	1983999	72.33194	29.48005	114.645035	-5.6898446	-72.40178	0.9716255	36347.11649632454
497	718.7771	84.428276	819.2503	595.73315	654.61487	157.14037	829.11884	327.56363	1000.0	1000.0	1987999	72.361496	29.52097	113.851494	-3.2762585	-72.438774	0.9524454	36419.27074384689
498	517.0095	230.77202	783.6734	230.5698	610.9662	154.5264	773.7523	305.80023	1000.0	1000.0	1991999	72.30737	29.632063	113.20851	-7.4520035	-72.38375	0.9325807	36491.639878988266
499	495.5996	205.6636	711.1421	268.4516	719.4104	131.33235	803.5351	343.98535	1000.0	1000.0	1995999	72.30245	29.647417	113.49478	-8.281956	-72.37854	0.9096935	36563.983055353165
500	661.7811	95.94776	782.6823	516.2866	609.14594	170.21048	807.79297	311.49478	1000.0	1000.0	1999999	72.33402	29.712475	115.17832	-6.838419	-72.41408	0.9180405	36636.35962867737
